BN	TN	seqType	Horizon	PrepTime	startTime	startTimeReal	startTRReal	startTRtime	press0	press1	press2	press3	press4	cueP	complete	iti	MT	RT	isError	response0	response1	response2	response3	response4	pressTime0	pressTime1	pressTime2	pressTime3	pressTime4	timeThreshold	timeThresholdSuper	points	Gain1	Gain2	Gain3	Gain4	Gain5	
1	1	1	5	1000	8020.000	8020.981	9	20.981	3	5	1	2	4	35124	0	1000	1412.000	1118.000	0	3	5	1	2	4	2122.000	2478.000	2750.000	3070.000	3306.000	6000.000	5000.000	1	1.000	1.000	1.000	1.000	1.000	-842150451	
1	2	1	5	1000	13020.000	13021.020	14	21.020	3	5	1	2	4	35124	0	1000	1172.000	328.000	0	3	5	1	2	4	1332.000	1556.000	1808.000	2068.000	2300.000	6000.000	5000.000	1	1.000	1.000	1.000	1.000	1.000	-842150451	
1	3	1	5	1000	18020.000	18020.951	19	20.951	1	4	5	2	3	14523	0	1000	1164.000	308.000	0	1	4	5	2	3	1312.000	1546.000	1800.000	2064.000	2320.000	6000.000	5000.000	1	1.000	1.000	1.000	1.000	1.000	-842150451	
1	4	0	5	1000	23020.000	23020.967	24	20.967	1	4	5	2	3	14523	0	1000	1206.000	302.000	0	1	4	5	2	3	1306.000	1570.000	1820.000	2090.000	2346.000	6000.000	5000.000	1	1.000	1.000	1.000	1.000	1.000	-842150451	
1	5	0	5	1000	28020.000	28020.981	29	20.981	3	5	1	2	4	35124	0	1000	1188.000	404.000	0	3	5	1	2	4	1408.000	1676.000	1926.000	2174.000	2414.000	6000.000	5000.000	1	1.000	1.000	1.000	1.000	1.000	-842150451	
1	6	0	5	1000	33020.000	33020.972	34	20.972	1	3	2	5	4	13254	0	1000	1142.000	394.000	0	1	3	2	5	4	1398.000	1660.000	1930.000	2146.000	2382.000	6000.000	5000.000	1	1.000	1.000	1.000	1.000	1.000	-842150451	
1	7	1	5	1000	38020.000	38020.984	39	20.984	3	5	1	2	4	35124	0	1000	1070.000	298.000	0	3	5	1	2	4	1302.000	1530.000	1744.000	1984.000	2192.000	6000.000	5000.000	1	1.000	1.000	1.000	1.000	1.000	-842150451	
1	8	0	5	1000	43020.000	43020.969	44	20.969	1	4	5	2	3	14523	0	1000	1170.000	254.000	0	1	4	5	2	3	1258.000	1506.000	1744.000	2004.000	2258.000	6000.000	5000.000	1	1.000	1.000	1.000	1.000	1.000	-842150451	
1	9	0	5	1000	48020.000	48021.004	49	21.004	3	2	4	5	1	32451	0	1000	1090.000	286.000	0	3	2	4	5	1	1290.000	1546.000	1788.000	2024.000	2262.000	6000.000	5000.000	1	1.000	1.000	1.000	1.000	1.000	-842150451	
1	10	1	5	1000	53020.000	53021.006	54	21.006	1	3	2	5	4	13254	0	1000	1076.000	340.000	0	1	3	2	5	4	1344.000	1554.000	1808.000	2044.000	2276.000	6000.000	5000.000	1	1.000	1.000	1.000	1.000	1.000	-842150451	
1	11	1	5	1000	58020.000	58020.957	59	20.957	3	5	1	2	4	35124	0	1000	1076.000	418.000	0	3	5	1	2	4	1422.000	1652.000	1868.000	2094.000	2312.000	6000.000	5000.000	1	1.000	1.000	1.000	1.000	1.000	-842150451	
1	12	1	5	1000	63020.000	63020.972	64	20.972	1	3	2	5	4	13254	0	1000	1118.000	286.000	0	1	3	2	5	4	1290.000	1520.000	1786.000	2016.000	2254.000	6000.000	5000.000	1	1.000	1.000	1.000	1.000	1.000	-842150451	
1	13	0	5	1000	68020.000	68020.970	69	20.970	1	3	2	5	4	13254	0	1000	1138.000	302.000	0	1	3	2	5	4	1306.000	1520.000	1764.000	1994.000	2288.000	6000.000	5000.000	1	1.000	1.000	1.000	1.000	1.000	-842150451	
1	14	0	5	1000	73020.000	73020.968	74	20.968	1	4	5	2	3	14523	0	1000	1080.000	294.000	0	1	4	5	2	3	1298.000	1522.000	1770.000	1992.000	2242.000	6000.000	5000.000	1	1.000	1.000	1.000	1.000	1.000	-842150451	
1	15	1	5	1000	78020.000	78020.968	79	20.968	3	5	1	2	4	35124	0	1000	1094.000	296.000	0	3	5	1	2	4	1300.000	1510.000	1718.000	1946.000	2186.000	6000.000	5000.000	1	1.000	1.000	1.000	1.000	1.000	-842150451	
1	16	1	5	1000	83020.000	83020.977	84	20.977	3	2	4	5	1	32451	0	1000	986.000	310.000	0	3	2	4	5	1	1314.000	1528.000	1750.000	1966.000	2186.000	6000.000	5000.000	1	1.000	1.000	1.000	1.000	1.000	-842150451	
1	17	0	5	1000	88020.000	88020.992	89	20.992	1	3	2	5	4	13254	0	16000	1034.000	272.000	0	1	3	2	5	4	1276.000	1488.000	1724.000	1934.000	2168.000	6000.000	5000.000	1	1.000	1.000	1.000	1.000	1.000	-842150451	
1	18	0	5	1000	108020.000	108020.972	109	20.972	1	3	2	5	4	13254	0	1000	990.000	384.000	0	1	3	2	5	4	1388.000	1594.000	1828.000	2034.000	2240.000	6000.000	5000.000	1	1.000	1.000	1.000	1.000	1.000	-842150451	
1	19	1	5	1000	113020.000	113020.956	114	20.956	1	3	2	5	4	13254	0	1000	1050.000	336.000	0	1	3	2	5	4	1340.000	1544.000	1780.000	2018.000	2238.000	6000.000	5000.000	1	1.000	1.000	1.000	1.000	1.000	-842150451	
1	20	0	5	1000	118020.000	118020.969	119	20.969	3	5	1	2	4	35124	0	1000	1398.000	362.000	0	3	5	1	2	4	1366.000	1970.000	2200.000	2390.000	2586.000	6000.000	5000.000	1	1.000	1.000	1.000	1.000	1.000	-842150451	
1	21	1	5	1000	123020.000	123020.960	124	20.960	3	5	1	2	4	35124	0	1000	1038.000	274.000	0	3	5	1	2	4	1278.000	1494.000	1700.000	1922.000	2138.000	6000.000	5000.000	1	1.000	1.000	1.000	1.000	1.000	-842150451	
1	22	0	5	1000	128020.000	128020.953	129	20.953	1	3	2	5	4	13254	0	1000	1038.000	266.000	0	1	3	2	5	4	1270.000	1488.000	1734.000	1948.000	2156.000	6000.000	5000.000	1	1.000	1.000	1.000	1.000	1.000	-842150451	
1	23	0	5	1000	133020.000	133020.973	134	20.973	1	3	2	5	4	13254	0	1000	1212.000	338.000	0	1	3	2	5	4	1342.000	1600.000	1860.000	2206.000	2398.000	6000.000	5000.000	1	1.000	1.000	1.000	1.000	1.000	-842150451	
1	24	0	5	1000	138020.000	138020.959	139	20.959	3	5	1	2	4	35124	0	1000	960.000	308.000	0	3	5	1	2	4	1312.000	1518.000	1724.000	1922.000	2116.000	6000.000	5000.000	1	1.000	1.000	1.000	1.000	1.000	-842150451	
1	25	0	5	1000	143020.000	143020.964	144	20.964	1	4	5	2	3	14523	0	1000	1002.000	294.000	0	1	4	5	2	3	1298.000	1520.000	1734.000	1956.000	2174.000	6000.000	5000.000	1	1.000	1.000	1.000	1.000	1.000	-842150451	
1	26	1	5	1000	148020.000	148020.957	149	20.957	3	2	4	5	1	32451	0	1000	964.000	264.000	0	3	2	4	5	1	1268.000	1486.000	1706.000	1914.000	2132.000	6000.000	5000.000	1	1.000	1.000	1.000	1.000	1.000	-842150451	
1	27	0	5	1000	153020.000	153020.960	154	20.960	3	2	4	5	1	32451	0	1000	968.000	202.000	0	3	2	4	5	1	1206.000	1434.000	1664.000	1866.000	2064.000	6000.000	5000.000	1	1.000	1.000	1.000	1.000	1.000	-842150451	
1	28	1	5	1000	158020.000	158020.963	159	20.963	1	4	5	2	3	14523	0	1000	1024.000	348.000	0	1	4	5	2	3	1352.000	1542.000	1780.000	2006.000	2242.000	6000.000	5000.000	1	1.000	1.000	1.000	1.000	1.000	-842150451	
1	29	0	5	1000	163020.000	163020.960	164	20.960	3	2	4	5	1	32451	0	1000	928.000	830.000	0	3	2	4	5	1	1834.000	2050.000	2240.000	2454.000	2642.000	6000.000	5000.000	1	1.000	1.000	1.000	1.000	1.000	-842150451	
1	30	0	5	1000	168020.000	168020.971	169	20.971	1	4	5	2	3	14523	0	1000	964.000	380.000	0	1	4	5	2	3	1384.000	1588.000	1796.000	2018.000	2222.000	6000.000	5000.000	1	1.000	1.000	1.000	1.000	1.000	-842150451	
1	31	1	5	1000	173020.000	173020.951	174	20.951	1	3	2	5	4	13254	0	1000	1044.000	258.000	0	1	3	2	5	4	1262.000	1482.000	1730.000	1936.000	2170.000	6000.000	5000.000	1	1.000	1.000	1.000	1.000	1.000	-842150451	
1	32	1	5	1000	178020.000	178021.053	179	21.053	3	2	4	5	1	32451	0	1000	1016.000	334.000	0	3	2	4	5	1	1338.000	1568.000	1798.000	2020.000	2232.000	6000.000	5000.000	1	1.000	1.000	1.000	1.000	1.000	-842150451	
1	33	1	5	1000	183020.000	183020.982	184	20.982	1	3	2	5	4	13254	0	1000	978.000	238.000	0	1	3	2	5	4	1242.000	1450.000	1670.000	1876.000	2084.000	6000.000	5000.000	1	1.000	1.000	1.000	1.000	1.000	-842150451	
1	34	0	5	1000	188020.000	188020.997	189	20.997	3	2	4	5	1	32451	0	16000	1006.000	324.000	0	3	2	4	5	1	1328.000	1554.000	1758.000	1972.000	2206.000	6000.000	5000.000	1	1.000	1.000	1.000	1.000	1.000	-842150451	
