BN	TN	seqType	Horizon	PrepTime	startTime	startTimeReal	startTRReal	startTRtime	press0	press1	press2	press3	press4	cueP	complete	iti	MT	RT	isError	response0	response1	response2	response3	response4	pressTime0	pressTime1	pressTime2	pressTime3	pressTime4	timeThreshold	timeThresholdSuper	points	Gain1	Gain2	Gain3	Gain4	Gain5
1	1	0	5	1000	8020	8020.014	9	14.014	3	5	1	2	4	35124	0	1000	1636	460	0	3	5	1	2	4	1464	1832	2210	2566	2920	6000	5000	1	1	1	1	1	1
1	2	1	5	1000	13020	13020.025	14	14.027	3	2	4	5	1	32451	0	1000	1462	550	0	3	2	4	5	1	1554	1890	2228	2546	2848	6000	5000	1	1	1	1	1	1
1	3	0	5	1000	18020	18020.019	19	11.994	3	2	4	5	1	32451	0	1000	1444	558	0	3	2	4	5	1	1562	1870	2164	2438	2734	6000	5000	1	1	1	1	1	1
1	4	1	5	1000	23020	23021.988	24	11.986	1	3	2	5	4	13254	0	1000	1412	578	0	1	3	2	5	4	1582	1888	2206	2492	2800	6000	5000	1	1	1	1	1	1
1	5	1	5	1000	28020	28020.027	29	8.003	3	2	4	5	1	32451	0	1000	1406	626	0	3	2	4	5	1	1630	1916	2222	2520	2818	6000	5000	1	1	1	1	1	1
1	6	1	5	1000	33020	33020.003	34	6.015	1	3	2	5	4	13254	0	1000	1430	504	0	1	3	2	5	4	1508	1808	2122	2424	2744	6000	5000	1	1	1	1	1	1
1	7	1	5	1000	38020	38020.025	39	4.025	1	3	2	5	4	13254	0	1000	1514	626	0	1	3	2	5	4	1630	1946	2280	2594	2912	6000	5000	1	1	1	1	1	1
1	8	1	5	1000	43020	43020.012	44	1.999	1	4	5	2	3	14523	0	1000	1458	572	0	1	4	5	2	3	1576	1884	2190	2496	2844	6000	5000	1	1	1	1	1	1
1	9	1	5	1000	48020	48022.039	49	4.037	1	3	2	5	4	13254	0	1000	1408	426	0	1	3	2	5	4	1430	1726	2044	2342	2626	6000	5000	1	1	1	1	1	1
1	10	0	5	1000	53020	53020.01	54	0	1	3	2	5	4	13254	0	1000	1386	500	0	1	3	2	5	4	1504	1798	2120	2400	2688	6000	5000	1	1	1	1	1	1
1	11	0	5	1000	58020	58020	58	998.008	3	2	4	5	1	32451	0	1000	1462	628	0	3	2	4	5	1	1632	1950	2252	2542	2864	6000	5000	1	1	1	1	1	1
1	12	0	5	1000	63020	63020.014	63	996.007	3	2	4	5	1	32451	0	1000	1450	542	0	3	2	4	5	1	1546	1856	2152	2464	2786	6000	5000	1	1	1	1	1	1
1	13	0	5	1000	68020	68020.016	68	994.002	1	3	2	5	4	13254	0	1000	1480	488	0	1	3	2	5	4	1492	1802	2142	2448	2752	6000	5000	1	1	1	1	1	1
1	14	1	5	1000	73020	73020.01	73	991.993	1	4	5	2	3	14523	0	1000	1482	564	0	1	4	5	2	3	1568	1870	2184	2488	2826	6000	5000	1	1	1	1	1	1
1	15	1	5	1000	78020	78020.024	78	992	3	5	1	2	4	35124	0	1000	1480	548	0	3	5	1	2	4	1552	1864	2194	2520	2836	6000	5000	1	1	1	1	1	1
1	16	0	5	1000	83020	83022	83	992.001	1	3	2	5	4	13254	0	1000	1362	496	0	1	3	2	5	4	1500	1786	2094	2368	2652	6000	5000	1	1	1	1	1	1
1	17	0	5	1000	88020	88020.012	88	987.999	1	4	5	2	3	14523	0	16000	1504	490	0	1	4	5	2	3	1494	1790	2106	2406	2742	6000	5000	1	1	1	1	1	1
1	18	0	5	1000	108020	108021.978	108	981.988	1	4	5	2	3	14523	0	1000	1800	462	0	1	4	5	2	3	1466	1762	2306	2704	3032	6000	5000	1	1	1	1	1	1
1	19	0	5	1000	113020	113020.003	113	980.015	3	2	4	5	1	32451	0	1000	1356	442	0	3	2	4	5	1	1446	1736	2020	2292	2594	6000	5000	1	1	1	1	1	1
1	20	1	5	1000	118020	118021.971	118	979.98	1	4	5	2	3	14523	0	1000	1262	426	0	1	4	5	2	3	1430	1680	1956	2228	2506	6000	5000	1	1	1	1	1	1
1	21	0	5	1000	123020	123021.998	123	978.008	1	4	5	2	3	14523	0	1000	1272	482	0	1	4	5	2	3	1486	1744	2014	2282	2568	6000	5000	1	1	1	1	1	1
1	22	0	5	1000	128020	128020.013	128	974.014	1	4	5	2	3	14523	0	1000	1236	460	0	1	4	5	2	3	1464	1714	1980	2240	2510	6000	5000	1	1	1	1	1	1
1	23	0	5	1000	133020	133020.002	133	972.015	1	3	2	5	4	13254	0	1000	1264	468	0	1	3	2	5	4	1472	1726	2000	2254	2540	6000	5000	1	1	1	1	1	1
1	24	0	5	1000	138020	138022	138	972.012	3	5	1	2	4	35124	0	1000	988	470	1	3	5	5	1	2	1474	1730	1984	2020	2288	6000	5000	0	1	1	1	1	1
1	25	0	5	1000	143020	143021.978	143	969.987	3	5	1	2	4	35124	0	1000	1346	400	0	3	5	1	2	4	1404	1692	2000	2270	2564	6000	5000	1	1	1	1	1	1
1	26	1	5	1000	148020	148020.008	148	968.009	1	3	2	5	4	13254	0	1000	1280	456	0	1	3	2	5	4	1460	1726	2000	2268	2544	6000	5000	1	1	1	1	1	1
1	27	0	5	1000	153020	153020.002	153	966.014	1	4	5	2	3	14523	0	1000	1348	416	0	1	4	5	2	3	1420	1700	2002	2274	2562	6000	5000	1	1	1	1	1	1
1	28	1	5	1000	158020	158022.002	158	966.001	1	4	5	2	3	14523	0	1000	1306	480	0	1	4	5	2	3	1484	1756	2026	2306	2602	6000	5000	1	1	1	1	1	1
1	29	1	5	1000	163020	163020.001	163	962.004	1	4	5	2	3	14523	0	1000	1238	444	0	1	4	5	2	3	1448	1714	1980	2240	2526	6000	5000	1	1	1	1	1	1
1	30	0	5	1000	168020	168020.021	168	960.043	1	3	2	5	4	13254	0	1000	1306	408	0	1	3	2	5	4	1412	1662	1944	2240	2542	6000	5000	1	1	1	1	1	1
1	31	1	5	1000	173020	173021.987	173	959.977	3	2	4	5	1	32451	0	1000	1316	434	0	3	2	4	5	1	1438	1720	2006	2280	2576	6000	5000	1	1	1	1	1	1
1	32	1	5	1000	178020	178020.001	178	957.979	1	4	5	2	3	14523	0	1000	1296	474	0	1	4	5	2	3	1478	1738	2018	2302	2596	6000	5000	1	1	1	1	1	1
1	33	1	5	1000	183020	183022	183	958.012	3	2	4	5	1	32451	0	1000	1352	436	0	3	2	4	5	1	1440	1718	1990	2266	2582	6000	5000	1	1	1	1	1	1
1	34	0	5	1000	188020	188021.987	188	955.987	3	5	1	2	4	35124	0	16000	1370	470	0	3	5	1	2	4	1474	1754	2052	2328	2654	6000	5000	1	1	1	1	1	1
1	35	0	5	1000	208020	208022.001	208	948.025	3	5	1	2	4	35124	0	1000	1406	444	0	3	5	1	2	4	1448	1738	2040	2334	2662	6000	5000	1	1	1	1	1	1
1	36	0	5	1000	213020	213020.003	213	944.016	1	4	5	2	3	14523	0	1000	1416	468	0	1	4	5	2	3	1472	1754	2072	2364	2692	6000	5000	1	1	1	1	1	1
1	37	1	5	1000	218020	218020.023	218	944.023	3	5	1	2	4	35124	0	1000	1074	542	1	3	5	5	1	2	1546	1844	2102	2144	2420	6000	5000	0	1	1	1	1	1
1	38	0	5	1000	223020	223022.024	223	943.995	3	2	4	5	1	32451	0	1000	1162	494	1	3	2	4	5	5	1498	1790	2098	2400	2650	6000	5000	0	1	1	1	1	1
1	39	1	5	1000	228020	228020	228	939.987	3	2	4	5	1	32451	0	1000	1738	508	0	3	2	4	5	1	1512	1876	2252	2634	3044	6000	5000	1	1	1	1	1	1
1	40	0	5	1000	233020	233022.122	233	940.112	1	3	2	5	4	13254	0	1000	1830	416	0	1	3	2	5	4	1420	1776	2186	2642	3020	6000	5000	1	1	1	1	1	1
1	41	0	5	1000	238020	238020.014	238	936	1	3	2	5	4	13254	0	1000	1634	540	0	1	3	2	5	4	1544	1876	2260	2604	2960	6000	5000	1	1	1	1	1	1
1	42	1	5	1000	243020	243020.01	243	934.011	1	3	2	5	4	13254	0	1000	1656	498	0	1	3	2	5	4	1502	1872	2244	2596	2954	6000	5000	1	1	1	1	1	1
1	43	1	5	1000	248020	248020.02	248	932.021	3	5	1	2	4	35124	0	1000	1616	480	0	3	5	1	2	4	1484	1844	2220	2576	2910	6000	5000	1	1	1	1	1	1
1	44	1	5	1000	253020	253021.98	253	933.948	1	3	2	5	4	13254	0	1000	1470	436	0	1	3	2	5	4	1440	1726	2080	2402	2728	6000	5000	1	1	1	1	1	1
1	45	0	5	1000	258020	258021.983	258	932.001	3	2	4	5	1	32451	0	1000	1596	428	0	3	2	4	5	1	1432	1762	2108	2438	2818	6000	5000	1	1	1	1	1	1
1	46	0	5	1000	263020	263021.975	263	929.989	3	5	1	2	4	35124	0	1000	1624	510	0	3	5	1	2	4	1514	1872	2242	2586	2942	6000	5000	1	1	1	1	1	1
1	47	1	5	1000	268020	268021.986	268	928.005	1	4	5	2	3	14523	0	1000	1518	494	0	1	4	5	2	3	1498	1804	2144	2488	2828	6000	5000	1	1	1	1	1	1
1	48	0	5	1000	273020	273021.983	273	925.996	3	2	4	5	1	32451	0	1000	1592	470	0	3	2	4	5	1	1474	1808	2118	2480	2856	6000	5000	1	1	1	1	1	1
1	49	1	5	1000	278020	278021.99	278	924.001	3	5	1	2	4	35124	0	1000	1572	482	0	3	5	1	2	4	1486	1836	2196	2530	2864	6000	5000	1	1	1	1	1	1
1	50	0	5	1000	283020	283021.99	283	922.015	1	4	5	2	3	14523	0	1000	1608	472	0	1	4	5	2	3	1476	1808	2180	2558	2916	6000	5000	1	1	1	1	1	1
1	51	1	5	1000	288020	288021.978	288	919.983	3	2	4	5	1	32451	0	16000	1600	540	0	3	2	4	5	1	1544	1894	2220	2580	2966	6000	5000	1	1	1	1	1	1
1	52	1	5	1000	308020	308021.978	308	913.993	3	2	4	5	1	32451	0	1000	1608	474	0	3	2	4	5	1	1478	1846	2198	2548	2906	6000	5000	1	1	1	1	1	1
1	53	1	5	1000	313020	313020.006	313	909.998	3	2	4	5	1	32451	0	1000	1562	414	0	3	2	4	5	1	1418	1740	2070	2394	2772	6000	5000	1	1	1	1	1	1
1	54	1	5	1000	318020	318021.994	318	912.021	3	5	1	2	4	35124	0	1000	1526	404	0	3	5	1	2	4	1408	1708	2072	2420	2764	6000	5000	1	1	1	1	1	1
1	55	0	5	1000	323020	323020.001	323	906.025	3	5	1	2	4	35124	0	1000	1594	384	0	3	5	1	2	4	1388	1712	2102	2454	2800	6000	5000	1	1	1	1	1	1
1	56	0	5	1000	328020	328021.981	328	908.003	3	2	4	5	1	32451	0	1000	1640	438	0	3	2	4	5	1	1442	1786	2128	2468	2866	6000	5000	1	1	1	1	1	1
1	57	0	5	1000	333020	333021.971	333	905.973	1	4	5	2	3	14523	0	1000	2294	608	1	2	4	5	2	3	1612	2568	2956	3350	3728	6000	5000	0	1	1	1	1	1
1	58	0	5	1000	338020	338021.987	338	903.998	3	5	1	2	4	35124	0	1000	1716	482	0	3	5	1	2	4	1486	1836	2226	2610	2990	6000	5000	1	1	1	1	1	1
1	59	1	5	1000	343020	343021.993	343	902	3	5	1	2	4	35124	0	1000	1592	420	0	3	5	1	2	4	1424	1762	2144	2510	2848	6000	5000	1	1	1	1	1	1
1	60	1	5	1000	348020	348021.978	348	900.005	1	4	5	2	3	14523	0	1000	1606	726	0	1	4	5	2	3	1730	2052	2406	2774	3160	6000	5000	1	1	1	1	1	1
1	61	0	5	1000	353020	353021.971	353	898.001	3	5	1	2	4	35124	0	1000	1684	424	0	3	5	1	2	4	1428	1760	2152	2554	2928	6000	5000	1	1	1	1	1	1
1	62	0	5	1000	358020	358020.002	358	894.027	1	3	2	5	4	13254	0	1000	1616	506	0	1	3	2	5	4	1510	1856	2246	2588	2946	6000	5000	1	1	1	1	1	1
1	63	1	5	1000	363020	363021.996	363	896.027	3	5	1	2	4	35124	0	1000	1612	470	0	3	5	1	2	4	1474	1820	2194	2564	2902	6000	5000	1	1	1	1	1	1
1	64	1	5	1000	368020	368021.97	368	893.97	3	5	1	2	4	35124	0	1000	1622	528	0	3	5	1	2	4	1532	1896	2274	2642	3006	6000	5000	1	1	1	1	1	1
1	65	1	5	1000	373020	373021.977	373	891.986	3	2	4	5	1	32451	0	1000	1642	480	0	3	2	4	5	1	1484	1840	2184	2556	2932	6000	5000	1	1	1	1	1	1
1	66	0	5	1000	378020	378021.992	378	890.015	1	4	5	2	3	14523	0	1000	1722	690	0	1	4	5	2	3	1694	2060	2476	2842	3248	6000	5000	1	1	1	1	1	1
1	67	1	5	1000	383020	383021.969	383	887.983	1	3	2	5	4	13254	0	1000	1532	476	0	1	3	2	5	4	1480	1804	2162	2498	2850	6000	5000	1	1	1	1	1	1
1	68	0	5	1000	388020	388021.983	388	885.99	3	5	1	2	4	35124	0	16000	1632	420	0	3	5	1	2	4	1424	1768	2144	2520	2870	6000	5000	1	1	1	1	1	1
2	1	0	5	1000	8020	8020.096	9	16.084	1	4	5	2	3	14523	0	1000	1732	492	0	1	4	5	2	3	1496	1902	2266	2636	3030	6000	5000	1	1	1	1	1	1
2	2	0	5	1000	13020	13020.012	14	14.015	1	4	5	2	3	14523	0	1000	1758	400	0	1	4	5	2	3	1404	1766	2160	2546	2944	6000	5000	1	1	1	1	1	1
2	3	1	5	1000	18020	18020.002	19	11.99	1	4	5	2	3	14523	0	1000	1594	480	0	1	4	5	2	3	1484	1804	2154	2492	2884	6000	5000	1	1	1	1	1	1
2	4	1	5	1000	23020	23020.01	24	10.014	1	4	5	2	3	14523	0	1000	1534	440	0	1	4	5	2	3	1444	1756	2114	2448	2798	6000	5000	1	1	1	1	1	1
2	5	0	5	1000	28020	28020.012	29	10	3	5	1	2	4	35124	0	1000	1658	332	0	3	5	1	2	4	1336	1670	2048	2418	2792	6000	5000	1	1	1	1	1	1
2	6	0	5	1000	33020	33022.01	34	10.002	1	4	5	2	3	14523	0	1000	1538	354	0	1	4	5	2	3	1358	1686	2028	2368	2712	6000	5000	1	1	1	1	1	1
2	7	0	5	1000	38020	38020.009	39	6.011	3	2	4	5	1	32451	0	1000	1690	442	0	3	2	4	5	1	1446	1816	2154	2524	2906	6000	5000	1	1	1	1	1	1
2	8	1	5	1000	43020	43020.099	44	4.078	1	4	5	2	3	14523	0	1000	1574	448	0	1	4	5	2	3	1452	1766	2140	2484	2868	6000	5000	1	1	1	1	1	1
2	9	1	5	1000	48020	48020.023	49	1.997	3	2	4	5	1	32451	0	1000	1700	346	0	3	2	4	5	1	1350	1716	2060	2436	2842	6000	5000	1	1	1	1	1	1
2	10	0	5	1000	53020	53020.063	54	0	3	5	1	2	4	35124	0	1000	1702	362	0	3	5	1	2	4	1366	1698	2114	2492	2866	6000	5000	1	1	1	1	1	1
2	11	0	5	1000	58020	58020.037	58	1000.026	3	5	1	2	4	35124	0	1000	1654	376	0	3	5	1	2	4	1380	1740	2124	2504	2864	6000	5000	1	1	1	1	1	1
2	12	0	5	1000	63020	63020.011	63	997.998	1	3	2	5	4	13254	0	1000	1682	516	0	1	3	2	5	4	1520	1880	2258	2632	3012	6000	5000	1	1	1	1	1	1
2	13	1	5	1000	68020	68021.981	68	997.958	1	3	2	5	4	13254	0	1000	1658	498	0	1	3	2	5	4	1502	1852	2236	2604	2982	6000	5000	1	1	1	1	1	1
2	14	1	5	1000	73020	73020.023	73	994.037	1	4	5	2	3	14523	0	1000	1610	486	0	1	4	5	2	3	1490	1838	2208	2566	2936	6000	5000	1	1	1	1	1	1
2	15	1	5	1000	78020	78020.02	78	992.011	1	3	2	5	4	13254	0	1000	1608	448	0	1	3	2	5	4	1452	1786	2156	2516	2882	6000	5000	1	1	1	1	1	1
2	16	1	5	1000	83020	83020.025	83	990.014	3	2	4	5	1	32451	0	1000	1734	436	0	3	2	4	5	1	1440	1822	2186	2560	2978	6000	5000	1	1	1	1	1	1
2	17	1	5	1000	88020	88020.13	88	988.121	1	4	5	2	3	14523	0	16000	1596	430	0	1	4	5	2	3	1434	1756	2124	2484	2868	6000	5000	1	1	1	1	1	1
2	18	1	5	1000	108020	108020.024	108	982.004	1	4	5	2	3	14523	0	1000	1678	502	0	1	4	5	2	3	1506	1856	2252	2640	3036	6000	5000	1	1	1	1	1	1
2	19	0	5	1000	113020	113020.01	113	980.012	1	3	2	5	4	13254	0	1000	1614	422	0	1	3	2	5	4	1426	1762	2140	2482	2856	6000	5000	1	1	1	1	1	1
2	20	0	5	1000	118020	118020.022	118	978.021	3	2	4	5	1	32451	0	1000	1726	478	0	3	2	4	5	1	1482	1846	2214	2598	2998	6000	5000	1	1	1	1	1	1
2	21	0	5	1000	123020	123020.01	123	975.985	1	4	5	2	3	14523	0	1000	1632	418	0	1	4	5	2	3	1422	1778	2148	2516	2894	6000	5000	1	1	1	1	1	1
2	22	1	5	1000	128020	128020.016	128	976.006	3	2	4	5	1	32451	0	1000	1636	468	0	3	2	4	5	1	1472	1816	2160	2508	2894	6000	5000	1	1	1	1	1	1
2	23	1	5	1000	133020	133021.999	133	975.989	3	2	4	5	1	32451	0	1000	1654	460	0	3	2	4	5	1	1464	1818	2168	2514	2920	6000	5000	1	1	1	1	1	1
2	24	0	5	1000	138020	138022.025	138	974.014	3	2	4	5	1	32451	0	1000	1662	462	0	3	2	4	5	1	1466	1820	2182	2540	2944	6000	5000	1	1	1	1	1	1
2	25	1	5	1000	143020	143020.022	143	969.996	3	5	1	2	4	35124	0	1000	1592	464	0	3	5	1	2	4	1468	1788	2172	2524	2882	6000	5000	1	1	1	1	1	1
2	26	0	5	1000	148020	148020.011	148	967.978	1	3	2	5	4	13254	0	1000	1638	500	0	1	3	2	5	4	1504	1858	2234	2580	2956	6000	5000	1	1	1	1	1	1
2	27	1	5	1000	153020	153020.117	153	966.108	3	2	4	5	1	32451	0	1000	1620	498	0	3	2	4	5	1	1502	1846	2192	2538	2918	6000	5000	1	1	1	1	1	1
2	28	1	5	1000	158020	158021.98	158	965.954	3	5	1	2	4	35124	0	1000	1616	436	0	3	5	1	2	4	1440	1774	2152	2518	2878	6000	5000	1	1	1	1	1	1
2	29	1	5	1000	163020	163020.01	163	964.001	1	3	2	5	4	13254	0	1000	1596	490	0	1	3	2	5	4	1494	1844	2206	2544	2912	6000	5000	1	1	1	1	1	1
2	30	1	5	1000	168020	168020.13	168	962.002	3	5	1	2	4	35124	0	1000	1678	436	0	3	5	1	2	4	1440	1822	2210	2566	2944	6000	5000	1	1	1	1	1	1
2	31	1	5	1000	173020	173020.001	173	959.995	3	5	1	2	4	35124	0	1000	1596	404	0	3	5	1	2	4	1408	1744	2132	2486	2846	6000	5000	1	1	1	1	1	1
2	32	1	5	1000	178020	178020.098	178	958.077	1	4	5	2	3	14523	0	1000	1596	456	0	1	4	5	2	3	1460	1792	2152	2502	2880	6000	5000	1	1	1	1	1	1
2	33	0	5	1000	183020	183020.023	183	956.005	1	4	5	2	3	14523	0	1000	1616	578	0	1	4	5	2	3	1582	1924	2284	2642	3020	6000	5000	1	1	1	1	1	1
2	34	0	5	1000	188020	188020.022	188	954.018	3	5	1	2	4	35124	0	16000	1608	396	0	3	5	1	2	4	1400	1750	2146	2494	2848	6000	5000	1	1	1	1	1	1
2	35	0	5	1000	208020	208020.039	208	948.029	3	5	1	2	4	35124	0	1000	1706	424	0	3	5	1	2	4	1428	1786	2188	2552	2940	6000	5000	1	1	1	1	1	1
2	36	1	5	1000	213020	213020.062	213	946.029	3	2	4	5	1	32451	0	1000	1616	450	0	3	2	4	5	1	1454	1798	2154	2486	2876	6000	5000	1	1	1	1	1	1
2	37	0	5	1000	218020	218020.026	218	944.003	1	3	2	5	4	13254	0	1000	1650	450	0	1	3	2	5	4	1454	1812	2186	2546	2914	6000	5000	1	1	1	1	1	1
2	38	0	5	1000	223020	223020.021	223	942.012	1	3	2	5	4	13254	0	1000	1632	486	0	1	3	2	5	4	1490	1836	2212	2566	2924	6000	5000	1	1	1	1	1	1
2	39	1	5	1000	228020	228020.009	228	942.012	1	4	5	2	3	14523	0	1000	1526	444	0	1	4	5	2	3	1448	1772	2112	2460	2812	6000	5000	1	1	1	1	1	1
2	40	1	5	1000	233020	233022.022	233	942.021	3	5	1	2	4	35124	0	1000	1462	456	0	3	5	1	2	4	1460	1788	2146	2506	2838	6000	5000	1	1	1	1	1	1
2	41	0	5	1000	238020	238021.981	238	939.999	3	2	4	5	1	32451	0	1000	1580	430	0	3	2	4	5	1	1434	1774	2110	2444	2804	6000	5000	1	1	1	1	1	1
2	42	0	5	1000	243020	243021.988	243	937.989	3	5	1	2	4	35124	0	1000	1506	384	0	3	5	1	2	4	1388	1720	2074	2398	2736	6000	5000	1	1	1	1	1	1
2	43	1	5	1000	248020	248020	248	934.002	1	4	5	2	3	14523	0	1000	1524	380	0	1	4	5	2	3	1384	1698	2040	2388	2750	6000	5000	1	1	1	1	1	1
2	44	0	5	1000	253020	253021.981	253	933.998	3	2	4	5	1	32451	0	1000	1606	426	0	3	2	4	5	1	1430	1770	2104	2448	2820	6000	5000	1	1	1	1	1	1
2	45	1	5	1000	258020	258022.002	258	931.999	1	3	2	5	4	13254	0	1000	1538	404	0	1	3	2	5	4	1408	1738	2082	2426	2766	6000	5000	1	1	1	1	1	1
2	46	1	5	1000	263020	263020.015	263	928.002	1	3	2	5	4	13254	0	1000	1594	462	0	1	3	2	5	4	1466	1818	2176	2514	2876	6000	5000	1	1	1	1	1	1
2	47	0	5	1000	268020	268022.012	268	930.029	3	5	1	2	4	35124	0	1000	1544	354	0	3	5	1	2	4	1358	1680	2034	2392	2746	6000	5000	1	1	1	1	1	1
2	48	1	5	1000	273020	273021.978	273	927.997	1	3	2	5	4	13254	0	1000	1546	516	0	1	3	2	5	4	1520	1840	2178	2516	2876	6000	5000	1	1	1	1	1	1
2	49	0	5	1000	278020	278021.999	278	926.02	1	3	2	5	4	13254	0	1000	1562	484	0	1	3	2	5	4	1488	1806	2172	2540	2896	6000	5000	1	1	1	1	1	1
2	50	1	5	1000	283020	283020.012	283	922.024	3	5	1	2	4	35124	0	1000	1518	400	0	3	5	1	2	4	1404	1732	2082	2420	2750	6000	5000	1	1	1	1	1	1
2	51	0	5	1000	288020	288021.998	288	922	3	5	1	2	4	35124	0	16000	1510	410	0	3	5	1	2	4	1414	1746	2086	2418	2750	6000	5000	1	1	1	1	1	1
2	52	0	5	1000	308020	308020.001	308	914.002	3	5	1	2	4	35124	0	1000	1566	468	0	3	5	1	2	4	1472	1822	2198	2530	2882	6000	5000	1	1	1	1	1	1
2	53	0	5	1000	313020	313020.003	313	912.007	3	2	4	5	1	32451	0	1000	1520	480	0	3	2	4	5	1	1484	1792	2128	2444	2818	6000	5000	1	1	1	1	1	1
2	54	1	5	1000	318020	318022.001	318	911.999	3	2	4	5	1	32451	0	1000	1452	456	0	3	2	4	5	1	1460	1774	2094	2408	2740	6000	5000	1	1	1	1	1	1
2	55	1	5	1000	323020	323020.01	323	908.019	1	3	2	5	4	13254	0	1000	1502	372	0	1	3	2	5	4	1376	1698	2034	2360	2694	6000	5000	1	1	1	1	1	1
2	56	0	5	1000	328020	328021.982	328	908	1	4	5	2	3	14523	0	1000	1570	480	0	1	4	5	2	3	1484	1814	2170	2526	2894	6000	5000	1	1	1	1	1	1
2	57	1	5	1000	333020	333020.029	333	904.045	1	3	2	5	4	13254	0	1000	1470	412	0	1	3	2	5	4	1416	1730	2068	2390	2732	6000	5000	1	1	1	1	1	1
2	58	0	5	1000	338020	338021.985	338	904.005	3	2	4	5	1	32451	0	1000	1558	394	0	3	2	4	5	1	1398	1728	2074	2416	2780	6000	5000	1	1	1	1	1	1
2	59	0	5	1000	343020	343020.004	343	902.005	3	2	4	5	1	32451	0	1000	1500	560	0	3	2	4	5	1	1564	1870	2202	2514	2882	6000	5000	1	1	1	1	1	1
2	60	0	5	1000	348020	348022.001	348	902.002	1	3	2	5	4	13254	0	1000	1530	464	0	1	3	2	5	4	1468	1810	2156	2504	2856	6000	5000	1	1	1	1	1	1
2	61	0	5	1000	353020	353021.982	353	899.986	3	5	1	2	4	35124	0	1000	1556	448	0	3	5	1	2	4	1452	1778	2124	2478	2830	6000	5000	1	1	1	1	1	1
2	62	1	5	1000	358020	358021.999	358	900.011	3	5	1	2	4	35124	0	1000	1444	470	0	3	5	1	2	4	1474	1760	2118	2442	2762	6000	5000	1	1	1	1	1	1
2	63	0	5	1000	363020	363021.985	363	895.975	1	4	5	2	3	14523	0	1000	1524	516	0	1	4	5	2	3	1520	1838	2180	2504	2876	6000	5000	1	1	1	1	1	1
2	64	0	5	1000	368020	368020.001	368	892	1	3	2	5	4	13254	0	1000	1510	416	0	1	3	2	5	4	1420	1768	2118	2440	2776	6000	5000	1	1	1	1	1	1
2	65	0	5	1000	373020	373020.014	373	892.012	1	4	5	2	3	14523	0	1000	1514	464	0	1	4	5	2	3	1468	1792	2140	2478	2830	6000	5000	1	1	1	1	1	1
2	66	1	5	1000	378020	378021.988	378	891.984	3	5	1	2	4	35124	0	1000	1466	522	0	3	5	1	2	4	1526	1836	2178	2506	2842	6000	5000	1	1	1	1	1	1
2	67	1	5	1000	383020	383021.998	383	890	3	2	4	5	1	32451	0	1000	1550	474	0	3	2	4	5	1	1478	1796	2102	2432	2784	6000	5000	1	1	1	1	1	1
2	68	0	5	1000	388020	388021.997	388	888.007	1	4	5	2	3	14523	0	16000	1454	486	0	1	4	5	2	3	1490	1806	2136	2452	2796	6000	5000	1	1	1	1	1	1
3	1	0	5	1000	8020	8020.089	9	16.103	3	2	4	5	1	32451	0	1000	1600	540	0	3	2	4	5	1	1544	1912	2238	2582	2950	6000	5000	1	1	1	1	1	1
3	2	0	5	1000	13020	13022	14	16	1	4	5	2	3	14523	0	1000	1646	512	0	1	4	5	2	3	1516	1854	2224	2558	2938	6000	5000	1	1	1	1	1	1
3	3	1	5	1000	18020	18021.989	19	13.989	3	5	1	2	4	35124	0	1000	1492	366	0	3	5	1	2	4	1370	1680	2020	2346	2690	6000	5000	1	1	1	1	1	1
3	4	0	5	1000	23020	23022.002	24	12.01	1	3	2	5	4	13254	0	1000	1534	402	0	1	3	2	5	4	1406	1720	2072	2406	2750	6000	5000	1	1	1	1	1	1
3	5	0	5	1000	28020	28021.987	29	9.986	1	3	2	5	4	13254	0	1000	1590	360	0	1	3	2	5	4	1364	1722	2064	2400	2754	6000	5000	1	1	1	1	1	1
3	6	0	5	1000	33020	33022.004	34	8.015	1	4	5	2	3	14523	0	1000	1640	394	0	1	4	5	2	3	1398	1728	2102	2462	2840	6000	5000	1	1	1	1	1	1
3	7	0	5	1000	38020	38020.001	39	5.841	3	5	1	2	4	35124	0	1000	1538	370	0	3	5	1	2	4	1374	1694	2052	2380	2726	6000	5000	1	1	1	1	1	1
3	8	0	5	1000	43020	43022.005	44	5.884	3	5	1	2	4	35124	0	1000	1516	434	0	3	5	1	2	4	1438	1750	2104	2424	2774	6000	5000	1	1	1	1	1	1
3	9	1	5	1000	48020	48021.987	49	4	3	2	4	5	1	32451	0	1000	1484	360	0	3	2	4	5	1	1364	1712	2028	2328	2674	6000	5000	1	1	1	1	1	1
3	10	0	5	1000	53020	53021.986	54	1.999	1	3	2	5	4	13254	0	1000	1370	448	0	1	3	2	5	4	1452	1772	2066	2358	2664	6000	5000	1	1	1	1	1	1
3	11	0	5	1000	58020	58020.009	58	998.015	3	5	1	2	4	35124	0	1000	1614	362	0	3	5	1	2	4	1366	1692	2078	2446	2800	6000	5000	1	1	1	1	1	1
3	12	1	5	1000	63020	63021.99	63	998.004	1	4	5	2	3	14523	0	1000	1498	490	0	1	4	5	2	3	1494	1804	2134	2478	2816	6000	5000	1	1	1	1	1	1
3	13	0	5	1000	68020	68021.987	68	995.998	3	5	1	2	4	35124	0	1000	1540	394	0	3	5	1	2	4	1398	1728	2082	2436	2774	6000	5000	1	1	1	1	1	1
3	14	1	5	1000	73020	73021.975	73	995.988	1	3	2	5	4	13254	0	1000	1504	402	0	1	3	2	5	4	1406	1722	2066	2398	2718	6000	5000	1	1	1	1	1	1
3	15	1	5	1000	78020	78021.99	78	994.014	3	2	4	5	1	32451	0	1000	1532	514	0	3	2	4	5	1	1518	1846	2182	2500	2854	6000	5000	1	1	1	1	1	1
3	16	1	5	1000	83020	83020.001	83	989.99	3	2	4	5	1	32451	0	1000	1634	482	0	3	2	4	5	1	1486	1840	2180	2530	2886	6000	5000	1	1	1	1	1	1
3	17	1	5	1000	88020	88020.082	88	988.083	1	4	5	2	3	14523	0	16000	1556	394	0	1	4	5	2	3	1398	1718	2072	2416	2788	6000	5000	1	1	1	1	1	1
3	18	1	5	1000	108020	108021.986	108	983.985	1	4	5	2	3	14523	0	1000	1674	632	0	1	4	5	2	3	1636	2004	2404	2786	3174	6000	5000	1	1	1	1	1	1
3	19	0	5	1000	113020	113021.987	113	981.983	3	2	4	5	1	32451	0	1000	1630	524	0	3	2	4	5	1	1528	1866	2210	2560	2946	6000	5000	1	1	1	1	1	1
3	20	0	5	1000	118020	118021.976	118	979.974	3	5	1	2	4	35124	0	1000	1632	390	0	3	5	1	2	4	1394	1738	2114	2488	2864	6000	5000	1	1	1	1	1	1
3	21	0	5	1000	123020	123020.011	123	976.012	1	4	5	2	3	14523	0	1000	1484	476	0	1	4	5	2	3	1480	1786	2112	2460	2824	6000	5000	1	1	1	1	1	1
3	22	0	5	1000	128020	128021.975	128	975.985	3	2	4	5	1	32451	0	1000	1566	444	0	3	2	4	5	1	1448	1760	2100	2428	2816	6000	5000	1	1	1	1	1	1
3	23	0	5	1000	133020	133021.977	133	973.979	3	2	4	5	1	32451	0	1000	1582	444	0	3	2	4	5	1	1448	1794	2114	2460	2852	6000	5000	1	1	1	1	1	1
3	24	1	5	1000	138020	138020.024	138	970.047	3	5	1	2	4	35124	0	1000	1454	1258	0	3	5	1	2	4	2262	2554	2898	3222	3534	6000	5000	1	1	1	1	1	1
3	25	1	5	1000	143020	143021.987	143	971.994	3	5	1	2	4	35124	0	1000	1514	444	0	3	5	1	2	4	1448	1740	2086	2398	2738	6000	5000	1	1	1	1	1	1
3	26	1	5	1000	148020	148020.005	148	968.017	1	4	5	2	3	14523	0	1000	1460	384	0	1	4	5	2	3	1388	1692	2018	2348	2678	6000	5000	1	1	1	1	1	1
3	27	1	5	1000	153020	153020	153	966	3	2	4	5	1	32451	0	1000	1560	380	0	3	2	4	5	1	1384	1698	2034	2354	2708	6000	5000	1	1	1	1	1	1
3	28	1	5	1000	158020	158021.991	158	965.991	3	5	1	2	4	35124	0	1000	1492	430	0	3	5	1	2	4	1434	1740	2062	2396	2740	6000	5000	1	1	1	1	1	1
3	29	0	5	1000	163020	163021.985	163	963.983	3	5	1	2	4	35124	0	1000	1578	472	0	3	5	1	2	4	1476	1792	2144	2474	2852	6000	5000	1	1	1	1	1	1
3	30	0	5	1000	168020	168021.964	168	961.976	3	2	4	5	1	32451	0	1000	1574	472	0	3	2	4	5	1	1476	1790	2136	2458	2824	6000	5000	1	1	1	1	1	1
3	31	1	5	1000	173020	173021.998	173	959.979	1	4	5	2	3	14523	0	1000	1496	480	0	1	4	5	2	3	1484	1786	2116	2446	2802	6000	5000	1	1	1	1	1	1
3	32	1	5	1000	178020	178021.989	178	960.002	1	3	2	5	4	13254	0	1000	1534	454	0	1	3	2	5	4	1458	1768	2100	2440	2786	6000	5000	1	1	1	1	1	1
3	33	1	5	1000	183020	183021.986	183	958.01	3	5	1	2	4	35124	0	1000	1602	470	0	3	5	1	2	4	1474	1816	2186	2544	2896	6000	5000	1	1	1	1	1	1
3	34	1	5	1000	188020	188020.027	188	954.027	3	2	4	5	1	32451	0	16000	1662	402	0	3	2	4	5	1	1406	1770	2108	2464	2852	6000	5000	1	1	1	1	1	1
3	35	1	5	1000	208020	208021.988	208	948	3	2	4	5	1	32451	0	1000	1634	388	0	3	2	4	5	1	1392	1748	2106	2444	2808	6000	5000	1	1	1	1	1	1
3	36	1	5	1000	213020	213021.989	213	947.974	1	3	2	5	4	13254	0	1000	1596	434	0	1	3	2	5	4	1438	1760	2132	2482	2848	6000	5000	1	1	1	1	1	1
3	37	1	5	1000	218020	218020.013	218	944.016	1	4	5	2	3	14523	0	1000	1604	526	0	1	4	5	2	3	1530	1848	2218	2576	2940	6000	5000	1	1	1	1	1	1
3	38	0	5	1000	223020	223020	223	942.001	1	3	2	5	4	13254	0	1000	1608	494	0	1	3	2	5	4	1498	1840	2210	2540	2918	6000	5000	1	1	1	1	1	1
3	39	1	5	1000	228020	228021.989	228	942.001	3	5	1	2	4	35124	0	1000	1494	428	0	3	5	1	2	4	1432	1744	2092	2420	2740	6000	5000	1	1	1	1	1	1
3	40	1	5	1000	233020	233021.976	233	940	1	3	2	5	4	13254	0	1000	1560	430	0	1	3	2	5	4	1434	1736	2114	2460	2818	6000	5000	1	1	1	1	1	1
3	41	1	5	1000	238020	238021.983	238	938.024	1	3	2	5	4	13254	0	1000	1556	512	0	1	3	2	5	4	1516	1828	2190	2534	2888	6000	5000	1	1	1	1	1	1
3	42	0	5	1000	243020	243021.956	243	935.947	3	5	1	2	4	35124	0	1000	1662	552	0	3	5	1	2	4	1556	1928	2314	2690	3054	6000	5000	1	1	1	1	1	1
3	43	0	5	1000	248020	248021.974	248	935.979	1	3	2	5	4	13254	0	1000	1564	526	0	1	3	2	5	4	1530	1860	2226	2568	2920	6000	5000	1	1	1	1	1	1
3	44	1	5	1000	253020	253021.98	253	934.024	1	4	5	2	3	14523	0	1000	1498	514	0	1	4	5	2	3	1518	1836	2162	2504	2856	6000	5000	1	1	1	1	1	1
3	45	0	5	1000	258020	258021.972	258	932.016	1	4	5	2	3	14523	0	1000	1526	590	0	1	4	5	2	3	1594	1912	2262	2598	2992	6000	5000	1	1	1	1	1	1
3	46	1	5	1000	263020	263021.995	263	930.003	1	4	5	2	3	14523	0	1000	1544	540	0	1	4	5	2	3	1544	1876	2240	2574	2932	6000	5000	1	1	1	1	1	1
3	47	1	5	1000	268020	268021.971	268	928.011	1	4	5	2	3	14523	0	1000	1590	324	0	1	4	5	2	3	1328	1656	2004	2338	2722	6000	5000	1	1	1	1	1	1
3	48	1	5	1000	273020	273021.98	273	925.989	3	5	1	2	4	35124	0	1000	1584	364	0	3	5	1	2	4	1368	1716	2046	2400	2768	6000	5000	1	1	1	1	1	1
3	49	0	5	1000	278020	278021.957	278	923.976	3	2	4	5	1	32451	0	1000	2040	422	0	3	2	4	5	1	1426	1980	2568	2896	3238	6000	5000	1	1	1	1	1	1
3	50	1	5	1000	283020	283021.957	283	923.965	3	2	4	5	1	32451	0	1000	1652	474	0	3	2	4	5	1	1478	1808	2166	2490	2850	6000	5000	1	1	1	1	1	1
3	51	0	5	1000	288020	288021.977	288	922.018	1	4	5	2	3	14523	0	16000	1588	430	0	1	4	5	2	3	1434	1750	2080	2422	2786	6000	5000	1	1	1	1	1	1
3	52	0	5	1000	308020	308021.994	308	914.032	1	4	5	2	3	14523	0	1000	1608	642	0	1	4	5	2	3	1646	1976	2344	2722	3092	6000	5000	1	1	1	1	1	1
3	53	0	5	1000	313020	313021.994	313	911.994	1	3	2	5	4	13254	0	1000	1602	536	0	1	3	2	5	4	1540	1892	2268	2612	2960	6000	5000	1	1	1	1	1	1
3	54	0	5	1000	318020	318021.96	318	911.969	3	2	4	5	1	32451	0	1000	1638	442	0	3	2	4	5	1	1446	1774	2124	2456	2824	6000	5000	1	1	1	1	1	1
3	55	1	5	1000	323020	323021.957	323	909.98	1	3	2	5	4	13254	0	1000	1556	400	0	1	3	2	5	4	1404	1736	2104	2430	2758	6000	5000	1	1	1	1	1	1
3	56	0	5	1000	328020	328021.977	328	908.025	1	4	5	2	3	14523	0	1000	1522	428	0	1	4	5	2	3	1432	1754	2086	2440	2804	6000	5000	1	1	1	1	1	1
3	57	0	5	1000	333020	333021.982	333	906.018	1	4	5	2	3	14523	0	1000	1558	472	0	1	4	5	2	3	1476	1792	2148	2488	2878	6000	5000	1	1	1	1	1	1
3	58	1	5	1000	338020	338021.958	338	903.984	3	2	4	5	1	32451	0	1000	1540	404	0	3	2	4	5	1	1408	1730	2060	2382	2740	6000	5000	1	1	1	1	1	1
3	59	0	5	1000	343020	343021.969	343	903.998	3	5	1	2	4	35124	0	1000	1564	446	0	3	5	1	2	4	1450	1770	2112	2446	2830	6000	5000	1	1	1	1	1	1
3	60	1	5	1000	348020	348021.971	348	900.017	3	5	1	2	4	35124	0	1000	1620	480	0	3	5	1	2	4	1484	1824	2198	2552	2904	6000	5000	1	1	1	1	1	1
3	61	0	5	1000	353020	353021.992	353	898.035	1	4	5	2	3	14523	0	1000	1604	532	0	1	4	5	2	3	1536	1870	2232	2570	2958	6000	5000	1	1	1	1	1	1
3	62	1	5	1000	358020	358020.016	358	896.055	1	3	2	5	4	13254	0	1000	1610	544	0	1	3	2	5	4	1548	1872	2230	2592	2962	6000	5000	1	1	1	1	1	1
3	63	0	5	1000	363020	363021.98	363	895.995	1	3	2	5	4	13254	0	1000	1684	518	0	1	3	2	5	4	1522	1852	2260	2634	3012	6000	5000	1	1	1	1	1	1
3	64	1	5	1000	368020	368021.971	368	894.007	1	3	2	5	4	13254	0	1000	1622	442	0	1	3	2	5	4	1446	1794	2140	2518	2864	6000	5000	1	1	1	1	1	1
3	65	0	5	1000	373020	373021.961	373	891.979	3	2	4	5	1	32451	0	1000	1642	518	0	3	2	4	5	1	1522	1868	2196	2558	2936	6000	5000	1	1	1	1	1	1
3	66	0	5	1000	378020	378021.96	378	891.977	1	3	2	5	4	13254	0	1000	1684	500	0	1	3	2	5	4	1504	1862	2260	2618	2976	6000	5000	1	1	1	1	1	1
3	67	1	5	1000	383020	383021.982	383	887.943	3	2	4	5	1	32451	0	1000	1706	606	0	3	2	4	5	1	1610	1956	2296	2654	3046	6000	5000	1	1	1	1	1	1
3	68	0	5	1000	388020	388021.977	388	886.011	3	2	4	5	1	32451	0	16000	1702	380	0	3	2	4	5	1	1384	1706	2078	2430	2810	6000	5000	1	1	1	1	1	1
4	1	1	5	1000	8020	8021.975	9	17.988	1	3	2	5	4	13254	0	1000	1770	894	0	1	3	2	5	4	1898	2328	2714	3086	3432	6000	5000	1	1	1	1	1	1
4	2	0	5	1000	13020	13021.987	14	15.99	1	3	2	5	4	13254	0	1000	1594	438	0	1	3	2	5	4	1442	1776	2130	2470	2804	6000	5000	1	1	1	1	1	1
4	3	1	5	1000	18020	18022.016	19	14.015	3	2	4	5	1	32451	0	1000	1706	456	0	3	2	4	5	1	1460	1828	2186	2546	2940	6000	5000	1	1	1	1	1	1
4	4	1	5	1000	23020	23022.009	24	12	3	5	1	2	4	35124	0	1000	1648	400	0	3	5	1	2	4	1404	1752	2130	2490	2848	6000	5000	1	1	1	1	1	1
4	5	1	5	1000	28020	28020.111	29	8.094	1	4	5	2	3	14523	0	1000	1576	384	0	1	4	5	2	3	1388	1704	2060	2400	2758	6000	5000	1	1	1	1	1	1
4	6	1	5	1000	33020	33021.975	34	9.988	1	4	5	2	3	14523	0	1000	1590	380	0	1	4	5	2	3	1384	1706	2044	2390	2754	6000	5000	1	1	1	1	1	1
4	7	0	5	1000	38020	38020.007	39	5.994	1	4	5	2	3	14523	0	1000	1708	436	0	1	4	5	2	3	1440	1794	2176	2546	2952	6000	5000	1	1	1	1	1	1
4	8	0	5	1000	43020	43022.004	44	6.005	1	4	5	2	3	14523	0	1000	1694	324	0	1	4	5	2	3	1328	1664	2040	2406	2800	6000	5000	1	1	1	1	1	1
4	9	0	5	1000	48020	48021.976	49	4.001	3	2	4	5	1	32451	0	1000	1810	420	0	3	2	4	5	1	1424	1824	2202	2582	2982	6000	5000	1	1	1	1	1	1
4	10	0	5	1000	53020	53021.99	54	2.003	1	3	2	5	4	13254	0	1000	1766	436	0	1	3	2	5	4	1440	1816	2226	2606	2978	6000	5000	1	1	1	1	1	1
4	11	0	5	1000	58020	58022.014	59	0	3	2	4	5	1	32451	0	1000	1834	370	0	3	2	4	5	1	1374	1740	2130	2518	2950	6000	5000	1	1	1	1	1	1
4	12	0	5	1000	63020	63022.003	63	1000.003	3	2	4	5	1	32451	0	1000	1794	366	0	3	2	4	5	1	1370	1748	2114	2482	2890	6000	5000	1	1	1	1	1	1
4	13	1	5	1000	68020	68020.029	68	996.019	3	5	1	2	4	35124	0	1000	1802	432	0	3	5	1	2	4	1436	1810	2214	2594	2996	6000	5000	1	1	1	1	1	1
4	14	1	5	1000	73020	73020.002	73	994.012	3	2	4	5	1	32451	0	1000	1764	412	0	3	2	4	5	1	1416	1794	2182	2550	2940	6000	5000	1	1	1	1	1	1
4	15	0	5	1000	78020	78021.959	78	993.971	3	5	1	2	4	35124	0	1000	1786	462	0	3	5	1	2	4	1466	1832	2214	2602	2998	6000	5000	1	1	1	1	1	1
4	16	0	5	1000	83020	83021.989	83	991.986	3	2	4	5	1	32451	0	1000	1814	490	0	3	2	4	5	1	1494	1882	2258	2644	3050	6000	5000	1	1	1	1	1	1
4	17	0	5	1000	88020	88021.986	88	989.997	3	5	1	2	4	35124	0	16000	1778	446	0	3	5	1	2	4	1450	1794	2214	2608	2990	6000	5000	1	1	1	1	1	1
4	18	0	5	1000	108020	108020.029	108	982.029	3	5	1	2	4	35124	0	1000	1732	550	0	3	5	1	2	4	1554	1926	2316	2680	3066	6000	5000	1	1	1	1	1	1
4	19	0	5	1000	113020	113022.002	113	982.021	3	5	1	2	4	35124	0	1000	1768	424	0	3	5	1	2	4	1428	1784	2152	2544	2940	6000	5000	1	1	1	1	1	1
4	20	1	5	1000	118020	118020.015	118	978.005	3	2	4	5	1	32451	0	1000	1782	388	0	3	2	4	5	1	1392	1756	2128	2494	2886	6000	5000	1	1	1	1	1	1
4	21	0	5	1000	123020	123021.975	123	977.987	1	3	2	5	4	13254	0	1000	1758	408	0	1	3	2	5	4	1412	1778	2148	2536	2912	6000	5000	1	1	1	1	1	1
4	22	0	5	1000	128020	128021.988	128	977.988	1	3	2	5	4	13254	0	1000	1724	504	0	1	3	2	5	4	1508	1858	2246	2630	3026	6000	5000	1	1	1	1	1	1
4	23	1	5	1000	133020	133021.977	133	975.99	1	4	5	2	3	14523	0	1000	1632	458	0	1	4	5	2	3	1462	1810	2172	2534	2894	6000	5000	1	1	1	1	1	1
4	24	1	5	1000	138020	138021.987	138	974.002	3	2	4	5	1	32451	0	1000	1736	440	0	3	2	4	5	1	1444	1780	2148	2514	2936	6000	5000	1	1	1	1	1	1
4	25	1	5	1000	143020	143021.989	143	971.989	3	2	4	5	1	32451	0	1000	1700	388	0	3	2	4	5	1	1392	1744	2088	2450	2852	6000	5000	1	1	1	1	1	1
4	26	1	5	1000	148020	148022.103	148	970.111	1	3	2	5	4	13254	0	1000	1622	472	0	1	3	2	5	4	1476	1824	2190	2544	2884	6000	5000	1	1	1	1	1	1
4	27	0	5	1000	153020	153022	153	968.01	3	5	1	2	4	35124	0	1000	1694	414	0	3	5	1	2	4	1418	1766	2158	2548	2912	6000	5000	1	1	1	1	1	1
4	28	0	5	1000	158020	158020.018	158	964.03	1	4	5	2	3	14523	0	1000	1610	842	0	1	4	5	2	3	1846	2170	2518	2868	3256	6000	5000	1	1	1	1	1	1
4	29	0	5	1000	163020	163021.988	163	963.989	1	3	2	5	4	13254	0	1000	1624	396	0	1	3	2	5	4	1400	1730	2104	2460	2812	6000	5000	1	1	1	1	1	1
4	30	1	5	1000	168020	168020	168	961.998	1	3	2	5	4	13254	0	1000	1610	458	0	1	3	2	5	4	1462	1798	2162	2506	2854	6000	5000	1	1	1	1	1	1
4	31	1	5	1000	173020	173022.011	173	962.002	3	5	1	2	4	35124	0	1000	1654	428	0	3	5	1	2	4	1432	1776	2156	2540	2906	6000	5000	1	1	1	1	1	1
4	32	0	5	1000	178020	178022	178	959.884	3	2	4	5	1	32451	0	1000	1786	428	0	3	2	4	5	1	1432	1794	2204	2574	2996	6000	5000	1	1	1	1	1	1
4	33	1	5	1000	183020	183021.99	183	957.979	3	2	4	5	1	32451	0	1000	1736	362	0	3	2	4	5	1	1366	1722	2088	2466	2862	6000	5000	1	1	1	1	1	1
4	34	0	5	1000	188020	188020.004	188	954.016	1	4	5	2	3	14523	0	16000	1648	378	0	1	4	5	2	3	1382	1708	2064	2426	2836	6000	5000	1	1	1	1	1	1
4	35	0	5	1000	208020	208021.978	208	950	1	4	5	2	3	14523	0	1000	1848	602	0	1	4	5	2	3	1606	2042	2440	2814	3226	6000	5000	1	1	1	1	1	1
4	36	1	5	1000	213020	213022	213	947.921	3	2	4	5	1	32451	0	1000	1808	444	0	3	2	4	5	1	1448	1836	2212	2602	3006	6000	5000	1	1	1	1	1	1
4	37	1	5	1000	218020	218021.989	218	946.001	1	4	5	2	3	14523	0	1000	1634	316	0	1	4	5	2	3	1320	1634	1980	2344	2716	6000	5000	1	1	1	1	1	1
4	38	1	5	1000	223020	223020.014	223	941.964	3	5	1	2	4	35124	0	1000	1720	428	0	3	5	1	2	4	1432	1774	2178	2560	2934	6000	5000	1	1	1	1	1	1
4	39	0	5	1000	228020	228021.97	228	942.012	1	3	2	5	4	13254	0	1000	1702	532	0	1	3	2	5	4	1536	1890	2272	2630	3010	6000	5000	1	1	1	1	1	1
4	40	0	5	1000	233020	233021.985	233	940.006	3	5	1	2	4	35124	0	1000	1714	396	0	3	5	1	2	4	1400	1752	2154	2514	2906	6000	5000	1	1	1	1	1	1
4	41	0	5	1000	238020	238021.979	238	939.991	1	3	2	5	4	13254	0	1000	1586	344	0	1	3	2	5	4	1348	1670	2026	2346	2696	6000	5000	1	1	1	1	1	1
4	42	1	5	1000	243020	243021.977	243	938.023	3	5	1	2	4	35124	0	1000	1664	382	0	3	5	1	2	4	1386	1718	2136	2462	2822	6000	5000	1	1	1	1	1	1
4	43	0	5	1000	248020	248021.979	248	936.024	3	5	1	2	4	35124	0	1000	1678	382	0	3	5	1	2	4	1386	1744	2130	2494	2856	6000	5000	1	1	1	1	1	1
4	44	1	5	1000	253020	253021.975	253	933.991	3	5	1	2	4	35124	0	1000	1664	408	0	3	5	1	2	4	1412	1744	2158	2492	2852	6000	5000	1	1	1	1	1	1
4	45	1	5	1000	258020	258021.987	258	932.014	1	3	2	5	4	13254	0	1000	1566	356	0	1	3	2	5	4	1360	1696	2054	2386	2730	6000	5000	1	1	1	1	1	1
4	46	0	5	1000	263020	263021.977	263	929.972	3	2	4	5	1	32451	0	1000	1696	464	0	3	2	4	5	1	1468	1822	2176	2528	2922	6000	5000	1	1	1	1	1	1
4	47	1	5	1000	268020	268021.985	268	928.008	1	4	5	2	3	14523	0	1000	1628	456	0	1	4	5	2	3	1460	1762	2114	2450	2866	6000	5000	1	1	1	1	1	1
4	48	0	5	1000	273020	273021.99	273	928.002	3	2	4	5	1	32451	0	1000	1658	426	0	3	2	4	5	1	1430	1782	2134	2482	2864	6000	5000	1	1	1	1	1	1
4	49	1	5	1000	278020	278021.981	278	926.016	1	3	2	5	4	13254	0	1000	1562	506	0	1	3	2	5	4	1510	1830	2182	2522	2866	6000	5000	1	1	1	1	1	1
4	50	1	5	1000	283020	283021.981	283	923.95	3	2	4	5	1	32451	0	1000	1574	400	0	3	2	4	5	1	1404	1736	2058	2374	2730	6000	5000	1	1	1	1	1	1
4	51	0	5	1000	288020	288021.961	288	921.996	3	2	4	5	1	32451	0	16000	1644	650	0	3	2	4	5	1	1654	2016	2376	2704	3076	6000	5000	1	1	1	1	1	1
4	52	0	5	1000	308020	308021.989	308	916.009	3	2	4	5	1	32451	0	1000	1654	484	0	3	2	4	5	1	1488	1864	2210	2552	2918	6000	5000	1	1	1	1	1	1
4	53	0	5	1000	313020	313021.974	313	913.992	1	4	5	2	3	14523	0	1000	1518	458	0	1	4	5	2	3	1462	1788	2124	2460	2808	6000	5000	1	1	1	1	1	1
4	54	1	5	1000	318020	318021.98	318	911.999	3	5	1	2	4	35124	0	1000	1500	412	0	3	5	1	2	4	1416	1718	2052	2418	2752	6000	5000	1	1	1	1	1	1
4	55	1	5	1000	323020	323021.991	323	910.018	3	5	1	2	4	35124	0	1000	1540	464	0	3	5	1	2	4	1468	1780	2132	2502	2830	6000	5000	1	1	1	1	1	1
4	56	0	5	1000	328020	328021.977	328	908	1	4	5	2	3	14523	0	1000	1470	374	0	1	4	5	2	3	1378	1684	2014	2346	2672	6000	5000	1	1	1	1	1	1
4	57	0	5	1000	333020	333022.003	333	906.014	3	5	1	2	4	35124	0	1000	1508	420	0	3	5	1	2	4	1424	1736	2094	2444	2754	6000	5000	1	1	1	1	1	1
4	58	1	5	1000	338020	338021.977	338	904.001	1	4	5	2	3	14523	0	1000	1406	488	0	1	4	5	2	3	1492	1790	2100	2400	2730	6000	5000	1	1	1	1	1	1
4	59	1	5	1000	343020	343022.008	343	904.031	1	3	2	5	4	13254	0	1000	1470	378	0	1	3	2	5	4	1382	1678	2008	2330	2648	6000	5000	1	1	1	1	1	1
4	60	1	5	1000	348020	348021.96	348	902.003	1	3	2	5	4	13254	0	1000	1516	370	0	1	3	2	5	4	1374	1688	2014	2366	2694	6000	5000	1	1	1	1	1	1
4	61	1	5	1000	353020	353021.974	353	899.964	1	4	5	2	3	14523	0	1000	1586	500	0	1	4	5	2	3	1504	1860	2196	2544	2946	6000	5000	1	1	1	1	1	1
4	62	0	5	1000	358020	358021.989	358	898.013	1	3	2	5	4	13254	0	1000	1562	416	0	1	3	2	5	4	1420	1738	2078	2418	2760	6000	5000	1	1	1	1	1	1
4	63	0	5	1000	363020	363021.977	363	896.003	1	4	5	2	3	14523	0	1000	1564	456	0	1	4	5	2	3	1460	1782	2128	2462	2828	6000	5000	1	1	1	1	1	1
4	64	1	5	1000	368020	368021.982	368	894.005	1	4	5	2	3	14523	0	1000	1414	602	0	1	4	5	2	3	1606	1900	2214	2526	2866	6000	5000	1	1	1	1	1	1
4	65	0	5	1000	373020	373021.978	373	892.005	3	5	1	2	4	35124	0	1000	1638	382	0	3	5	1	2	4	1386	1730	2090	2446	2820	6000	5000	1	1	1	1	1	1
4	66	1	5	1000	378020	378021.957	378	891.968	1	3	2	5	4	13254	0	1000	1554	1202	0	1	3	2	5	4	2206	2538	2884	3228	3526	6000	5000	1	1	1	1	1	1
4	67	0	5	1000	383020	383021.982	383	889.997	1	4	5	2	3	14523	0	1000	1548	504	0	1	4	5	2	3	1508	1836	2170	2518	2872	6000	5000	1	1	1	1	1	1
4	68	1	5	1000	388020	388021.987	388	888	1	3	2	5	4	13254	0	16000	1454	394	0	1	3	2	5	4	1398	1708	2022	2326	2634	6000	5000	1	1	1	1	1	1
5	1	1	5	1000	8020	8020.012	9	16.015	3	5	1	2	4	35124	0	1000	1708	518	0	3	5	1	2	4	1522	1886	2246	2616	2984	6000	5000	1	1	1	1	1	1
5	2	0	5	1000	13020	13020.007	14	15.998	3	2	4	5	1	32451	0	1000	1740	426	0	3	2	4	5	1	1430	1782	2152	2512	2836	6000	5000	1	1	1	1	1	1
5	3	0	5	1000	18020	18020.02	19	11.986	3	5	1	2	4	35124	0	1000	1674	372	0	3	5	1	2	4	1376	1726	2082	2450	2804	6000	5000	1	1	1	1	1	1
5	4	0	5	1000	23020	23020.011	24	11.983	1	3	2	5	4	13254	0	1000	1686	352	0	1	3	2	5	4	1356	1698	2054	2420	2780	6000	5000	1	1	1	1	1	1
5	5	1	5	1000	28020	28020	29	9.999	3	2	4	5	1	32451	0	1000	1660	424	0	3	2	4	5	1	1428	1784	2124	2450	2758	6000	5000	1	1	1	1	1	1
5	6	1	5	1000	33020	33020.002	34	7.933	1	4	5	2	3	14523	0	1000	1680	398	0	1	4	5	2	3	1402	1748	2108	2466	2856	6000	5000	1	1	1	1	1	1
5	7	0	5	1000	38020	38020.001	39	6.002	1	3	2	5	4	13254	0	1000	1670	274	0	1	3	2	5	4	1278	1608	1952	2300	2676	6000	5000	1	1	1	1	1	1
5	8	1	5	1000	43020	43020.011	44	4.001	1	4	5	2	3	14523	0	1000	1708	418	0	1	4	5	2	3	1422	1772	2130	2492	2874	6000	5000	1	1	1	1	1	1
5	9	0	5	1000	48020	48020.041	49	1.953	1	4	5	2	3	14523	0	1000	1742	268	0	1	4	5	2	3	1272	1644	1996	2366	2768	6000	5000	1	1	1	1	1	1
5	10	1	5	1000	53020	53021.996	54	2.007	3	5	1	2	4	35124	0	1000	1562	402	0	3	5	1	2	4	1406	1736	2068	2424	2746	6000	5000	1	1	1	1	1	1
5	11	1	5	1000	58020	58021.997	59	0	1	4	5	2	3	14523	0	1000	1600	430	0	1	4	5	2	3	1434	1748	2076	2422	2796	6000	5000	1	1	1	1	1	1
5	12	0	5	1000	63020	63020.022	63	998.035	3	5	1	2	4	35124	0	1000	1538	376	0	3	5	1	2	4	1380	1690	2022	2378	2710	6000	5000	1	1	1	1	1	1
5	13	1	5	1000	68020	68020.049	68	996.051	3	2	4	5	1	32451	0	1000	2152	398	0	3	2	4	5	1	1402	1758	2112	2452	2802	6000	5000	1	1	1	1	1	1
5	14	0	5	1000	73020	73020.013	73	993.978	3	2	4	5	1	32451	0	1000	1718	404	0	3	2	4	5	1	1408	1770	2142	2480	2826	6000	5000	1	1	1	1	1	1
5	15	0	5	1000	78020	78020.006	78	991.988	1	3	2	5	4	13254	0	1000	1662	334	0	1	3	2	5	4	1338	1688	2054	2406	2784	6000	5000	1	1	1	1	1	1
5	16	0	5	1000	83020	83020.001	83	989.997	1	4	5	2	3	14523	0	1000	1626	368	0	1	4	5	2	3	1372	1694	2048	2392	2762	6000	5000	1	1	1	1	1	1
5	17	1	5	1000	88020	88020.038	88	990.025	3	2	4	5	1	32451	0	16000	1584	402	0	3	2	4	5	1	1406	1756	2094	2408	2726	6000	5000	1	1	1	1	1	1
5	18	1	5	1000	108020	108020.01	108	981.893	3	2	4	5	1	32451	0	1000	1706	552	0	3	2	4	5	1	1556	1928	2276	2630	2972	6000	5000	1	1	1	1	1	1
5	19	1	5	1000	113020	113021.996	113	981.998	1	3	2	5	4	13254	0	1000	1636	348	0	1	3	2	5	4	1352	1712	2082	2412	2774	6000	5000	1	1	1	1	1	1
5	20	0	5	1000	118020	118020.012	118	978	3	5	1	2	4	35124	0	1000	1666	434	0	3	5	1	2	4	1438	1776	2144	2542	2874	6000	5000	1	1	1	1	1	1
5	21	0	5	1000	123020	123020.009	123	976	3	2	4	5	1	32451	0	1000	1836	420	0	3	2	4	5	1	1424	1790	2140	2502	2852	6000	5000	1	1	1	1	1	1
5	22	0	5	1000	128020	128020.001	128	975.995	1	4	5	2	3	14523	0	1000	1622	302	0	1	4	5	2	3	1306	1644	1996	2354	2744	6000	5000	1	1	1	1	1	1
5	23	1	5	1000	133020	133021.989	133	975.985	1	3	2	5	4	13254	0	1000	1622	418	0	1	3	2	5	4	1422	1772	2146	2488	2860	6000	5000	1	1	1	1	1	1
5	24	1	5	1000	138020	138020.01	138	972.01	3	2	4	5	1	32451	0	1000	1682	412	0	3	2	4	5	1	1416	1768	2124	2466	2836	6000	5000	1	1	1	1	1	1
5	25	0	5	1000	143020	143020.022	143	970.007	3	5	1	2	4	35124	0	1000	1614	434	0	3	5	1	2	4	1438	1750	2118	2496	2850	6000	5000	1	1	1	1	1	1
5	26	1	5	1000	148020	148020.064	148	968.053	1	4	5	2	3	14523	0	1000	1598	614	0	1	4	5	2	3	1618	1942	2296	2654	3028	6000	5000	1	1	1	1	1	1
5	27	1	5	1000	153020	153020.001	153	965.998	1	4	5	2	3	14523	0	1000	1566	452	0	1	4	5	2	3	1456	1776	2110	2468	2844	6000	5000	1	1	1	1	1	1
5	28	0	5	1000	158020	158021.998	158	965.988	3	2	4	5	1	32451	0	1000	1846	422	0	3	2	4	5	1	1426	1796	2158	2518	2892	6000	5000	1	1	1	1	1	1
5	29	0	5	1000	163020	163020.008	163	963.999	3	2	4	5	1	32451	0	1000	2010	434	0	3	2	4	5	1	1438	1812	2170	2516	2870	6000	5000	1	1	1	1	1	1
5	30	1	5	1000	168020	168022.001	168	963.98	3	5	1	2	4	35124	0	1000	1636	400	0	3	5	1	2	4	1404	1732	2104	2482	2850	6000	5000	1	1	1	1	1	1
5	31	1	5	1000	173020	173021.999	173	961.999	1	3	2	5	4	13254	0	1000	1736	386	0	1	3	2	5	4	1390	1752	2122	2484	2868	6000	5000	1	1	1	1	1	1
5	32	0	5	1000	178020	178020	178	957.99	1	3	2	5	4	13254	0	1000	1700	394	0	1	3	2	5	4	1398	1748	2132	2492	2892	6000	5000	1	1	1	1	1	1
5	33	0	5	1000	183020	183020.013	183	956.011	3	5	1	2	4	35124	0	1000	1620	408	0	3	5	1	2	4	1412	1736	2100	2480	2862	6000	5000	1	1	1	1	1	1
5	34	0	5	1000	188020	188021.973	188	955.971	1	4	5	2	3	14523	0	16000	1518	406	0	1	4	5	2	3	1410	1720	2064	2406	2770	6000	5000	1	1	1	1	1	1
5	35	0	5	1000	208020	208020.109	208	948.104	1	4	5	2	3	14523	0	1000	0	958	0	1	4	5	2	3	1962	2750	3100	3450	3816	6000	5000	0	1	1	1	1	1
5	36	0	5	1000	213020	213021.998	213	947.99	1	4	5	2	3	14523	0	1000	1606	386	0	1	4	5	2	3	1390	1716	2068	2424	2820	6000	5000	1	1	1	1	1	1
5	37	0	5	1000	218020	218020.013	218	943.913	3	5	1	2	4	35124	0	1000	1648	372	0	3	5	1	2	4	1376	1712	2070	2458	2822	6000	5000	1	1	1	1	1	1
5	38	1	5	1000	223020	223020.001	223	941.987	1	3	2	5	4	13254	0	1000	1582	512	0	1	3	2	5	4	1516	1838	2190	2520	2884	6000	5000	1	1	1	1	1	1
5	39	1	5	1000	228020	228021.987	228	941.997	1	4	5	2	3	14523	0	1000	1524	330	0	1	4	5	2	3	1334	1650	2000	2324	2672	6000	5000	1	1	1	1	1	1
5	40	1	5	1000	233020	233021.992	233	942.018	1	3	2	5	4	13254	0	1000	1512	382	0	1	3	2	5	4	1386	1712	2044	2370	2718	6000	5000	1	1	1	1	1	1
5	41	0	5	1000	238020	238020.001	238	938	1	4	5	2	3	14523	0	1000	1564	506	0	1	4	5	2	3	1510	1838	2162	2518	2882	6000	5000	1	1	1	1	1	1
5	42	1	5	1000	243020	243021.989	243	937.99	1	4	5	2	3	14523	0	1000	1528	456	0	1	4	5	2	3	1460	1778	2098	2446	2840	6000	5000	1	1	1	1	1	1
5	43	1	5	1000	248020	248021.99	248	936.001	3	2	4	5	1	32451	0	1000	1702	368	0	3	2	4	5	1	1372	1720	2072	2400	2802	6000	5000	1	1	1	1	1	1
5	44	1	5	1000	253020	253021.984	253	933.977	3	2	4	5	1	32451	0	1000	1588	474	0	3	2	4	5	1	1478	1816	2142	2454	2820	6000	5000	1	1	1	1	1	1
5	45	1	5	1000	258020	258021.998	258	932.01	3	5	1	2	4	35124	0	1000	1542	448	0	3	5	1	2	4	1452	1786	2134	2472	2800	6000	5000	1	1	1	1	1	1
5	46	0	5	1000	263020	263021.99	263	929.975	1	4	5	2	3	14523	0	1000	1586	458	0	1	4	5	2	3	1462	1796	2156	2506	2872	6000	5000	1	1	1	1	1	1
5	47	0	5	1000	268020	268021.99	268	929.988	1	3	2	5	4	13254	0	1000	1836	440	0	1	3	2	5	4	1444	1924	2326	2680	3064	6000	5000	1	1	1	1	1	1
5	48	0	5	1000	273020	273021.989	273	928.007	3	2	4	5	1	32451	0	1000	1696	428	0	3	2	4	5	1	1432	1790	2138	2496	2878	6000	5000	1	1	1	1	1	1
5	49	1	5	1000	278020	278021.985	278	925.976	3	2	4	5	1	32451	0	1000	1750	436	0	3	2	4	5	1	1440	1774	2146	2526	2946	6000	5000	1	1	1	1	1	1
5	50	0	5	1000	283020	283021.989	283	924.002	1	3	2	5	4	13254	0	1000	1704	382	0	1	3	2	5	4	1386	1738	2110	2464	2872	6000	5000	1	1	1	1	1	1
5	51	1	5	1000	288020	288020.027	288	920.04	1	3	2	5	4	13254	0	16000	1784	464	0	1	3	2	5	4	1468	1844	2246	2614	2988	6000	5000	1	1	1	1	1	1
5	52	1	5	1000	308020	308021.999	308	916	1	3	2	5	4	13254	0	1000	1686	464	0	1	3	2	5	4	1468	1836	2210	2554	2932	6000	5000	1	1	1	1	1	1
5	53	0	5	1000	313020	313021.991	313	913.996	3	2	4	5	1	32451	0	1000	1662	512	0	3	2	4	5	1	1516	1868	2214	2564	2926	6000	5000	1	1	1	1	1	1
5	54	1	5	1000	318020	318021.99	318	912	1	4	5	2	3	14523	0	1000	1588	518	0	1	4	5	2	3	1522	1862	2206	2548	2906	6000	5000	1	1	1	1	1	1
5	55	1	5	1000	323020	323022.033	323	910.035	3	5	1	2	4	35124	0	1000	1564	532	0	3	5	1	2	4	1536	1852	2192	2548	2888	6000	5000	1	1	1	1	1	1
5	56	1	5	1000	328020	328021.988	328	908.001	3	5	1	2	4	35124	0	1000	1554	394	0	3	5	1	2	4	1398	1724	2068	2418	2766	6000	5000	1	1	1	1	1	1
5	57	0	5	1000	333020	333021.99	333	906.001	1	3	2	5	4	13254	0	1000	1526	474	0	1	3	2	5	4	1478	1802	2136	2452	2804	6000	5000	1	1	1	1	1	1
5	58	0	5	1000	338020	338021.987	338	905.983	1	3	2	5	4	13254	0	1000	1578	330	0	1	3	2	5	4	1334	1680	2026	2350	2700	6000	5000	1	1	1	1	1	1
5	59	1	5	1000	343020	343022.001	343	904.015	3	5	1	2	4	35124	0	1000	1512	396	0	3	5	1	2	4	1400	1708	2042	2362	2710	6000	5000	1	1	1	1	1	1
5	60	1	5	1000	348020	348021.993	348	902.007	3	2	4	5	1	32451	0	1000	1574	508	0	3	2	4	5	1	1512	1842	2184	2520	2864	6000	5000	1	1	1	1	1	1
5	61	0	5	1000	353020	353021.99	353	899.989	1	4	5	2	3	14523	0	1000	1496	390	0	1	4	5	2	3	1394	1706	2022	2338	2692	6000	5000	1	1	1	1	1	1
5	62	0	5	1000	358020	358020.001	358	896.012	3	2	4	5	1	32451	0	1000	1670	346	0	3	2	4	5	1	1350	1690	2042	2388	2774	6000	5000	1	1	1	1	1	1
5	63	1	5	1000	363020	363021.992	363	895.991	1	3	2	5	4	13254	0	1000	1558	506	0	1	3	2	5	4	1510	1830	2176	2488	2832	6000	5000	1	1	1	1	1	1
5	64	1	5	1000	368020	368021.967	368	893.976	1	3	2	5	4	13254	0	1000	1624	406	0	1	3	2	5	4	1410	1758	2096	2480	2840	6000	5000	1	1	1	1	1	1
5	65	1	5	1000	373020	373021.986	373	893.998	3	5	1	2	4	35124	0	1000	1618	422	0	3	5	1	2	4	1426	1744	2122	2510	2852	6000	5000	1	1	1	1	1	1
5	66	0	5	1000	378020	378020.022	378	890.021	3	5	1	2	4	35124	0	1000	1612	584	0	3	5	1	2	4	1588	1914	2284	2628	3016	6000	5000	1	1	1	1	1	1
5	67	0	5	1000	383020	383020.002	383	888.033	3	5	1	2	4	35124	0	1000	1634	466	0	3	5	1	2	4	1470	1826	2198	2560	2922	6000	5000	1	1	1	1	1	1
5	68	1	5	1000	388020	388022.001	388	888.001	3	5	1	2	4	35124	0	16000	1538	452	0	3	5	1	2	4	1456	1772	2154	2472	2828	6000	5000	1	1	1	1	1	1
6	1	1	5	1000	8020	8020.008	9	14.012	3	2	4	5	1	32451	0	1000	1724	632	0	3	2	4	5	1	1636	2052	2410	2754	3092	6000	5000	1	1	1	1	1	1
6	2	1	5	1000	13020	13020.004	14	12.008	1	4	5	2	3	14523	0	1000	1630	440	0	1	4	5	2	3	1444	1814	2160	2510	2904	6000	5000	1	1	1	1	1	1
6	3	0	5	1000	18020	18020.007	19	12.027	1	4	5	2	3	14523	0	1000	1612	362	0	1	4	5	2	3	1366	1710	2056	2416	2794	6000	5000	1	1	1	1	1	1
6	4	1	5	1000	23020	23020.005	24	9.998	1	4	5	2	3	14523	0	1000	1524	406	0	1	4	5	2	3	1410	1724	2062	2396	2748	6000	5000	1	1	1	1	1	1
6	5	0	5	1000	28020	28022.009	29	10.001	3	5	1	2	4	35124	0	1000	1570	400	0	3	5	1	2	4	1404	1698	2086	2448	2806	6000	5000	1	1	1	1	1	1
6	6	0	5	1000	33020	33020.018	34	6.012	3	2	4	5	1	32451	0	1000	1610	454	0	3	2	4	5	1	1458	1808	2162	2496	2822	6000	5000	1	1	1	1	1	1
6	7	1	5	1000	38020	38020.033	39	4.005	1	3	2	5	4	13254	0	1000	1552	386	0	1	3	2	5	4	1390	1752	2080	2416	2758	6000	5000	1	1	1	1	1	1
6	8	1	5	1000	43020	43020.021	44	1.892	3	5	1	2	4	35124	0	1000	1482	418	0	3	5	1	2	4	1422	1736	2080	2416	2736	6000	5000	1	1	1	1	1	1
6	9	0	5	1000	48020	48020.018	49	0	3	5	1	2	4	35124	0	1000	1544	408	0	3	5	1	2	4	1412	1732	2090	2448	2788	6000	5000	1	1	1	1	1	1
6	10	1	5	1000	53020	53020.006	54	0	1	4	5	2	3	14523	0	1000	1502	408	0	1	4	5	2	3	1412	1728	2060	2410	2766	6000	5000	1	1	1	1	1	1
6	11	1	5	1000	58020	58020.007	58	997.971	3	5	1	2	4	35124	0	1000	1460	520	0	3	5	1	2	4	1524	1840	2168	2510	2828	6000	5000	1	1	1	1	1	1
6	12	1	5	1000	63020	63020.129	63	996.11	1	3	2	5	4	13254	0	1000	1578	420	0	1	3	2	5	4	1424	1782	2140	2466	2832	6000	5000	1	1	1	1	1	1
6	13	1	5	1000	68020	68020.011	68	994.005	1	3	2	5	4	13254	0	1000	1560	472	0	1	3	2	5	4	1476	1820	2154	2486	2856	6000	5000	1	1	1	1	1	1
6	14	1	5	1000	73020	73020.038	73	992.033	1	4	5	2	3	14523	0	1000	1476	476	0	1	4	5	2	3	1480	1780	2106	2452	2822	6000	5000	1	1	1	1	1	1
6	15	1	5	1000	78020	78020.038	78	992.035	3	2	4	5	1	32451	0	1000	1568	402	0	3	2	4	5	1	1406	1742	2074	2408	2768	6000	5000	1	1	1	1	1	1
6	16	0	5	1000	83020	83020.007	83	989.994	3	5	1	2	4	35124	0	1000	1540	458	0	3	5	1	2	4	1462	1786	2112	2486	2866	6000	5000	1	1	1	1	1	1
6	17	1	5	1000	88020	88020.004	88	987.987	3	5	1	2	4	35124	0	16000	1644	502	0	3	5	1	2	4	1506	1850	2222	2604	2986	6000	5000	1	1	1	1	1	1
6	18	1	5	1000	108020	108020.029	108	980.023	3	5	1	2	4	35124	0	1000	1690	538	0	3	5	1	2	4	1542	1884	2282	2656	3042	6000	5000	1	1	1	1	1	1
6	19	1	5	1000	113020	113020.066	113	980.045	3	5	1	2	4	35124	0	1000	1666	482	0	3	5	1	2	4	1486	1830	2186	2578	2960	6000	5000	1	1	1	1	1	1
6	20	1	5	1000	118020	118020.006	118	978	3	2	4	5	1	32451	0	1000	1712	430	0	3	2	4	5	1	1434	1778	2136	2510	2908	6000	5000	1	1	1	1	1	1
6	21	0	5	1000	123020	123020.004	123	975.996	3	2	4	5	1	32451	0	1000	1642	484	0	3	2	4	5	1	1488	1844	2182	2546	2930	6000	5000	1	1	1	1	1	1
6	22	1	5	1000	128020	128020.008	128	974.002	3	5	1	2	4	35124	0	1000	1558	458	0	3	5	1	2	4	1462	1778	2176	2516	2862	6000	5000	1	1	1	1	1	1
6	23	0	5	1000	133020	133020.008	133	971.876	1	3	2	5	4	13254	0	1000	1614	396	0	1	3	2	5	4	1400	1768	2146	2492	2862	6000	5000	1	1	1	1	1	1
6	24	0	5	1000	138020	138020.013	138	969.982	3	5	1	2	4	35124	0	1000	1648	422	0	3	5	1	2	4	1426	1766	2152	2550	2912	6000	5000	1	1	1	1	1	1
6	25	1	5	1000	143020	143020.006	143	968.001	1	3	2	5	4	13254	0	1000	1426	466	0	1	3	2	5	4	1470	1778	2092	2376	2698	6000	5000	1	1	1	1	1	1
6	26	0	5	1000	148020	148020.028	148	967.999	1	3	2	5	4	13254	0	1000	1446	446	0	1	3	2	5	4	1450	1740	2070	2374	2696	6000	5000	1	1	1	1	1	1
6	27	1	5	1000	153020	153020.018	153	966.011	3	2	4	5	1	32451	0	1000	1366	354	0	3	2	4	5	1	1358	1644	1958	2226	2578	6000	5000	1	1	1	1	1	1
6	28	1	5	1000	158020	158020.016	158	964.01	3	5	1	2	4	35124	0	1000	1364	432	0	3	5	1	2	4	1436	1712	2030	2334	2648	6000	5000	1	1	1	1	1	1
6	29	0	5	1000	163020	163020.016	163	961.925	3	2	4	5	1	32451	0	1000	1382	442	0	3	2	4	5	1	1446	1736	2040	2326	2670	6000	5000	1	1	1	1	1	1
6	30	0	5	1000	168020	168020.019	168	960.012	1	3	2	5	4	13254	0	1000	1382	478	0	1	3	2	5	4	1482	1762	2066	2370	2688	6000	5000	1	1	1	1	1	1
6	31	1	5	1000	173020	173020.01	173	957.992	3	5	1	2	4	35124	0	1000	1342	510	0	3	5	1	2	4	1514	1780	2106	2396	2698	6000	5000	1	1	1	1	1	1
6	32	0	5	1000	178020	178020.008	178	955.86	1	4	5	2	3	14523	0	1000	1418	470	0	1	4	5	2	3	1474	1778	2076	2408	2740	6000	5000	1	1	1	1	1	1
6	33	0	5	1000	183020	183020.007	183	956.001	1	3	2	5	4	13254	0	1000	1408	446	0	1	3	2	5	4	1450	1778	2086	2386	2704	6000	5000	1	1	1	1	1	1
6	34	1	5	1000	188020	188020.019	188	954.01	1	4	5	2	3	14523	0	16000	1338	442	0	1	4	5	2	3	1446	1728	2024	2336	2654	6000	5000	1	1	1	1	1	1
6	35	1	5	1000	208020	208020.017	208	946.007	1	4	5	2	3	14523	0	1000	1510	500	0	1	4	5	2	3	1504	1828	2138	2474	2824	6000	5000	1	1	1	1	1	1
6	36	0	5	1000	213020	213020.008	213	943.889	3	2	4	5	1	32451	0	1000	1546	608	0	3	2	4	5	1	1612	1950	2266	2582	2928	6000	5000	1	1	1	1	1	1
6	37	1	5	1000	218020	218020.018	218	943.998	3	2	4	5	1	32451	0	1000	1510	406	0	3	2	4	5	1	1410	1714	2020	2334	2682	6000	5000	1	1	1	1	1	1
6	38	0	5	1000	223020	223020.019	223	942.001	1	3	2	5	4	13254	0	1000	1552	428	0	1	3	2	5	4	1432	1738	2076	2408	2756	6000	5000	1	1	1	1	1	1
6	39	1	5	1000	228020	228020.018	228	940.012	1	3	2	5	4	13254	0	1000	1452	382	0	1	3	2	5	4	1386	1692	2010	2324	2670	6000	5000	1	1	1	1	1	1
6	40	0	5	1000	233020	233022.018	233	940	3	2	4	5	1	32451	0	1000	1456	408	0	3	2	4	5	1	1412	1700	2040	2346	2688	6000	5000	1	1	1	1	1	1
6	41	1	5	1000	238020	238020.022	238	935.99	1	4	5	2	3	14523	0	1000	1320	512	0	1	4	5	2	3	1516	1784	2064	2374	2692	6000	5000	1	1	1	1	1	1
6	42	1	5	1000	243020	243020.018	243	934.001	1	4	5	2	3	14523	0	1000	1330	410	0	1	4	5	2	3	1414	1684	1968	2274	2586	6000	5000	1	1	1	1	1	1
6	43	0	5	1000	248020	248021.982	248	933.988	1	3	2	5	4	13254	0	1000	1466	424	0	1	3	2	5	4	1428	1704	2030	2330	2664	6000	5000	1	1	1	1	1	1
6	44	0	5	1000	253020	253020.002	253	932.001	1	3	2	5	4	13254	0	1000	1388	464	0	1	3	2	5	4	1468	1744	2058	2360	2672	6000	5000	1	1	1	1	1	1
6	45	0	5	1000	258020	258020.004	258	929.967	1	4	5	2	3	14523	0	1000	1344	364	0	1	4	5	2	3	1368	1636	1926	2250	2564	6000	5000	1	1	1	1	1	1
6	46	1	5	1000	263020	263021.999	263	930.024	3	2	4	5	1	32451	0	1000	1428	444	0	3	2	4	5	1	1448	1756	2058	2352	2670	6000	5000	1	1	1	1	1	1
6	47	1	5	1000	268020	268020.006	268	926.008	1	3	2	5	4	13254	0	1000	1370	380	0	1	3	2	5	4	1384	1674	1980	2270	2582	6000	5000	1	1	1	1	1	1
6	48	0	5	1000	273020	273021.998	273	926.02	1	4	5	2	3	14523	0	1000	1408	448	0	1	4	5	2	3	1452	1724	2036	2354	2678	6000	5000	1	1	1	1	1	1
6	49	0	5	1000	278020	278020	278	922.016	1	4	5	2	3	14523	0	1000	1380	478	0	1	4	5	2	3	1482	1774	2058	2364	2696	6000	5000	1	1	1	1	1	1
6	50	0	5	1000	283020	283020.001	283	922.004	3	5	1	2	4	35124	0	1000	1402	418	0	3	5	1	2	4	1422	1710	2040	2350	2670	6000	5000	1	1	1	1	1	1
6	51	0	5	1000	288020	288022.004	288	921.994	1	3	2	5	4	13254	0	16000	1468	464	0	1	3	2	5	4	1468	1746	2074	2384	2718	6000	5000	1	1	1	1	1	1
6	52	0	5	1000	308020	308022.002	308	914.016	1	3	2	5	4	13254	0	1000	1546	438	0	1	3	2	5	4	1442	1764	2094	2424	2806	6000	5000	1	1	1	1	1	1
6	53	0	5	1000	313020	313020.03	313	910.043	3	2	4	5	1	32451	0	1000	1456	492	0	3	2	4	5	1	1496	1816	2122	2416	2746	6000	5000	1	1	1	1	1	1
6	54	0	5	1000	318020	318020.001	318	909.961	1	4	5	2	3	14523	0	1000	1482	276	0	1	4	5	2	3	1280	1600	1926	2248	2602	6000	5000	1	1	1	1	1	1
6	55	1	5	1000	323020	323021.991	323	910.007	3	5	1	2	4	35124	0	1000	1432	452	0	3	5	1	2	4	1456	1750	2110	2430	2722	6000	5000	1	1	1	1	1	1
6	56	1	5	1000	328020	328020	328	906.013	1	4	5	2	3	14523	0	1000	1420	394	0	1	4	5	2	3	1398	1658	1976	2300	2658	6000	5000	1	1	1	1	1	1
6	57	1	5	1000	333020	333021.98	333	905.999	1	3	2	5	4	13254	0	1000	1436	338	0	1	3	2	5	4	1342	1620	1928	2248	2574	6000	5000	1	1	1	1	1	1
6	58	1	5	1000	338020	338021.98	338	903.993	3	2	4	5	1	32451	0	1000	1524	336	0	3	2	4	5	1	1340	1664	1988	2314	2674	6000	5000	1	1	1	1	1	1
6	59	1	5	1000	343020	343021.983	343	901.961	3	2	4	5	1	32451	0	1000	1522	386	0	3	2	4	5	1	1390	1702	2014	2330	2692	6000	5000	1	1	1	1	1	1
6	60	0	5	1000	348020	348021.981	348	899.981	1	4	5	2	3	14523	0	1000	1500	368	0	1	4	5	2	3	1372	1684	2004	2330	2690	6000	5000	1	1	1	1	1	1
6	61	1	5	1000	353020	353022.009	353	900.017	1	3	2	5	4	13254	0	1000	1476	432	0	1	3	2	5	4	1436	1744	2058	2372	2722	6000	5000	1	1	1	1	1	1
6	62	0	5	1000	358020	358021.978	358	897.978	3	5	1	2	4	35124	0	1000	1450	434	0	3	5	1	2	4	1438	1724	2048	2384	2736	6000	5000	1	1	1	1	1	1
6	63	0	5	1000	363020	363022.011	363	896.007	3	5	1	2	4	35124	0	1000	1466	464	0	3	5	1	2	4	1468	1770	2100	2428	2774	6000	5000	1	1	1	1	1	1
6	64	0	5	1000	368020	368021.994	368	894.004	1	4	5	2	3	14523	0	1000	1472	400	0	1	4	5	2	3	1404	1712	2052	2388	2732	6000	5000	1	1	1	1	1	1
6	65	0	5	1000	373020	373020.042	373	890.037	3	2	4	5	1	32451	0	1000	1418	540	0	3	2	4	5	1	1544	1820	2130	2432	2778	6000	5000	1	1	1	1	1	1
6	66	0	5	1000	378020	378020.004	378	888.006	3	2	4	5	1	32451	0	1000	1486	494	0	3	2	4	5	1	1498	1804	2118	2434	2790	6000	5000	1	1	1	1	1	1
6	67	0	5	1000	383020	383021.994	383	887.993	3	5	1	2	4	35124	0	1000	1478	514	0	3	5	1	2	4	1518	1806	2134	2456	2788	6000	5000	1	1	1	1	1	1
6	68	1	5	1000	388020	388020.014	388	886.002	3	2	4	5	1	32451	0	16000	1522	496	0	3	2	4	5	1	1500	1798	2134	2444	2804	6000	5000	1	1	1	1	1	1
7	1	1	5	1000	8020	8021.978	9	15.987	1	4	5	2	3	14523	0	1000	1526	518	0	1	4	5	2	3	1522	1852	2188	2544	2894	6000	5000	1	1	1	1	1	1
7	2	1	5	1000	13020	13022	14	16.006	1	3	2	5	4	13254	0	1000	1276	416	0	1	3	2	5	4	1420	1714	1974	2232	2510	6000	5000	1	1	1	1	1	1
7	3	1	5	1000	18020	18020.022	19	12.029	3	2	4	5	1	32451	0	1000	1454	402	0	3	2	4	5	1	1406	1706	2014	2298	2626	6000	5000	1	1	1	1	1	1
7	4	1	5	1000	23020	23021.991	24	12.005	1	3	2	5	4	13254	0	1000	1498	300	0	1	3	2	5	4	1304	1614	1940	2250	2582	6000	5000	1	1	1	1	1	1
7	5	1	5	1000	28020	28021.975	29	9.987	1	3	2	5	4	13254	0	1000	1460	392	0	1	3	2	5	4	1396	1694	2004	2300	2620	6000	5000	1	1	1	1	1	1
7	6	0	5	1000	33020	33022.009	34	8.021	1	4	5	2	3	14523	0	1000	1498	374	0	1	4	5	2	3	1378	1676	1996	2298	2634	6000	5000	1	1	1	1	1	1
7	7	0	5	1000	38020	38020.007	39	3.919	3	5	1	2	4	35124	0	1000	1500	300	0	3	5	1	2	4	1304	1602	1946	2254	2608	6000	5000	1	1	1	1	1	1
7	8	0	5	1000	43020	43020.005	44	4.01	1	4	5	2	3	14523	0	1000	1504	328	0	1	4	5	2	3	1332	1660	1990	2304	2650	6000	5000	1	1	1	1	1	1
7	9	1	5	1000	48020	48020.021	49	2.031	3	5	1	2	4	35124	0	1000	1432	390	0	3	5	1	2	4	1394	1694	2022	2326	2660	6000	5000	1	1	1	1	1	1
7	10	1	5	1000	53020	53020.001	54	0	1	4	5	2	3	14523	0	1000	1366	350	0	1	4	5	2	3	1354	1644	1938	2236	2550	6000	5000	1	1	1	1	1	1
7	11	0	5	1000	58020	58021.988	59	0	3	5	1	2	4	35124	0	1000	1504	426	0	3	5	1	2	4	1430	1738	2074	2378	2754	6000	5000	1	1	1	1	1	1
7	12	1	5	1000	63020	63020.001	63	996.003	3	5	1	2	4	35124	0	1000	1490	426	0	3	5	1	2	4	1430	1760	2090	2406	2738	6000	5000	1	1	1	1	1	1
7	13	0	5	1000	68020	68020.106	68	994.119	3	2	4	5	1	32451	0	1000	1512	452	0	3	2	4	5	1	1456	1768	2072	2376	2736	6000	5000	1	1	1	1	1	1
7	14	0	5	1000	73020	73021.988	73	995.965	3	5	1	2	4	35124	0	1000	1486	384	0	3	5	1	2	4	1388	1692	2044	2378	2708	6000	5000	1	1	1	1	1	1
7	15	0	5	1000	78020	78020.002	78	992.001	3	2	4	5	1	32451	0	1000	1458	410	0	3	2	4	5	1	1414	1728	2028	2322	2626	6000	5000	1	1	1	1	1	1
7	16	1	5	1000	83020	83021.988	83	991.999	1	3	2	5	4	13254	0	1000	1436	362	0	1	3	2	5	4	1366	1660	1966	2272	2590	6000	5000	1	1	1	1	1	1
7	17	1	5	1000	88020	88021.987	88	990.01	1	4	5	2	3	14523	0	16000	1424	442	0	1	4	5	2	3	1446	1738	2042	2334	2658	6000	5000	1	1	1	1	1	1
7	18	1	5	1000	108020	108021.988	108	983.978	1	4	5	2	3	14523	0	1000	1508	570	0	1	4	5	2	3	1574	1892	2210	2530	2890	6000	5000	1	1	1	1	1	1
7	19	1	5	1000	113020	113020.01	113	980.024	3	2	4	5	1	32451	0	1000	1800	542	0	3	2	4	5	1	1546	1872	2176	2488	2826	6000	5000	1	1	1	1	1	1
7	20	1	5	1000	118020	118020.01	118	978.013	3	5	1	2	4	35124	0	1000	1494	378	0	3	5	1	2	4	1382	1700	2028	2358	2684	6000	5000	1	1	1	1	1	1
7	21	0	5	1000	123020	123022.001	123	977.987	3	5	1	2	4	35124	0	1000	1454	388	0	3	5	1	2	4	1392	1694	2020	2324	2662	6000	5000	1	1	1	1	1	1
7	22	1	5	1000	128020	128021.988	128	975.989	1	4	5	2	3	14523	0	1000	1482	396	0	1	4	5	2	3	1400	1706	2008	2316	2660	6000	5000	1	1	1	1	1	1
7	23	1	5	1000	133020	133021.99	133	973.991	1	4	5	2	3	14523	0	1000	1468	256	0	1	4	5	2	3	1260	1554	1876	2190	2528	6000	5000	1	1	1	1	1	1
7	24	0	5	1000	138020	138021.989	138	972.001	1	4	5	2	3	14523	0	1000	1498	496	0	1	4	5	2	3	1500	1816	2146	2464	2814	6000	5000	1	1	1	1	1	1
7	25	1	5	1000	143020	143020.017	143	969.956	3	2	4	5	1	32451	0	1000	0	402	0	3	2	4	5	1	1406	1722	2038	2354	2714	6000	5000	0	1	1	1	1	1
7	26	0	5	1000	148020	148020	148	968.013	1	3	2	5	4	13254	0	1000	1444	378	0	1	3	2	5	4	1614	1944	2264	2556	2894	6000	5000	1	1	1	1	1	1
7	27	1	5	1000	153020	153020.005	153	965.894	3	5	1	2	4	35124	0	1000	1388	398	0	3	5	1	2	4	1402	1690	2004	2320	2622	6000	5000	1	1	1	1	1	1
7	28	0	5	1000	158020	158021.975	158	965.99	1	4	5	2	3	14523	0	1000	1454	400	0	1	4	5	2	3	1404	1700	2028	2352	2690	6000	5000	1	1	1	1	1	1
7	29	0	5	1000	163020	163021.996	163	963.995	3	2	4	5	1	32451	0	1000	1486	406	0	3	2	4	5	1	1410	1730	2042	2352	2684	6000	5000	1	1	1	1	1	1
7	30	1	5	1000	168020	168020.002	168	960.014	1	4	5	2	3	14523	0	1000	1454	470	0	1	4	5	2	3	1474	1748	2084	2414	2780	6000	5000	1	1	1	1	1	1
7	31	0	5	1000	173020	173021.988	173	961.967	3	2	4	5	1	32451	0	1000	1492	398	0	3	2	4	5	1	1402	1724	2062	2366	2740	6000	5000	1	1	1	1	1	1
7	32	1	5	1000	178020	178021.986	178	959.992	3	5	1	2	4	35124	0	1000	1428	424	0	3	5	1	2	4	1428	1726	2056	2380	2700	6000	5000	1	1	1	1	1	1
7	33	1	5	1000	183020	183021.988	183	958.011	3	5	1	2	4	35124	0	1000	1462	400	0	3	5	1	2	4	1404	1720	2054	2368	2706	6000	5000	1	1	1	1	1	1
7	34	1	5	1000	188020	188020.105	188	954.13	1	3	2	5	4	13254	0	16000	1448	504	0	1	3	2	5	4	1508	1810	2122	2440	2778	6000	5000	1	1	1	1	1	1
7	35	1	5	1000	208020	208021.987	208	949.987	1	3	2	5	4	13254	0	1000	1508	458	0	1	3	2	5	4	1462	1772	2100	2408	2770	6000	5000	1	1	1	1	1	1
7	36	0	5	1000	213020	213020.103	213	946.104	3	5	1	2	4	35124	0	1000	1540	440	0	3	5	1	2	4	1444	1776	2114	2448	2804	6000	5000	1	1	1	1	1	1
7	37	0	5	1000	218020	218022.002	218	946.007	3	5	1	2	4	35124	0	1000	1508	378	0	3	5	1	2	4	1382	1702	2030	2342	2698	6000	5000	1	1	1	1	1	1
7	38	1	5	1000	223020	223021.99	223	944.015	3	2	4	5	1	32451	0	1000	1534	404	0	3	2	4	5	1	1408	1732	2056	2362	2712	6000	5000	1	1	1	1	1	1
7	39	1	5	1000	228020	228021.982	228	942.005	1	4	5	2	3	14523	0	1000	1472	436	0	1	4	5	2	3	1440	1758	2084	2394	2778	6000	5000	1	1	1	1	1	1
7	40	1	5	1000	233020	233021.979	233	940.002	3	5	1	2	4	35124	0	1000	1420	468	0	3	5	1	2	4	1472	1762	2098	2428	2742	6000	5000	1	1	1	1	1	1
7	41	1	5	1000	238020	238021.977	238	937.988	3	2	4	5	1	32451	0	1000	1470	406	0	3	2	4	5	1	1410	1710	2032	2332	2694	6000	5000	1	1	1	1	1	1
7	42	0	5	1000	243020	243021.983	243	937.995	1	4	5	2	3	14523	0	1000	1482	492	0	1	4	5	2	3	1496	1820	2150	2484	2834	6000	5000	1	1	1	1	1	1
7	43	1	5	1000	248020	248021.968	248	936.001	1	3	2	5	4	13254	0	1000	1446	494	0	1	3	2	5	4	1498	1816	2124	2422	2756	6000	5000	1	1	1	1	1	1
7	44	1	5	1000	253020	253021.962	253	934.002	3	5	1	2	4	35124	0	1000	1430	404	0	3	5	1	2	4	1408	1712	2034	2356	2688	6000	5000	1	1	1	1	1	1
7	45	0	5	1000	258020	258021.963	258	932.004	1	3	2	5	4	13254	0	1000	1466	344	0	1	3	2	5	4	1348	1654	1970	2274	2600	6000	5000	1	1	1	1	1	1
7	46	0	5	1000	263020	263021.967	263	930.002	1	3	2	5	4	13254	0	1000	1464	322	0	1	3	2	5	4	1326	1644	1952	2262	2614	6000	5000	1	1	1	1	1	1
7	47	1	5	1000	268020	268021.966	268	927.993	3	2	4	5	1	32451	0	1000	1718	404	0	3	2	4	5	1	1408	1718	2044	2354	2724	6000	5000	1	1	1	1	1	1
7	48	1	5	1000	273020	273021.977	273	925.961	3	2	4	5	1	32451	0	1000	0	384	0	3	2	4	5	1	1388	1726	2042	2408	2836	6000	5000	0	1	1	1	1	1
7	49	0	5	1000	278020	278021.978	278	926.012	3	5	1	2	4	35124	0	1000	0	440	0	3	5	1	2	4	2564	2888	3236	3578	3930	6000	5000	0	1	1	1	1	1
7	50	1	5	1000	283020	283021.975	283	924.019	1	3	2	5	4	13254	0	1000	1478	656	0	1	3	2	5	4	1660	1948	2256	2578	2950	6000	5000	1	1	1	1	1	1
7	51	0	5	1000	288020	288021.959	288	921.979	1	3	2	5	4	13254	0	16000	1466	396	0	1	3	2	5	4	1400	1698	2030	2338	2676	6000	5000	1	1	1	1	1	1
7	52	0	5	1000	308020	308021.967	308	916.011	1	3	2	5	4	13254	0	1000	1590	518	0	1	3	2	5	4	1522	1858	2208	2550	2910	6000	5000	1	1	1	1	1	1
7	53	0	5	1000	313020	313021.975	313	914.004	3	2	4	5	1	32451	0	1000	2400	404	0	3	2	4	5	1	1408	1766	2106	2440	2830	6000	5000	1	1	1	1	1	1
7	54	0	5	1000	318020	318020	318	910.027	3	2	4	5	1	32451	0	1000	0	352	0	3	2	4	5	1	1356	1690	2020	2340	2684	6000	5000	0	1	1	1	1	1
7	55	1	5	1000	323020	323021.967	323	910.005	3	2	4	5	1	32451	0	1000	0	0	0	0	0	0	0	0	0	0	0	0	0	6000	5000	0	1	1	1	1	1
7	56	0	5	1000	328020	328021.965	328	908.004	3	2	4	5	1	32451	0	1000	2392	588	0	3	2	4	5	1	1610	1940	2278	2610	2948	6000	5000	1	1	1	1	1	1
7	57	0	5	1000	333020	333021.961	333	906.001	1	4	5	2	3	14523	0	1000	1544	532	0	1	4	5	2	3	1536	1860	2198	2538	2906	6000	5000	1	1	1	1	1	1
7	58	0	5	1000	338020	338021.961	338	904	1	3	2	5	4	13254	0	1000	1576	392	0	1	3	2	5	4	1396	1718	2056	2392	2748	6000	5000	1	1	1	1	1	1
7	59	0	5	1000	343020	343021.985	343	904.011	3	5	1	2	4	35124	0	1000	1454	482	0	3	5	1	2	4	1486	1784	2122	2432	2770	6000	5000	1	1	1	1	1	1
7	60	0	5	1000	348020	348021.961	348	901.998	1	3	2	5	4	13254	0	1000	1526	290	0	1	3	2	5	4	1294	1608	1934	2264	2628	6000	5000	1	1	1	1	1	1
7	61	1	5	1000	353020	353021.968	353	900.01	1	4	5	2	3	14523	0	1000	1498	552	0	1	4	5	2	3	1556	1876	2196	2530	2894	6000	5000	1	1	1	1	1	1
7	62	0	5	1000	358020	358021.984	358	898.021	1	3	2	5	4	13254	0	1000	1528	478	0	1	3	2	5	4	1482	1812	2158	2498	2842	6000	5000	1	1	1	1	1	1
7	63	1	5	1000	363020	363021.959	363	897.996	1	3	2	5	4	13254	0	1000	1446	498	0	1	3	2	5	4	1502	1806	2116	2424	2752	6000	5000	1	1	1	1	1	1
7	64	0	5	1000	368020	368021.971	368	895.983	3	2	4	5	1	32451	0	1000	0	442	0	3	2	4	5	1	1446	1762	2092	2398	2738	6000	5000	0	1	1	1	1	1
7	65	0	5	1000	373020	373022.02	373	892.038	1	3	2	5	4	13254	0	1000	0	0	0	0	0	0	0	0	0	0	0	0	0	6000	5000	0	1	1	1	1	1
7	66	0	5	1000	378020	378021.977	378	892.001	1	4	5	2	3	14523	0	1000	0	0	0	0	0	0	0	0	0	0	0	0	0	6000	5000	0	1	1	1	1	1
7	67	0	5	1000	383020	383021.978	383	889.968	1	4	5	2	3	14523	0	1000	0	0	0	0	0	0	0	0	0	0	0	0	0	6000	5000	0	1	1	1	1	1
7	68	1	5	1000	388020	388021.975	388	888.013	1	4	5	2	3	14523	0	16000	0	488	0	1	0	0	0	0	3926	0	0	0	0	6000	5000	0	1	1	1	1	1
8	1	0	5	1000	8020	8020.032	9	16.005	1	3	2	5	4	13254	0	1000	1752	498	0	1	3	2	5	4	1502	1858	2244	2612	2992	6000	5000	1	1	1	1	1	1
8	2	0	5	1000	13020	13020.021	14	13.955	1	4	5	2	3	14523	0	1000	1644	706	0	1	4	5	2	3	1710	2018	2398	2748	3134	6000	5000	1	1	1	1	1	1
8	3	0	5	1000	18020	18020.025	19	11.987	3	5	1	2	4	35124	0	1000	1780	422	0	3	5	1	2	4	1426	1768	2180	2538	2920	6000	5000	1	1	1	1	1	1
8	4	0	5	1000	23020	23020.01	24	9.981	1	3	2	5	4	13254	0	1000	1732	476	0	1	3	2	5	4	1480	1794	2190	2566	2948	6000	5000	1	1	1	1	1	1
8	5	0	5	1000	28020	28020.05	29	10.025	1	3	2	5	4	13254	0	1000	1724	394	0	1	3	2	5	4	1398	1740	2138	2504	2888	6000	5000	1	1	1	1	1	1
8	6	1	5	1000	33020	33020.027	34	8.009	1	3	2	5	4	13254	0	1000	1708	558	0	1	3	2	5	4	1562	1896	2284	2650	3034	6000	5000	1	1	1	1	1	1
8	7	1	5	1000	38020	38020.045	39	6.027	3	2	4	5	1	32451	0	1000	1746	432	0	3	2	4	5	1	1436	1820	2204	2564	2990	6000	5000	1	1	1	1	1	1
8	8	1	5	1000	43020	43020.016	44	4.001	1	3	2	5	4	13254	0	1000	1776	420	0	1	3	2	5	4	1424	1770	2178	2556	2942	6000	5000	1	1	1	1	1	1
8	9	0	5	1000	48020	48020.027	49	1.961	1	3	2	5	4	13254	0	1000	1762	470	0	1	3	2	5	4	1474	1820	2218	2596	2986	6000	5000	1	1	1	1	1	1
8	10	1	5	1000	53020	53020.014	54	0	3	5	1	2	4	35124	0	1000	1776	436	0	3	5	1	2	4	1440	1806	2218	2580	2968	6000	5000	1	1	1	1	1	1
8	11	1	5	1000	58020	58020.013	58	999.985	1	3	2	5	4	13254	0	1000	1812	504	0	1	3	2	5	4	1508	1872	2280	2678	3062	6000	5000	1	1	1	1	1	1
8	12	0	5	1000	63020	63020.062	63	998.035	1	4	5	2	3	14523	0	1000	1620	510	0	1	4	5	2	3	1514	1842	2210	2566	2944	6000	5000	1	1	1	1	1	1
8	13	1	5	1000	68020	68020.045	68	996.03	1	3	2	5	4	13254	0	1000	1612	616	0	1	3	2	5	4	1620	1940	2300	2648	3002	6000	5000	1	1	1	1	1	1
8	14	1	5	1000	73020	73020.151	73	994.124	1	3	2	5	4	13254	0	1000	1658	466	0	1	3	2	5	4	1470	1808	2176	2524	2884	6000	5000	1	1	1	1	1	1
8	15	1	5	1000	78020	78020.014	78	991.976	1	4	5	2	3	14523	0	1000	1560	540	0	1	4	5	2	3	1544	1866	2216	2576	2924	6000	5000	1	1	1	1	1	1
8	16	1	5	1000	83020	83020.03	83	990.002	3	5	1	2	4	35124	0	1000	1660	416	0	3	5	1	2	4	1420	1764	2166	2506	2872	6000	5000	1	1	1	1	1	1
8	17	1	5	1000	88020	88020.035	88	989.955	1	4	5	2	3	14523	0	16000	1542	594	0	1	4	5	2	3	1598	1904	2246	2588	2956	6000	5000	1	1	1	1	1	1
8	18	1	5	1000	108020	108020.038	108	981.985	1	4	5	2	3	14523	0	1000	1686	702	0	1	4	5	2	3	1706	2048	2408	2766	3162	6000	5000	1	1	1	1	1	1
8	19	0	5	1000	113020	113020.033	113	979.994	1	4	5	2	3	14523	0	1000	1278	642	1	1	4	5	5	2	1646	1974	2330	2630	2696	6000	5000	0	1	1	1	1	1
8	20	1	5	1000	118020	118020.027	118	977.987	3	5	1	2	4	35124	0	1000	1838	500	1	3	5	5	1	4	1504	1866	2144	2304	3162	6000	5000	0	1	1	1	1	1
8	21	0	5	1000	123020	123020.058	123	978.018	1	3	2	5	4	13254	0	1000	1798	466	0	1	3	2	5	4	1470	1838	2248	2650	3064	6000	5000	1	1	1	1	1	1
8	22	1	5	1000	128020	128020.028	128	976.012	1	4	5	2	3	14523	0	1000	1808	626	0	1	4	5	2	3	1630	2030	2446	2842	3246	6000	5000	1	1	1	1	1	1
8	23	1	5	1000	133020	133020.029	133	973.979	3	2	4	5	1	32451	0	1000	1850	484	0	3	2	4	5	1	1488	1896	2292	2696	3160	6000	5000	1	1	1	1	1	1
8	24	1	5	1000	138020	138020.038	138	974.022	3	5	1	2	4	35124	0	1000	2236	434	0	3	5	1	2	4	1438	1824	2734	3108	3494	6000	5000	1	1	1	1	1	1
8	25	0	5	1000	143020	143020.038	143	970.013	3	2	4	5	1	32451	0	1000	1710	544	0	3	2	4	5	1	1548	1926	2308	2688	3142	6000	5000	1	1	1	1	1	1
8	26	1	5	1000	148020	148020.025	148	967.876	1	3	2	5	4	13254	0	1000	1612	882	0	1	3	2	5	4	1886	2232	2604	2948	3328	6000	5000	1	1	1	1	1	1
8	27	0	5	1000	153020	153020.027	153	966.001	3	5	1	2	4	35124	0	1000	1744	598	0	3	5	1	2	4	1602	1998	2476	2812	3172	6000	5000	1	1	1	1	1	1
8	28	0	5	1000	158020	158020.028	158	965.877	1	4	5	2	3	14523	0	1000	1566	576	0	1	4	5	2	3	1580	1918	2256	2606	2970	6000	5000	1	1	1	1	1	1
8	29	1	5	1000	163020	163020.029	163	964.001	1	4	5	2	3	14523	0	1000	1684	530	0	1	4	5	2	3	1534	1886	2258	2638	3030	6000	5000	1	1	1	1	1	1
8	30	1	5	1000	168020	168020.024	168	962.008	1	3	2	5	4	13254	0	1000	1712	518	0	1	3	2	5	4	1522	1880	2288	2646	3048	6000	5000	1	1	1	1	1	1
8	31	1	5	1000	173020	173020.029	173	959.993	3	5	1	2	4	35124	0	1000	1732	552	0	3	5	1	2	4	1556	1904	2368	2720	3094	6000	5000	1	1	1	1	1	1
8	32	1	5	1000	178020	178020.016	178	959.858	3	5	1	2	4	35124	0	1000	2206	408	0	3	5	1	2	4	1412	1768	2678	3040	3412	6000	5000	1	1	1	1	1	1
8	33	1	5	1000	183020	183020.039	183	956.023	3	2	4	5	1	32451	0	1000	1748	456	0	3	2	4	5	1	1460	1792	2208	2590	3032	6000	5000	1	1	1	1	1	1
8	34	1	5	1000	188020	188020.015	188	955.939	3	2	4	5	1	32451	0	16000	1752	396	0	3	2	4	5	1	1400	1766	2152	2528	2956	6000	5000	1	1	1	1	1	1
8	35	1	5	1000	208020	208020.03	208	948.003	3	2	4	5	1	32451	0	1000	1772	498	0	3	2	4	5	1	1502	1886	2282	2676	3128	6000	5000	1	1	1	1	1	1
8	36	0	5	1000	213020	213020.027	213	946.025	3	5	1	2	4	35124	0	1000	1758	400	0	3	5	1	2	4	1404	1764	2194	2568	2966	6000	5000	1	1	1	1	1	1
8	37	1	5	1000	218020	218020.027	218	944.001	3	2	4	5	1	32451	0	1000	1726	488	0	3	2	4	5	1	1492	1856	2254	2630	3138	6000	5000	1	1	1	1	1	1
8	38	0	5	1000	223020	223020.042	223	944.002	1	4	5	2	3	14523	0	1000	1696	508	0	1	4	5	2	3	1512	1838	2218	2592	2996	6000	5000	1	1	1	1	1	1
8	39	1	5	1000	228020	228020	228	941.981	3	2	4	5	1	32451	0	1000	1704	396	0	3	2	4	5	1	1400	1764	2144	2518	2956	6000	5000	1	1	1	1	1	1
8	40	0	5	1000	233020	233020.01	233	939.991	3	2	4	5	1	32451	0	1000	1728	502	0	3	2	4	5	1	1506	1886	2266	2634	3078	6000	5000	1	1	1	1	1	1
8	41	0	5	1000	238020	238020.018	238	937.998	3	5	1	2	4	35124	0	1000	1754	474	0	3	5	1	2	4	1478	1830	2262	2636	3018	6000	5000	1	1	1	1	1	1
8	42	1	5	1000	243020	243020.027	243	935.997	3	5	1	2	4	35124	0	1000	2228	468	0	3	5	1	2	4	1472	1832	2756	3126	3498	6000	5000	1	1	1	1	1	1
8	43	0	5	1000	248020	248020.002	248	933.981	3	5	1	2	4	35124	0	1000	1824	468	0	3	5	1	2	4	1472	1852	2270	2666	3070	6000	5000	1	1	1	1	1	1
8	44	0	5	1000	253020	253020.033	253	932.031	3	5	1	2	4	35124	0	1000	1730	524	0	3	5	1	2	4	1528	1870	2288	2656	3046	6000	5000	1	1	1	1	1	1
8	45	0	5	1000	258020	258022.016	258	934.014	3	2	4	5	1	32451	0	1000	1836	474	0	3	2	4	5	1	1478	1848	2254	2654	3120	6000	5000	1	1	1	1	1	1
8	46	1	5	1000	263020	263020	263	929.993	3	5	1	2	4	35124	0	1000	1820	562	0	3	5	1	2	4	1566	1962	2402	2772	3176	6000	5000	1	1	1	1	1	1
8	47	0	5	1000	268020	268020	268	927.999	1	4	5	2	3	14523	0	1000	1690	636	0	1	4	5	2	3	1640	1988	2368	2752	3162	6000	5000	1	1	1	1	1	1
8	48	0	5	1000	273020	273020.004	273	926.007	3	2	4	5	1	32451	0	1000	1868	434	0	3	2	4	5	1	1438	1816	2202	2608	3114	6000	5000	1	1	1	1	1	1
8	49	0	5	1000	278020	278020.001	278	923.992	3	2	4	5	1	32451	0	1000	1690	436	0	3	2	4	5	1	1440	1816	2200	2580	3038	6000	5000	1	1	1	1	1	1
8	50	0	5	1000	283020	283020.002	283	922.005	1	4	5	2	3	14523	0	1000	1658	406	0	1	4	5	2	3	1410	1750	2118	2482	2872	6000	5000	1	1	1	1	1	1
8	51	0	5	1000	288020	288020	288	920.001	1	4	5	2	3	14523	0	16000	1658	1096	0	1	4	5	2	3	2100	2420	2800	3172	3556	6000	5000	1	1	1	1	1	1
8	52	0	5	1000	308020	308020.004	308	914	1	4	5	2	3	14523	0	1000	1706	558	0	1	4	5	2	3	1562	1930	2290	2666	3070	6000	5000	1	1	1	1	1	1
8	53	0	5	1000	313020	313020	313	911.998	1	3	2	5	4	13254	0	1000	1796	702	0	1	3	2	5	4	1706	2074	2474	2880	3286	6000	5000	1	1	1	1	1	1
8	54	1	5	1000	318020	318020.003	318	911.972	3	2	4	5	1	32451	0	1000	1780	512	0	3	2	4	5	1	1516	1890	2290	2688	3126	6000	5000	1	1	1	1	1	1
8	55	1	5	1000	323020	323020.005	323	907.984	1	4	5	2	3	14523	0	1000	1660	596	0	1	4	5	2	3	1600	1928	2316	2680	3068	6000	5000	1	1	1	1	1	1
8	56	0	5	1000	328020	328022.003	328	910.003	3	2	4	5	1	32451	0	1000	1752	586	0	3	2	4	5	1	1590	1984	2362	2746	3204	6000	5000	1	1	1	1	1	1
8	57	1	5	1000	333020	333020	333	905.987	3	2	4	5	1	32451	0	1000	1720	548	0	3	2	4	5	1	1552	1924	2298	2698	3208	6000	5000	1	1	1	1	1	1
8	58	0	5	1000	338020	338022.004	338	906.007	1	3	2	5	4	13254	0	1000	0	1390	0	1	3	2	5	4	2394	2796	3200	3582	3988	6000	5000	0	1	1	1	1	1
8	59	0	5	1000	343020	343020.005	343	901.984	3	2	4	5	1	32451	0	1000	1776	608	0	3	2	4	5	1	1612	1972	2370	2764	3252	6000	5000	1	1	1	1	1	1
8	60	1	5	1000	348020	348022.021	348	902.016	1	4	5	2	3	14523	0	1000	1618	592	0	1	4	5	2	3	1596	1898	2274	2638	3038	6000	5000	1	1	1	1	1	1
8	61	1	5	1000	353020	353020.001	353	897.994	1	4	5	2	3	14523	0	1000	1654	730	0	1	4	5	2	3	1734	2056	2434	2796	3180	6000	5000	1	1	1	1	1	1
8	62	0	5	1000	358020	358020.001	358	896.002	3	5	1	2	4	35124	0	1000	1684	446	0	3	5	1	2	4	1450	1796	2226	2556	2934	6000	5000	1	1	1	1	1	1
8	63	1	5	1000	363020	363020.001	363	895.994	1	4	5	2	3	14523	0	1000	1600	684	0	1	4	5	2	3	1688	2004	2370	2726	3130	6000	5000	1	1	1	1	1	1
8	64	0	5	1000	368020	368020.001	368	894.001	1	3	2	5	4	13254	0	1000	1718	528	0	1	3	2	5	4	1532	1870	2264	2644	3050	6000	5000	1	1	1	1	1	1
8	65	0	5	1000	373020	373020.011	373	892.01	3	5	1	2	4	35124	0	1000	0	540	0	3	5	1	2	0	1544	1888	3322	3708	0	6000	5000	0	1	1	1	1	1
8	66	1	5	1000	378020	378021.998	378	891.99	1	3	2	5	4	13254	0	1000	1788	612	0	1	3	2	5	4	1616	1990	2378	2744	3144	6000	5000	1	1	1	1	1	1
8	67	0	5	1000	383020	383022.01	383	890.01	3	2	4	5	1	32451	0	1000	1816	428	0	3	2	4	5	1	1432	1810	2200	2582	3040	6000	5000	1	1	1	1	1	1
8	68	0	5	1000	388020	388020	388	886.002	1	3	2	5	4	13254	0	16000	1804	504	0	1	3	2	5	4	1508	1876	2288	2670	3080	6000	5000	1	1	1	1	1	1