BN	TN	seqType	Horizon	PrepTime	startTime	startTimeReal	startTRReal	startTRtime	press0	press1	press2	press3	press4	cueP	complete	iti	MT	RT	isError	response0	response1	response2	response3	response4	pressTime0	pressTime1	pressTime2	pressTime3	pressTime4	timeThreshold	timeThresholdSuper	points	Gain1	Gain2	Gain3	Gain4	Gain5
1	1	1	5	1000	8020	8022	9	17.999	3	2	4	5	1	32451	0	1000	1444	742	1	3	1	2	4	5	1746	2138	2164	2482	2718	6000	5000	0	1	1	1	1	1
1	2	1	5	1000	13020	13021.988	14	15.986	3	5	1	2	4	35124	0	1000	1154	796	0	3	5	1	2	4	1800	2130	2398	2600	2850	6000	5000	1	1	1	1	1	1
1	3	0	5	1000	18020	18022.019	19	14.033	1	3	2	5	4	13254	0	1000	1348	462	0	1	3	2	5	4	1818	2012	2282	2520	2764	6000	5000	1	1	1	1	1	1
1	4	1	5	1000	23020	23020.005	24	12.029	1	3	2	5	4	13254	0	1000	1514	538	0	1	3	2	5	4	1542	1784	2056	2254	2476	6000	5000	1	1	1	1	1	1
1	5	1	5	1000	28020	28021.986	29	11.983	3	5	1	2	4	35124	0	1000	1494	428	0	3	5	1	2	4	1432	1640	1936	2172	2490	6000	5000	1	1	1	1	1	1
1	6	1	5	1000	33020	33021.996	34	10.007	3	5	1	2	4	35124	0	1000	2442	316	0	3	5	1	2	4	1320	1542	1764	2020	2292	6000	5000	1	1	1	1	1	1
1	7	1	5	1000	38020	38021.997	39	7.997	3	2	4	5	1	32451	0	1000	0	424	0	3	2	4	5	1	1920	2150	2402	2612	2836	6000	5000	0	1	1	1	1	1
1	8	1	5	1000	43020	43022.003	44	6.014	1	4	5	2	3	14523	0	1000	0	304	0	1	4	5	2	3	2228	2496	2720	2968	3222	6000	5000	0	1	1	1	1	1
1	9	0	5	1000	48020	48021.997	49	4.011	3	2	4	5	1	32451	0	1000	0	446	0	3	2	4	5	1	1450	1700	1966	2206	2712	6000	5000	0	1	1	1	1	1
1	10	0	5	1000	53020	53020.001	54	0	3	5	1	2	4	35124	0	1000	1784	448	0	3	5	1	2	4	1874	2138	2386	2680	3040	6000	5000	1	1	1	1	1	1
1	11	0	5	1000	58020	58020.012	59	0	3	2	4	5	1	32451	0	1000	1506	352	0	3	2	4	5	1	1678	1924	2222	2498	2748	6000	5000	1	1	1	1	1	1
1	12	0	5	1000	63020	63022.01	64	0	1	4	5	2	3	14523	0	1000	1264	364	0	1	4	5	2	3	1370	1654	1894	2150	2424	6000	5000	1	1	1	1	1	1
1	13	1	5	1000	68020	68021.986	68	997.996	1	4	5	2	3	14523	0	1000	0	388	0	1	4	5	2	3	1498	1732	1958	2164	2398	6000	5000	0	1	1	1	1	1
1	14	1	5	1000	73020	73021.979	73	995.981	1	4	5	2	3	14523	0	1000	0	0	0	0	0	0	0	0	0	0	0	0	0	6000	5000	0	1	1	1	1	1
1	15	1	5	1000	78020	78020.014	78	992.028	1	3	2	5	4	13254	0	1000	1112	378	0	1	3	2	5	4	2884	3144	3374	3578	3816	6000	5000	1	1	1	1	1	1
1	16	1	5	1000	83020	83022.016	83	992.019	1	4	5	2	3	14523	0	1000	2360	518	0	1	4	5	2	3	1522	1754	1956	2176	2446	6000	5000	1	1	1	1	1	1
1	17	1	5	1000	88020	88020.002	88	990.002	3	5	1	2	4	35124	0	16000	0	446	0	3	5	1	2	4	1450	1672	2166	2430	2680	6000	5000	0	1	1	1	1	1
1	18	1	5	1000	108020	108022.001	108	984.002	3	5	1	2	4	35124	0	1000	0	520	0	3	5	1	2	4	1528	1776	2008	2282	2632	6000	5000	0	1	1	1	1	1
1	19	0	5	1000	113020	113021.999	113	981.994	3	2	4	5	1	32451	0	1000	0	0	0	0	0	0	0	0	0	0	0	0	0	6000	5000	0	1	1	1	1	1
1	20	1	5	1000	118020	118021.998	118	980.014	3	5	1	2	4	35124	0	1000	0	508	0	3	5	1	0	0	3378	3610	3826	0	0	6000	5000	0	1	1	1	1	1
1	21	0	5	1000	123020	123020.004	123	976.007	1	4	5	2	3	14523	0	1000	1188	460	0	1	4	5	2	3	1464	1724	1930	2150	2360	6000	5000	1	1	1	1	1	1
1	22	0	5	1000	128020	128022	128	978.013	3	2	4	5	1	32451	0	1000	1308	400	0	3	2	4	5	1	1404	1612	1888	2086	2200	6000	5000	1	1	1	1	1	1
1	23	1	5	1000	133020	133020.014	133	974.023	3	2	4	5	1	32451	0	1000	0	408	0	3	2	4	5	1	1412	1592	1826	2020	2168	6000	5000	0	1	1	1	1	1
1	24	0	5	1000	138020	138022.007	138	973.981	1	3	2	5	4	13254	0	1000	1208	400	0	1	3	2	5	4	1404	1610	1808	1992	2172	6000	5000	1	1	1	1	1	1
1	25	1	5	1000	143020	143020.019	143	970.032	3	5	1	2	4	35124	0	1000	1874	310	1	3	5	1	2	5	1314	1456	1630	1810	1974	6000	5000	0	1	1	1	1	1
1	26	1	5	1000	148020	148021.991	148	970.001	1	3	2	5	4	13254	0	1000	1154	374	0	1	3	2	5	4	1378	1600	1824	2044	2272	6000	5000	1	1	1	1	1	1
1	27	1	5	1000	153020	153021.999	153	968.014	1	3	2	5	4	13254	0	1000	1740	604	0	1	3	2	5	4	1608	1832	2064	2350	2594	6000	5000	1	1	1	1	1	1
1	28	0	5	1000	158020	158020.013	158	964.024	1	4	5	2	3	14523	0	1000	0	340	0	1	4	5	2	3	1506	1744	1966	2180	2408	6000	5000	0	1	1	1	1	1
1	29	0	5	1000	163020	163020.008	163	964.007	1	4	5	2	3	14523	0	1000	0	0	0	0	0	0	0	0	0	0	0	0	0	6000	5000	0	1	1	1	1	1
1	30	1	5	1000	168020	168021.987	168	963.988	1	3	2	5	4	13254	0	1000	1128	494	0	1	3	2	5	4	1498	1738	1958	2166	2362	6000	5000	1	1	1	1	1	1
1	31	1	5	1000	173020	173020.016	173	960.028	3	2	4	5	1	32451	0	1000	1290	420	0	3	2	4	5	1	1424	1652	1888	2082	2278	6000	5000	1	1	1	1	1	1
1	32	0	5	1000	178020	178020.001	178	957.922	3	2	4	5	1	32451	0	1000	1278	370	0	3	2	4	5	1	1374	1584	1846	2064	2184	6000	5000	1	1	1	1	1	1
1	33	0	5	1000	183020	183021.987	183	957.971	3	2	4	5	1	32451	0	1000	1190	404	0	3	2	4	5	1	1408	1650	1924	2156	2336	6000	5000	1	1	1	1	1	1
1	34	0	5	1000	188020	188021.999	188	955.983	1	3	2	5	4	13254	0	16000	1456	342	0	1	3	2	5	4	1418	1656	1934	2508	2688	6000	5000	1	1	1	1	1	1
1	35	0	5	1000	208020	208022.001	208	950.004	1	3	2	5	4	13254	0	1000	1230	404	0	1	3	2	5	4	1408	1652	1928	2196	2434	6000	5000	1	1	1	1	1	1
1	36	0	5	1000	213020	213021.988	213	947.989	1	3	2	5	4	13254	0	1000	1190	428	0	1	3	2	5	4	1432	1704	1960	2182	2410	6000	5000	1	1	1	1	1	1
1	37	0	5	1000	218020	218022.001	218	946.013	3	2	4	5	1	32451	0	1000	1028	442	0	3	2	4	5	1	1446	1672	1930	2142	2306	6000	5000	1	1	1	1	1	1
1	38	1	5	1000	223020	223021.998	223	943.999	1	4	5	2	3	14523	0	1000	1200	490	0	1	4	5	2	3	1494	1746	1984	2182	2446	6000	5000	1	1	1	1	1	1
1	39	0	5	1000	228020	228020.003	228	940.018	3	5	1	2	4	35124	0	1000	1242	426	0	3	5	1	2	4	1430	1634	1868	2178	2452	6000	5000	1	1	1	1	1	1
1	40	0	5	1000	233020	233021.999	233	942.005	1	4	5	2	3	14523	0	1000	1300	456	0	1	4	5	2	3	1460	1720	1964	2160	2410	6000	5000	1	1	1	1	1	1
1	41	1	5	1000	238020	238021.999	238	940.003	3	5	1	2	4	35124	0	1000	1816	492	1	3	5	1	2	5	1496	1704	1924	2148	2330	6000	5000	0	1	1	1	1	1
1	42	0	5	1000	243020	243021.997	243	938.008	3	5	1	2	4	35124	0	1000	0	490	0	3	5	1	2	4	1690	1890	2038	2262	2566	6000	5000	0	1	1	1	1	1
1	43	0	5	1000	248020	248022.001	248	938.003	1	3	2	5	4	13254	0	1000	0	336	0	1	3	2	5	4	1468	1694	1934	2134	2342	6000	5000	0	1	1	1	1	1
1	44	0	5	1000	253020	253022.001	253	934.004	3	5	1	2	4	35124	0	1000	0	0	0	0	0	0	0	0	0	0	0	0	0	6000	5000	0	1	1	1	1	1
1	45	0	5	1000	258020	258022	258	931.993	3	5	1	2	4	35124	0	1000	1190	402	0	3	5	1	2	4	1406	1616	1790	2058	2298	6000	5000	1	1	1	1	1	1
1	46	1	5	1000	263020	263021.999	263	930.004	1	3	2	5	4	13254	0	1000	0	530	0	1	3	2	5	4	1534	1764	1984	2194	2404	6000	5000	0	1	1	1	1	1
1	47	0	5	1000	268020	268022.095	268	930.107	1	3	2	5	4	13254	0	1000	0	830	0	1	3	2	5	4	1834	2060	2292	2534	2702	6000	5000	0	1	1	1	1	1
1	48	0	5	1000	273020	273020	273	925.997	1	4	5	2	3	14523	0	1000	0	0	0	0	0	0	0	0	0	0	0	0	0	6000	5000	0	1	1	1	1	1
1	49	1	5	1000	278020	278020	278	923.897	3	2	4	5	1	32451	0	1000	1650	478	0	3	2	4	5	1	1482	1714	1970	2182	2372	6000	5000	1	1	1	1	1	1
1	50	0	5	1000	283020	283021.997	283	923.999	3	5	1	2	4	35124	0	1000	1134	392	0	3	5	1	2	4	1396	1588	1676	1998	2298	6000	5000	1	1	1	1	1	1
1	51	1	5	1000	288020	288021.979	288	921.985	1	4	5	2	3	14523	0	16000	1332	466	1	1	4	5	2	5	1470	1712	1936	2172	2360	6000	5000	0	1	1	1	1	1
1	52	1	5	1000	308020	308021.986	308	915.998	1	4	5	2	3	14523	0	1000	1246	492	0	1	4	5	2	3	1496	1744	1972	2130	2374	6000	5000	1	1	1	1	1	1
1	53	0	5	1000	313020	313021.997	313	913.997	1	3	2	5	4	13254	0	1000	1084	410	0	1	3	2	5	4	1414	1642	1850	2048	2208	6000	5000	1	1	1	1	1	1
1	54	1	5	1000	318020	318021.997	318	912.002	3	2	4	5	1	32451	0	1000	1378	426	0	3	2	4	5	1	1430	1658	1896	2112	2314	6000	5000	1	1	1	1	1	1
1	55	1	5	1000	323020	323021.995	323	909.986	3	2	4	5	1	32451	0	1000	1262	434	0	3	2	4	5	1	1438	1622	1850	2070	2282	6000	5000	1	1	1	1	1	1
1	56	0	5	1000	328020	328021.986	328	907.981	1	4	5	2	3	14523	0	1000	1244	378	0	1	4	5	2	3	1382	1626	1838	2058	2294	6000	5000	1	1	1	1	1	1
1	57	0	5	1000	333020	333021.989	333	905.992	3	5	1	2	4	35124	0	1000	1836	360	0	3	5	1	2	4	1364	1566	1774	1998	2196	6000	5000	1	1	1	1	1	1
1	58	1	5	1000	338020	338020.002	338	903.986	3	5	1	2	4	35124	0	1000	1354	462	0	3	5	1	2	4	1466	1644	1806	1998	2186	6000	5000	1	1	1	1	1	1
1	59	1	5	1000	343020	343020.001	343	901.984	1	4	5	2	3	14523	0	1000	970	510	0	1	4	5	2	3	1514	1736	1944	2074	2264	6000	5000	1	1	1	1	1	1
1	60	0	5	1000	348020	348022.001	348	902.014	1	4	5	2	3	14523	0	1000	1020	460	0	1	4	5	2	3	1464	1684	1900	2042	2264	6000	5000	1	1	1	1	1	1
1	61	0	5	1000	353020	353020.001	353	898	1	3	2	5	4	13254	0	1000	1036	408	0	1	3	2	5	4	1412	1644	1878	2064	2254	6000	5000	1	1	1	1	1	1
1	62	1	5	1000	358020	358021.98	358	897.98	1	4	5	2	3	14523	0	1000	998	450	0	1	4	5	2	3	1454	1658	1874	2004	2218	6000	5000	1	1	1	1	1	1
1	63	1	5	1000	363020	363022.002	363	895.997	3	2	4	5	1	32451	0	1000	1142	410	0	3	2	4	5	1	1414	1612	1842	2094	2320	6000	5000	1	1	1	1	1	1
1	64	1	5	1000	368020	368022.007	368	894.008	1	3	2	5	4	13254	0	1000	1126	368	0	1	3	2	5	4	1372	1580	1800	2066	2290	6000	5000	1	1	1	1	1	1
1	65	0	5	1000	373020	373021.984	373	893.987	3	2	4	5	1	32451	0	1000	1348	412	0	3	2	4	5	1	1416	1612	1884	2114	2282	6000	5000	1	1	1	1	1	1
1	66	1	5	1000	378020	378022.003	378	892.005	1	3	2	5	4	13254	0	1000	996	376	0	1	3	2	5	4	1380	1586	1814	2008	2142	6000	5000	1	1	1	1	1	1
1	67	0	5	1000	383020	383020	383	887.992	3	5	1	2	4	35124	0	1000	1600	412	1	3	1	1	2	4	1416	1660	2436	2664	2786	6000	5000	0	1	1	1	1	1
1	68	1	5	1000	388020	388021.991	388	888.007	3	2	4	5	1	32451	0	16000	1106	526	0	3	2	4	5	1	1530	1724	1968	2210	2368	6000	5000	1	1	1	1	1	1
2	1	0	5	1000	8020	8021.995	9	15.967	3	2	4	5	1	32451	0	1000	1866	610	0	3	2	4	5	1	1614	1916	2236	2500	3040	6000	5000	1	1	1	1	1	1
2	2	0	5	1000	13020	13022.006	14	14.012	1	3	2	5	4	13254	0	1000	0	450	0	1	3	2	5	4	1454	1740	1992	2226	2462	6000	5000	0	1	1	1	1	1
2	3	0	5	1000	18020	18022.003	19	14.002	3	2	4	5	1	32451	0	1000	1084	438	0	3	2	4	5	1	1590	1812	2092	2306	2428	6000	5000	1	1	1	1	1	1
2	4	0	5	1000	23020	23022.003	24	12.002	3	5	1	2	4	35124	0	1000	0	384	0	3	5	1	2	4	1388	1626	1824	2080	2316	6000	5000	0	1	1	1	1	1
2	5	0	5	1000	28020	28020.005	29	8.001	3	2	4	5	1	32451	0	1000	0	408	0	3	2	0	0	0	3596	3860	0	0	0	6000	5000	0	1	1	1	1	1
2	6	1	5	1000	33020	33022.004	34	8.002	1	3	2	5	4	13254	0	1000	964	590	0	1	3	2	5	4	1594	1822	2034	2202	2328	6000	5000	1	1	1	1	1	1
2	7	1	5	1000	38020	38021.972	39	5.98	1	4	5	2	3	14523	0	1000	1808	584	0	1	4	5	2	3	1588	1796	2026	2208	2364	6000	5000	1	1	1	1	1	1
2	8	0	5	1000	43020	43022.001	44	4.001	1	4	5	2	3	14523	0	1000	1264	844	0	1	4	5	2	3	1848	2128	2344	2536	2714	6000	5000	1	1	1	1	1	1
2	9	1	5	1000	48020	48022.014	49	2.024	1	3	2	5	4	13254	0	1000	1424	438	0	1	3	2	5	4	1472	1694	1902	2118	2278	6000	5000	1	1	1	1	1	1
2	10	0	5	1000	53020	53020.014	54	0	3	5	1	2	4	35124	0	1000	986	568	0	3	5	1	2	4	1572	1776	1942	2136	2304	6000	5000	1	1	1	1	1	1
2	11	1	5	1000	58020	58020.007	58	998.01	3	5	1	2	4	35124	0	1000	1272	736	1	3	5	2	3	4	1740	1954	2164	2388	2660	6000	5000	0	1	1	1	1	1
2	12	1	5	1000	63020	63020.014	63	996.012	1	4	5	2	3	14523	0	1000	0	438	0	1	4	5	2	3	1442	1682	1882	2038	2284	6000	5000	0	1	1	1	1	1
2	13	1	5	1000	68020	68021.987	68	995.986	1	4	5	2	3	14523	0	1000	1218	618	0	1	4	5	2	3	1684	1934	2124	2260	2398	6000	5000	1	1	1	1	1	1
2	14	0	5	1000	73020	73021.995	73	993.995	3	5	1	2	4	35124	0	1000	1148	342	1	3	5	1	2	5	1346	1540	1730	1926	2078	6000	5000	0	1	1	1	1	1
2	15	0	5	1000	78020	78022.001	78	991.994	1	3	2	5	4	13254	0	1000	992	406	0	1	3	2	5	4	1410	1624	1824	2030	2182	6000	5000	1	1	1	1	1	1
2	16	0	5	1000	83020	83020.015	83	990.017	1	3	2	5	4	13254	0	1000	936	360	0	1	3	2	5	4	1364	1574	1798	1976	2088	6000	5000	1	1	1	1	1	1
2	17	1	5	1000	88020	88022.003	88	989.986	3	5	1	2	4	35124	0	16000	896	360	0	3	5	1	2	4	1364	1574	1696	1902	2088	6000	5000	1	1	1	1	1	1
2	18	1	5	1000	108020	108021.989	108	981.99	3	5	1	2	4	35124	0	1000	0	604	0	3	5	1	2	4	1620	1826	2044	2238	2428	6000	5000	0	1	1	1	1	1
2	19	1	5	1000	113020	113020.001	113	977.998	3	5	1	2	4	35124	0	1000	0	0	0	0	0	0	0	0	0	0	0	0	0	6000	5000	0	1	1	1	1	1
2	20	1	5	1000	118020	118020.008	118	978.008	3	2	4	5	1	32451	0	1000	0	0	0	0	0	0	0	0	0	0	0	0	0	6000	5000	0	1	1	1	1	1
2	21	1	5	1000	123020	123020.019	123	976.018	1	4	5	2	3	14523	0	1000	0	0	0	0	0	0	0	0	0	0	0	0	0	6000	5000	0	1	1	1	1	1
2	22	1	5	1000	128020	128020.019	128	974.014	3	5	1	2	4	35124	0	1000	0	0	0	0	0	0	0	0	0	0	0	0	0	6000	5000	0	1	1	1	1	1
2	23	1	5	1000	133020	133022.006	133	974.004	1	3	2	5	4	13254	0	1000	0	0	0	0	0	0	0	0	0	0	0	0	0	6000	5000	0	1	1	1	1	1
2	24	0	5	1000	138020	138021.988	138	971.998	1	3	2	5	4	13254	0	1000	0	0	0	0	0	0	0	0	0	0	0	0	0	6000	5000	0	1	1	1	1	1
2	25	1	5	1000	143020	143020.019	143	968.017	1	3	2	5	4	13254	0	1000	0	0	0	0	0	0	0	0	0	0	0	0	0	6000	5000	0	1	1	1	1	1
2	26	1	5	1000	148020	148020.013	148	968.013	3	5	1	2	4	35124	0	1000	0	0	0	0	0	0	0	0	0	0	0	0	0	6000	5000	0	1	1	1	1	1
2	27	0	5	1000	153020	153020.002	153	966.002	1	3	2	5	4	13254	0	1000	0	0	0	0	0	0	0	0	0	0	0	0	0	6000	5000	0	1	1	1	1	1
2	28	1	5	1000	158020	158020.003	158	964.009	1	4	5	2	3	14523	0	1000	1172	566	0	1	4	5	2	3	1570	1830	2072	2230	2444	6000	5000	1	1	1	1	1	1
2	29	1	5	1000	163020	163020.001	163	961.916	3	2	4	5	1	32451	0	1000	2316	430	0	3	2	4	5	1	1434	1644	1880	2132	2354	6000	5000	1	1	1	1	1	1
2	30	0	5	1000	168020	168020.01	168	960.006	1	3	2	5	4	13254	0	1000	1102	384	0	1	3	2	5	4	1412	1692	1936	2124	2288	6000	5000	1	1	1	1	1	1
2	31	0	5	1000	173020	173022.002	173	959.999	1	4	5	2	3	14523	0	1000	1654	690	0	1	4	5	2	3	1694	1922	2166	2330	2492	6000	5000	1	1	1	1	1	1
2	32	0	5	1000	178020	178021.997	178	957.994	3	2	4	5	1	32451	0	1000	0	376	0	3	2	0	0	0	3700	3940	0	0	0	6000	5000	0	1	1	1	1	1
2	33	1	5	1000	183020	183022.008	183	956.006	1	4	5	2	3	14523	0	1000	0	418	0	1	4	0	0	0	3658	3860	0	0	0	6000	5000	0	1	1	1	1	1
2	34	1	5	1000	188020	188020.002	188	953.99	1	3	2	5	4	13254	0	16000	942	602	0	1	3	2	5	4	1860	2016	2162	2292	2378	6000	5000	1	1	1	1	1	1
2	35	1	5	1000	208020	208022.003	208	948.004	1	3	2	5	4	13254	0	1000	0	410	0	1	3	2	5	4	1414	1582	1756	1908	2004	6000	5000	0	1	1	1	1	1
2	36	0	5	1000	213020	213020.006	213	943.988	3	2	4	5	1	32451	0	1000	0	0	0	0	0	0	0	0	0	0	0	0	0	6000	5000	0	1	1	1	1	1
2	37	0	5	1000	218020	218021.99	218	943.999	3	2	4	5	1	32451	0	1000	0	0	0	0	0	0	0	0	0	0	0	0	0	6000	5000	0	1	1	1	1	1
2	38	1	5	1000	223020	223021.968	223	941.965	3	5	1	2	4	35124	0	1000	0	600	0	3	5	1	2	0	2978	3550	3746	3856	0	6000	5000	0	1	1	1	1	1
2	39	0	5	1000	228020	228021.97	228	941.999	1	4	5	2	3	14523	0	1000	1546	608	1	1	4	5	3	2	1612	1802	2404	2548	2608	6000	5000	0	1	1	1	1	1
2	40	1	5	1000	233020	233021.97	233	939.973	1	4	5	2	3	14523	0	1000	1248	450	0	1	4	5	2	3	1454	1684	1882	2006	2124	6000	5000	1	1	1	1	1	1
2	41	0	5	1000	238020	238021.971	238	937.981	3	2	4	5	1	32451	0	1000	1104	398	0	3	2	4	5	1	1402	1606	1840	2060	2104	6000	5000	1	1	1	1	1	1
2	42	1	5	1000	243020	243021.982	243	935.998	3	2	4	5	1	32451	0	1000	1016	468	0	3	2	4	5	1	1472	1666	1902	2104	2236	6000	5000	1	1	1	1	1	1
2	43	1	5	1000	248020	248020.001	248	932.025	3	5	1	2	4	35124	0	1000	842	418	1	3	5	1	2	5	1422	1610	1790	1936	2090	6000	5000	0	1	1	1	1	1
2	44	0	5	1000	253020	253021.991	253	932.016	3	5	1	2	4	35124	0	1000	1000	1024	0	3	5	1	2	4	2028	2308	2476	2650	2784	6000	5000	1	1	1	1	1	1
2	45	1	5	1000	258020	258021.974	258	929.998	1	4	5	2	3	14523	0	1000	0	0	0	0	0	0	0	0	0	0	0	0	0	6000	5000	0	1	1	1	1	1
2	46	0	5	1000	263020	263021.976	263	930.001	1	3	2	5	4	13254	0	1000	1018	324	0	1	3	2	5	4	1328	1536	1768	1986	2164	6000	5000	1	1	1	1	1	1
2	47	1	5	1000	268020	268021.985	268	927.995	3	2	4	5	1	32451	0	1000	1748	386	0	3	2	4	5	1	1390	1568	1810	2042	2236	6000	5000	1	1	1	1	1	1
2	48	1	5	1000	273020	273021.992	273	926.004	3	2	4	5	1	32451	0	1000	1086	494	0	3	2	4	5	1	2712	2898	3110	3338	3580	6000	5000	1	1	1	1	1	1
2	49	0	5	1000	278020	278021.984	278	924.008	3	5	1	2	4	35124	0	1000	1096	374	0	3	5	1	2	4	1378	1614	1806	2036	2266	6000	5000	1	1	1	1	1	1
2	50	0	5	1000	283020	283021.99	283	922.014	3	5	1	2	4	35124	0	1000	1024	390	0	3	5	1	2	4	1394	1602	1796	1998	2196	6000	5000	1	1	1	1	1	1
2	51	0	5	1000	288020	288021.974	288	919.996	1	4	5	2	3	14523	0	16000	1124	312	0	1	4	5	2	3	1564	1802	2038	2250	2438	6000	5000	1	1	1	1	1	1
2	52	0	5	1000	308020	308021.995	308	914.024	1	4	5	2	3	14523	0	1000	1432	448	0	1	4	5	2	3	1452	2044	2274	2462	2590	6000	5000	1	1	1	1	1	1
2	53	0	5	1000	313020	313020.032	313	910.058	1	4	5	2	3	14523	0	1000	1128	510	0	1	4	5	2	3	1514	1796	2068	2240	2374	6000	5000	1	1	1	1	1	1
2	54	0	5	1000	318020	318021.988	318	910.005	3	5	1	2	4	35124	0	1000	1078	346	1	3	5	1	2	5	1350	1550	1706	1926	2084	6000	5000	0	1	1	1	1	1
2	55	1	5	1000	323020	323021.983	323	907.971	1	3	2	5	4	13254	0	1000	1028	564	0	1	3	2	5	4	2976	3238	3462	3642	3774	6000	5000	1	1	1	1	1	1
2	56	1	5	1000	328020	328021.978	328	906.001	1	3	2	5	4	13254	0	1000	966	502	0	1	3	2	5	4	2872	3098	3348	3534	3646	6000	5000	1	1	1	1	1	1
2	57	1	5	1000	333020	333021.976	333	905.995	3	2	4	5	1	32451	0	1000	1074	490	0	3	2	4	5	1	1494	1700	1936	2150	2334	6000	5000	1	1	1	1	1	1
2	58	1	5	1000	338020	338022.004	338	904.017	1	3	2	5	4	13254	0	1000	1208	376	0	1	3	2	5	4	1380	1614	1808	2012	2298	6000	5000	1	1	1	1	1	1
2	59	0	5	1000	343020	343021.988	343	902.013	1	4	5	2	3	14523	0	1000	904	462	0	1	4	5	2	3	1466	1708	1928	2090	2204	6000	5000	1	1	1	1	1	1
2	60	1	5	1000	348020	348021.972	348	899.982	3	2	4	5	1	32451	0	1000	1016	364	0	3	2	4	5	1	1368	1540	1748	1960	2088	6000	5000	1	1	1	1	1	1
2	61	0	5	1000	353020	353021.982	353	898.004	1	4	5	2	3	14523	0	1000	846	386	0	1	4	5	2	3	2210	2432	2650	2752	2878	6000	5000	1	1	1	1	1	1
2	62	1	5	1000	358020	358021.987	358	896.012	3	5	1	2	4	35124	0	1000	826	516	0	3	5	1	2	4	1520	1690	1884	2042	2188	6000	5000	1	1	1	1	1	1
2	63	0	5	1000	363020	363021.998	363	894.01	3	2	4	5	1	32451	0	1000	962	408	0	3	2	4	5	1	1412	1588	1810	1996	2086	6000	5000	1	1	1	1	1	1
2	64	0	5	1000	368020	368021.971	368	893.978	1	4	5	2	3	14523	0	1000	976	440	0	1	4	5	2	3	1444	1684	1980	2156	2262	6000	5000	1	1	1	1	1	1
2	65	0	5	1000	373020	373020.005	373	890.025	1	3	2	5	4	13254	0	1000	808	332	0	1	3	2	5	4	1662	1844	2034	2194	2294	6000	5000	1	1	1	1	1	1
2	66	0	5	1000	378020	378021.99	378	889.997	3	5	1	2	4	35124	0	1000	762	390	0	3	5	1	2	4	1464	1642	1782	1936	2070	6000	5000	1	1	1	1	1	1
2	67	1	5	1000	383020	383021.973	383	887.971	3	2	4	5	1	32451	0	1000	1162	384	0	3	2	4	5	1	1448	1598	1844	2114	2364	6000	5000	1	1	1	1	1	1
2	68	0	5	1000	388020	388021.976	388	885.969	3	2	4	5	1	32451	0	16000	968	490	0	3	2	4	5	1	1578	1762	1992	2192	2272	6000	5000	1	1	1	1	1	1
3	1	0	5	1000	8020	8021.992	9	18.005	1	3	2	5	4	13254	0	1000	1046	512	0	1	3	2	5	4	1516	1748	1982	2196	2418	6000	5000	1	1	1	1	1	1
3	2	0	5	1000	13020	13021.985	14	16.013	1	3	2	5	4	13254	0	1000	926	528	0	1	3	2	5	4	1532	1774	1974	2132	2268	6000	5000	1	1	1	1	1	1
3	3	0	5	1000	18020	18021.976	19	13.992	3	2	4	5	1	32451	0	1000	1204	432	0	3	2	4	5	1	1436	1644	1886	2128	2340	6000	5000	1	1	1	1	1	1
3	4	0	5	1000	23020	23021.986	24	11.985	3	5	1	2	4	35124	0	1000	1144	646	0	3	5	1	2	4	1650	1858	2020	2198	2370	6000	5000	1	1	1	1	1	1
3	5	1	5	1000	28020	28020.003	29	8.027	3	5	1	2	4	35124	0	1000	1042	484	0	3	5	1	2	4	1488	1738	1920	2116	2248	6000	5000	1	1	1	1	1	1
3	6	0	5	1000	33020	33020.008	34	6.051	1	4	5	2	3	14523	0	1000	878	380	0	1	4	5	2	3	1388	1614	1818	1926	2046	6000	5000	1	1	1	1	1	1
3	7	0	5	1000	38020	38021.978	39	6.005	1	4	5	2	3	14523	0	1000	930	438	0	1	4	5	2	3	1442	1684	1884	2018	2150	6000	5000	1	1	1	1	1	1
3	8	1	5	1000	43020	43022.005	44	6.02	3	5	1	2	4	35124	0	1000	810	350	0	3	5	1	2	4	1354	1528	1650	1804	1940	6000	5000	1	1	1	1	1	1
3	9	1	5	1000	48020	48021.986	49	4.004	1	3	2	5	4	13254	0	1000	932	370	0	1	3	2	5	4	1374	1594	1776	1970	2104	6000	5000	1	1	1	1	1	1
3	10	0	5	1000	53020	53021.979	54	1.998	3	5	1	2	4	35124	0	1000	1000	428	1	3	5	4	1	2	1432	1634	1700	1856	2092	6000	5000	0	1	1	1	1	1
3	11	0	5	1000	58020	58021.985	59	0	3	2	4	5	1	32451	0	1000	988	600	0	3	2	4	5	1	1898	2106	2330	2548	2648	6000	5000	1	1	1	1	1	1
3	12	1	5	1000	63020	63022	63	998.003	1	4	5	2	3	14523	0	1000	1234	624	0	1	4	5	2	3	1628	1836	2016	2140	2250	6000	5000	1	1	1	1	1	1
3	13	1	5	1000	68020	68021.985	68	996.007	1	3	2	5	4	13254	0	1000	896	724	0	1	3	2	5	4	1728	1922	2094	2254	2344	6000	5000	1	1	1	1	1	1
3	14	1	5	1000	73020	73021.998	73	996.015	1	3	2	5	4	13254	0	1000	1290	398	0	1	3	2	5	4	1402	1606	1768	1940	2040	6000	5000	1	1	1	1	1	1
3	15	1	5	1000	78020	78021.988	78	994.005	3	2	4	5	1	32451	0	1000	916	448	0	3	2	4	5	1	1452	1610	1798	2024	2170	6000	5000	1	1	1	1	1	1
3	16	1	5	1000	83020	83021.983	83	991.915	3	5	1	2	4	35124	0	1000	1548	348	0	3	5	1	2	4	1352	1482	1620	1754	1884	6000	5000	1	1	1	1	1	1
3	17	0	5	1000	88020	88021.98	88	990.01	3	2	4	5	1	32451	0	16000	970	388	0	3	2	4	5	1	1392	1558	1756	1980	2086	6000	5000	1	1	1	1	1	1
3	18	0	5	1000	108020	108021.989	108	984.016	3	2	4	5	1	32451	0	1000	1136	448	0	3	2	4	5	1	1908	2110	2368	2634	2780	6000	5000	1	1	1	1	1	1
3	19	0	5	1000	113020	113021.99	113	982.004	1	4	5	2	3	14523	0	1000	1122	500	0	1	4	5	2	3	1504	1754	1980	2128	2270	6000	5000	1	1	1	1	1	1
3	20	1	5	1000	118020	118021.975	118	979.954	1	3	2	5	4	13254	0	1000	0	598	0	1	3	2	5	4	1602	1816	1988	2156	2254	6000	5000	0	1	1	1	1	1
3	21	0	5	1000	123020	123021.966	123	977.979	3	2	4	5	1	32451	0	1000	954	438	0	3	2	4	5	1	1562	1720	1950	2160	2248	6000	5000	1	1	1	1	1	1
3	22	0	5	1000	128020	128021.999	128	976.016	3	2	4	5	1	32451	0	1000	1066	358	0	3	2	4	5	1	1362	1542	1764	2006	2136	6000	5000	1	1	1	1	1	1
3	23	1	5	1000	133020	133021.984	133	973.993	3	5	1	2	4	35124	0	1000	1322	460	0	3	5	1	2	4	1464	1704	1886	2060	2160	6000	5000	1	1	1	1	1	1
3	24	1	5	1000	138020	138021.981	138	972.003	3	2	4	5	1	32451	0	1000	1154	496	0	3	2	4	5	1	1500	1668	1880	2120	2320	6000	5000	1	1	1	1	1	1
3	25	0	5	1000	143020	143020.003	143	970.018	1	4	5	2	3	14523	0	1000	922	450	0	1	4	5	2	3	1460	1692	1904	2006	2130	6000	5000	1	1	1	1	1	1
3	26	0	5	1000	148020	148021.983	148	969.997	3	2	4	5	1	32451	0	1000	990	462	0	3	2	4	5	1	1466	1670	1896	2120	2230	6000	5000	1	1	1	1	1	1
3	27	1	5	1000	153020	153021.986	153	968.013	1	3	2	5	4	13254	0	1000	1640	404	0	1	3	2	5	4	1408	1634	1798	1986	2074	6000	5000	1	1	1	1	1	1
3	28	0	5	1000	158020	158021.984	158	966.012	1	4	5	2	3	14523	0	1000	770	428	0	1	4	5	2	3	1432	1630	1794	1882	1988	6000	5000	1	1	1	1	1	1
3	29	1	5	1000	163020	163021.981	163	963.996	3	2	4	5	1	32451	0	1000	974	406	0	3	2	4	5	1	1410	1610	1804	1994	2164	6000	5000	1	1	1	1	1	1
3	30	0	5	1000	168020	168021.973	168	962.014	3	2	4	5	1	32451	0	1000	950	556	0	3	2	4	5	1	1560	1742	1970	2178	2278	6000	5000	1	1	1	1	1	1
3	31	1	5	1000	173020	173021.986	173	960	3	2	4	5	1	32451	0	1000	902	486	0	3	2	4	5	1	1490	1688	1868	2048	2186	6000	5000	1	1	1	1	1	1
3	32	0	5	1000	178020	178021.986	178	959.973	1	3	2	5	4	13254	0	1000	922	456	0	1	3	2	5	4	1460	1662	1872	2050	2164	6000	5000	1	1	1	1	1	1
3	33	1	5	1000	183020	183021.975	183	957.98	3	5	1	2	4	35124	0	1000	2068	480	0	3	5	1	2	4	1484	1634	1792	1962	2104	6000	5000	1	1	1	1	1	1
3	34	1	5	1000	188020	188020.003	188	954.019	3	5	1	2	4	35124	0	16000	0	362	0	3	5	1	2	4	2472	2664	2840	2998	3176	6000	5000	0	1	1	1	1	1
3	35	1	5	1000	208020	208021.987	208	948.001	3	5	1	2	4	35124	0	1000	1240	362	0	3	5	1	2	4	1366	1582	1766	1918	2060	6000	5000	1	1	1	1	1	1
3	36	0	5	1000	213020	213021.975	213	945.988	3	5	1	2	4	35124	0	1000	0	488	0	3	5	1	2	4	1498	1718	1878	2038	2174	6000	5000	0	1	1	1	1	1
3	37	1	5	1000	218020	218021.981	218	945.998	3	2	4	5	1	32451	0	1000	1186	368	0	3	2	4	5	1	2086	2260	2454	2658	2820	6000	5000	1	1	1	1	1	1
3	38	0	5	1000	223020	223021.973	223	943.992	3	5	1	2	4	35124	0	1000	0	420	0	3	5	1	2	4	1424	1606	1750	1930	2088	6000	5000	0	1	1	1	1	1
3	39	0	5	1000	228020	228021.982	228	941.997	1	4	5	2	3	14523	0	1000	1198	386	0	1	4	5	2	3	1570	1806	2002	2094	2214	6000	5000	1	1	1	1	1	1
3	40	0	5	1000	233020	233020.006	233	938.033	1	3	2	5	4	13254	0	1000	2062	516	0	1	3	2	5	4	1552	1786	2008	2146	2250	6000	5000	1	1	1	1	1	1
3	41	1	5	1000	238020	238021.961	238	937.978	3	2	4	5	1	32451	0	1000	1024	396	0	3	2	4	5	1	1432	1536	1756	1966	2122	6000	5000	1	1	1	1	1	1
3	42	1	5	1000	243020	243021.986	243	936.005	1	3	2	5	4	13254	0	1000	0	406	0	1	3	2	5	4	1446	1650	1790	1924	2006	6000	5000	0	1	1	1	1	1
3	43	0	5	1000	248020	248021.985	248	934.012	1	3	2	5	4	13254	0	1000	1180	356	0	1	3	2	5	4	2498	2708	2878	3014	3118	6000	5000	1	1	1	1	1	1
3	44	0	5	1000	253020	253021.987	253	934.015	1	4	5	2	3	14523	0	1000	950	576	0	1	4	5	2	3	1580	1814	1986	2074	2186	6000	5000	1	1	1	1	1	1
3	45	0	5	1000	258020	258021.985	258	932.002	3	5	1	2	4	35124	0	1000	826	362	0	3	5	1	2	4	2298	2468	2614	2738	2880	6000	5000	1	1	1	1	1	1
3	46	1	5	1000	263020	263021.987	263	930.001	1	4	5	2	3	14523	0	1000	1274	404	0	1	4	5	2	3	1408	1666	1856	1960	2114	6000	5000	1	1	1	1	1	1
3	47	1	5	1000	268020	268021.982	268	928.005	3	2	4	5	1	32451	0	1000	1008	430	0	3	2	4	5	1	1434	1624	1838	2024	2184	6000	5000	1	1	1	1	1	1
3	48	1	5	1000	273020	273021.985	273	926.001	3	2	4	5	1	32451	0	1000	974	304	0	3	2	4	5	1	1308	1480	1706	1918	2016	6000	5000	1	1	1	1	1	1
3	49	1	5	1000	278020	278021.985	278	924.003	1	4	5	2	3	14523	0	1000	1012	360	0	1	4	5	2	3	1366	1596	1764	1862	1998	6000	5000	1	1	1	1	1	1
3	50	1	5	1000	283020	283021.992	283	922.006	3	5	1	2	4	35124	0	1000	0	0	0	0	0	0	0	0	0	0	0	0	0	6000	5000	0	1	1	1	1	1
3	51	1	5	1000	288020	288022	288	922.018	1	4	5	2	3	14523	0	16000	0	456	0	1	4	0	0	0	3706	3944	0	0	0	6000	5000	0	1	1	1	1	1
3	52	1	5	1000	308020	308021.987	308	914.003	1	4	5	2	3	14523	0	1000	1238	406	0	1	4	5	2	3	1410	1622	1860	1952	2100	6000	5000	1	1	1	1	1	1
3	53	0	5	1000	313020	313021.985	313	911.983	1	4	5	2	3	14523	0	1000	990	408	0	1	4	5	2	3	1412	1702	1940	1994	2140	6000	5000	1	1	1	1	1	1
3	54	1	5	1000	318020	318021.991	318	910.001	1	4	5	2	3	14523	0	1000	1776	426	0	1	4	5	2	3	1430	1664	1910	2050	2250	6000	5000	1	1	1	1	1	1
3	55	1	5	1000	323020	323022.017	323	910.039	1	4	5	2	3	14523	0	1000	936	396	0	1	4	5	2	3	1400	1648	1876	1968	2112	6000	5000	1	1	1	1	1	1
3	56	0	5	1000	328020	328021.986	328	908.001	3	2	4	5	1	32451	0	1000	1040	450	0	3	2	4	5	1	1454	1648	1880	2116	2204	6000	5000	1	1	1	1	1	1
3	57	0	5	1000	333020	333020.003	333	904.026	1	3	2	5	4	13254	0	1000	1006	314	0	1	3	2	5	4	1318	1538	1754	1916	2000	6000	5000	1	1	1	1	1	1
3	58	1	5	1000	338020	338021.986	338	903.999	1	4	5	2	3	14523	0	1000	900	382	0	1	4	5	2	3	1386	1638	1802	1912	2018	6000	5000	1	1	1	1	1	1
3	59	0	5	1000	343020	343021.972	343	901.988	1	3	2	5	4	13254	0	1000	1000	382	0	1	3	2	5	4	1386	1614	1822	1980	2056	6000	5000	1	1	1	1	1	1
3	60	1	5	1000	348020	348021.987	348	900	1	3	2	5	4	13254	0	1000	880	484	0	1	3	2	5	4	1488	1686	1836	2030	2074	6000	5000	1	1	1	1	1	1
3	61	1	5	1000	353020	353021.972	353	898.006	1	4	5	2	3	14523	0	1000	964	372	0	1	4	5	2	3	1402	1636	1802	1918	2018	6000	5000	1	1	1	1	1	1
3	62	0	5	1000	358020	358021.984	358	898.012	3	5	1	2	4	35124	0	1000	856	430	0	3	5	1	2	4	1434	1704	1794	1922	2050	6000	5000	1	1	1	1	1	1
3	63	1	5	1000	363020	363021.993	363	896.017	1	3	2	5	4	13254	0	1000	950	450	0	1	3	2	5	4	1456	1680	1824	1966	2050	6000	5000	1	1	1	1	1	1
3	64	1	5	1000	368020	368021.965	368	893.991	3	5	1	2	4	35124	0	1000	1254	358	0	3	5	1	2	4	1362	1602	1740	1888	2026	6000	5000	1	1	1	1	1	1
3	65	0	5	1000	373020	373021.953	373	891.966	1	3	2	5	4	13254	0	1000	0	338	0	1	3	2	5	4	1540	1760	1934	2098	2168	6000	5000	0	1	1	1	1	1
3	66	0	5	1000	378020	378021.978	378	890.004	3	5	1	2	4	35124	0	1000	0	456	0	3	5	1	2	4	1526	1736	1850	1972	2094	6000	5000	0	1	1	1	1	1
3	67	0	5	1000	383020	383021.954	383	887.993	3	5	1	2	4	35124	0	1000	0	0	0	0	0	0	0	0	0	0	0	0	0	6000	5000	0	1	1	1	1	1
3	68	0	5	1000	388020	388021.969	388	885.982	1	3	2	5	4	13254	0	16000	0	0	0	0	0	0	0	0	0	0	0	0	0	6000	5000	0	1	1	1	1	1
4	1	1	5	1000	8020	8021.978	9	17.998	1	4	5	2	3	14523	0	1000	1162	662	0	1	4	5	2	3	1666	1952	2228	2446	2706	6000	5000	1	1	1	1	1	1
4	2	0	5	1000	13020	13021.977	14	16.002	3	5	1	2	4	35124	0	1000	1124	466	0	3	5	1	2	4	1470	1682	1958	2086	2384	6000	5000	1	1	1	1	1	1
4	3	0	5	1000	18020	18021.978	19	14.001	3	2	4	5	1	32451	0	1000	1110	440	0	3	2	4	5	1	1444	1664	1932	2190	2342	6000	5000	1	1	1	1	1	1
4	4	0	5	1000	23020	23021.991	24	12.019	3	5	1	2	4	35124	0	1000	1096	440	0	3	5	1	2	4	1444	1772	1912	2190	2426	6000	5000	1	1	1	1	1	1
4	5	0	5	1000	28020	28022.001	29	10.021	1	3	2	5	4	13254	0	1000	920	440	0	1	3	2	5	4	1444	1696	1884	2064	2166	6000	5000	1	1	1	1	1	1
4	6	0	5	1000	33020	33021.949	34	9.972	1	3	2	5	4	13254	0	1000	854	388	0	1	3	2	5	4	1392	1656	1826	1972	2076	6000	5000	1	1	1	1	1	1
4	7	0	5	1000	38020	38021.965	39	7.991	1	4	5	2	3	14523	0	1000	812	434	0	1	4	5	2	3	1438	1690	1874	1970	2110	6000	5000	1	1	1	1	1	1
4	8	1	5	1000	43020	43021.979	44	6.001	3	5	1	2	4	35124	0	1000	1010	920	0	3	5	1	2	4	1924	2158	2322	2488	2684	6000	5000	1	1	1	1	1	1
4	9	1	5	1000	48020	48021.977	49	4.001	3	5	1	2	4	35124	0	1000	1118	410	0	3	5	1	2	4	1414	1644	1796	1906	2080	6000	5000	1	1	1	1	1	1
4	10	0	5	1000	53020	53021.966	54	1.989	1	4	5	2	3	14523	0	1000	896	374	0	1	4	5	2	3	1378	1638	1858	1950	2124	6000	5000	1	1	1	1	1	1
4	11	0	5	1000	58020	58020.001	58	998.025	3	5	1	2	4	35124	0	1000	1002	448	0	3	5	1	2	4	1452	1700	1906	2112	2308	6000	5000	1	1	1	1	1	1
4	12	0	5	1000	63020	63021.977	63	999.992	1	4	5	2	3	14523	0	1000	980	482	0	1	4	5	2	3	1486	1746	2072	2246	2374	6000	5000	1	1	1	1	1	1
4	13	1	5	1000	68020	68021.975	68	998.02	1	3	2	5	4	13254	0	1000	990	434	0	1	3	2	5	4	1438	1706	1998	2174	2244	6000	5000	1	1	1	1	1	1
4	14	1	5	1000	73020	73021.961	73	995.984	1	3	2	5	4	13254	0	1000	858	394	0	1	3	2	5	4	1398	1654	1852	1986	2094	6000	5000	1	1	1	1	1	1
4	15	1	5	1000	78020	78021.977	78	993.999	3	2	4	5	1	32451	0	1000	950	762	0	3	2	4	5	1	1766	1956	2214	2452	2522	6000	5000	1	1	1	1	1	1
4	16	1	5	1000	83020	83020.018	83	990.042	3	2	4	5	1	32451	0	1000	964	366	0	3	2	4	5	1	1370	1560	1836	2030	2156	6000	5000	1	1	1	1	1	1
4	17	0	5	1000	88020	88021.974	88	989.998	1	3	2	5	4	13254	0	16000	1060	400	0	1	3	2	5	4	1404	1658	1990	2204	2284	6000	5000	1	1	1	1	1	1
4	18	0	5	1000	108020	108021.992	108	983.986	1	3	2	5	4	13254	0	1000	910	416	0	1	3	2	5	4	1420	1702	1912	2072	2166	6000	5000	1	1	1	1	1	1
4	19	1	5	1000	113020	113021.962	113	981.991	3	5	1	2	4	35124	0	1000	1138	870	0	3	5	1	2	4	1874	2138	2286	2482	2638	6000	5000	1	1	1	1	1	1
4	20	1	5	1000	118020	118021.968	118	979.99	3	2	4	5	1	32451	0	1000	1060	468	0	3	2	4	5	1	1472	1690	1992	2146	2250	6000	5000	1	1	1	1	1	1
4	21	0	5	1000	123020	123021.978	123	978.009	1	4	5	2	3	14523	0	1000	858	422	0	1	4	5	2	3	1426	1674	1950	2034	2180	6000	5000	1	1	1	1	1	1
4	22	1	5	1000	128020	128021.965	128	975.904	3	2	4	5	1	32451	0	1000	926	386	0	3	2	4	5	1	1390	1570	1836	2030	2122	6000	5000	1	1	1	1	1	1
4	23	1	5	1000	133020	133020.022	133	974.058	3	5	1	2	4	35124	0	1000	1122	420	0	3	5	1	2	4	1424	1610	1844	1972	2112	6000	5000	1	1	1	1	1	1
4	24	1	5	1000	138020	138021.977	138	974.001	1	4	5	2	3	14523	0	1000	990	394	0	1	4	5	2	3	1398	1732	2022	2124	2276	6000	5000	1	1	1	1	1	1
4	25	0	5	1000	143020	143021.978	143	972.01	1	4	5	2	3	14523	0	1000	1004	412	0	1	4	5	2	3	1416	1678	1974	2056	2200	6000	5000	1	1	1	1	1	1
4	26	0	5	1000	148020	148021.95	148	969.978	1	4	5	2	3	14523	0	1000	2070	464	0	1	4	5	2	3	1468	1734	1988	2090	3432	6000	5000	1	1	1	1	1	1
4	27	0	5	1000	153020	153021.974	153	969.99	3	2	4	5	1	32451	0	1000	1212	922	0	3	2	4	5	1	1926	2224	2508	2766	2934	6000	5000	1	1	1	1	1	1
4	28	1	5	1000	158020	158022.008	158	966.03	1	3	2	5	4	13254	0	1000	1058	460	0	1	3	2	5	4	1464	1742	1986	2236	2350	6000	5000	1	1	1	1	1	1
4	29	1	5	1000	163020	163021.965	163	963.986	1	4	5	2	3	14523	0	1000	1462	392	0	1	4	5	2	3	1396	1650	1930	2090	2680	6000	5000	1	1	1	1	1	1
4	30	0	5	1000	168020	168021.981	168	963.984	1	3	2	5	4	13254	0	1000	1218	406	0	1	3	2	5	4	1410	1666	1916	2172	2420	6000	5000	1	1	1	1	1	1
4	31	1	5	1000	173020	173021.977	173	962.025	1	3	2	5	4	13254	0	1000	1278	434	0	1	3	2	5	4	1438	1726	2006	2268	2498	6000	5000	1	1	1	1	1	1
4	32	1	5	1000	178020	178021.976	178	960.001	3	5	1	2	4	35124	0	1000	1192	392	0	3	5	1	2	4	1396	1684	1896	2150	2410	6000	5000	1	1	1	1	1	1
4	33	0	5	1000	183020	183021.967	183	957.99	3	5	1	2	4	35124	0	1000	1638	438	0	3	5	1	2	4	1442	2054	2374	2632	2886	6000	5000	1	1	1	1	1	1
4	34	1	5	1000	188020	188021.978	188	955.986	1	3	2	5	4	13254	0	16000	1180	494	0	1	3	2	5	4	1498	1824	2152	2408	2514	6000	5000	1	1	1	1	1	1
4	35	1	5	1000	208020	208021.976	208	950.013	1	3	2	5	4	13254	0	1000	1042	428	0	1	3	2	5	4	1432	1706	1952	2178	2292	6000	5000	1	1	1	1	1	1
4	36	0	5	1000	213020	213021.977	213	947.998	3	5	1	2	4	35124	0	1000	872	562	0	3	5	1	2	4	1566	1786	1922	2110	2308	6000	5000	1	1	1	1	1	1
4	37	1	5	1000	218020	218020.001	218	944.023	3	2	4	5	1	32451	0	1000	1072	432	0	3	2	4	5	1	1436	1656	1920	2150	2404	6000	5000	1	1	1	1	1	1
4	38	0	5	1000	223020	223021.978	223	943.981	3	5	1	2	4	35124	0	1000	1166	378	0	3	5	1	2	4	1382	1674	1914	2154	2378	6000	5000	1	1	1	1	1	1
4	39	1	5	1000	228020	228021.945	228	941.978	3	5	1	2	4	35124	0	1000	1084	736	0	3	5	1	2	4	1740	1990	2190	2402	2626	6000	5000	1	1	1	1	1	1
4	40	1	5	1000	233020	233021.967	233	940.014	1	3	2	5	4	13254	0	1000	1016	486	0	1	3	2	5	4	1490	1726	1950	2168	2300	6000	5000	1	1	1	1	1	1
4	41	0	5	1000	238020	238021.945	238	937.978	1	3	2	5	4	13254	0	1000	952	382	0	1	3	2	5	4	1386	1638	1854	2058	2150	6000	5000	1	1	1	1	1	1
4	42	1	5	1000	243020	243021.959	243	937.992	1	4	5	2	3	14523	0	1000	938	442	0	1	4	5	2	3	1446	1680	1938	2124	2296	6000	5000	1	1	1	1	1	1
4	43	1	5	1000	248020	248021.95	248	935.999	1	3	2	5	4	13254	0	1000	936	466	0	1	3	2	5	4	1470	1786	1966	2138	2252	6000	5000	1	1	1	1	1	1
4	44	0	5	1000	253020	253021.951	253	933.998	3	2	4	5	1	32451	0	1000	1016	448	0	3	2	4	5	1	1452	1690	1930	2148	2282	6000	5000	1	1	1	1	1	1
4	45	1	5	1000	258020	258021.948	258	931.999	1	4	5	2	3	14523	0	1000	928	408	0	1	4	5	2	3	1412	1642	1894	2064	2240	6000	5000	1	1	1	1	1	1
4	46	1	5	1000	263020	263021.952	263	930.004	3	2	4	5	1	32451	0	1000	1106	430	0	3	2	4	5	1	1434	1662	1918	2160	2392	6000	5000	1	1	1	1	1	1
4	47	1	5	1000	268020	268021.95	268	928.002	1	3	2	5	4	13254	0	1000	940	412	0	1	3	2	5	4	1416	1666	1878	2060	2188	6000	5000	1	1	1	1	1	1
4	48	0	5	1000	273020	273021.955	273	926.001	1	4	5	2	3	14523	0	1000	1014	484	0	1	4	5	2	3	1488	1734	1976	2174	2362	6000	5000	1	1	1	1	1	1
4	49	0	5	1000	278020	278021.951	278	925.829	1	3	2	5	4	13254	0	1000	986	462	0	1	3	2	5	4	1466	1718	1954	2188	2280	6000	5000	1	1	1	1	1	1
4	50	1	5	1000	283020	283021.948	283	924.001	3	2	4	5	1	32451	0	1000	1050	540	0	3	2	4	5	1	1544	1770	2010	2250	2408	6000	5000	1	1	1	1	1	1
4	51	1	5	1000	288020	288021.961	288	922.012	1	4	5	2	3	14523	0	16000	910	344	0	1	4	5	2	3	1348	1586	1814	1972	2140	6000	5000	1	1	1	1	1	1
4	52	1	5	1000	308020	308021.967	308	913.999	1	4	5	2	3	14523	0	1000	892	478	0	1	4	5	2	3	1482	1714	1946	2082	2250	6000	5000	1	1	1	1	1	1
4	53	1	5	1000	313020	313021.951	313	913.968	3	5	1	2	4	35124	0	1000	1138	756	0	3	5	1	2	4	1760	2032	2248	2468	2682	6000	5000	1	1	1	1	1	1
4	54	0	5	1000	318020	318021.981	318	912.015	1	3	2	5	4	13254	0	1000	936	328	0	1	3	2	5	4	1332	1560	1764	1936	2018	6000	5000	1	1	1	1	1	1
4	55	0	5	1000	323020	323021.979	323	909.988	3	5	1	2	4	35124	0	1000	994	374	0	3	5	1	2	4	1378	1590	1810	1984	2184	6000	5000	1	1	1	1	1	1
4	56	0	5	1000	328020	328021.979	328	907.99	3	5	1	2	4	35124	0	1000	1030	494	0	3	5	1	2	4	1620	1846	2066	2254	2430	6000	5000	1	1	1	1	1	1
4	57	1	5	1000	333020	333021.967	333	906.003	1	4	5	2	3	14523	0	1000	816	406	0	1	4	5	2	3	1410	1662	1870	2010	2130	6000	5000	1	1	1	1	1	1
4	58	1	5	1000	338020	338021.956	338	903.987	1	4	5	2	3	14523	0	1000	994	394	0	1	4	5	2	3	1398	1648	1928	2118	2288	6000	5000	1	1	1	1	1	1
4	59	0	5	1000	343020	343021.966	343	902.018	3	2	4	5	1	32451	0	1000	1010	404	0	3	2	4	5	1	1408	1616	1850	2076	2240	6000	5000	1	1	1	1	1	1
4	60	0	5	1000	348020	348021.969	348	902.023	3	2	4	5	1	32451	0	1000	914	420	0	3	2	4	5	1	1424	1636	1876	2080	2182	6000	5000	1	1	1	1	1	1
4	61	1	5	1000	353020	353021.984	353	900.017	3	2	4	5	1	32451	0	1000	1312	470	0	3	2	4	5	1	1474	2050	2312	2476	2570	6000	5000	1	1	1	1	1	1
4	62	0	5	1000	358020	358021.995	358	898.019	3	2	4	5	1	32451	0	1000	932	662	0	3	2	4	5	1	1666	1868	2118	2324	2416	6000	5000	1	1	1	1	1	1
4	63	1	5	1000	363020	363021.988	363	896.041	3	5	1	2	4	35124	0	1000	856	754	0	3	5	1	2	4	1758	1980	2198	2318	2492	6000	5000	1	1	1	1	1	1
4	64	0	5	1000	368020	368021.989	368	893.995	3	2	4	5	1	32451	0	1000	892	438	0	3	2	4	5	1	1442	1716	1926	2090	2208	6000	5000	1	1	1	1	1	1
4	65	0	5	1000	373020	373021.979	373	891.982	1	3	2	5	4	13254	0	1000	884	462	0	1	3	2	5	4	1466	1702	1906	2060	2158	6000	5000	1	1	1	1	1	1
4	66	0	5	1000	378020	378020.018	378	888.053	3	2	4	5	1	32451	0	1000	1054	464	0	3	2	4	5	1	1468	1702	1920	2174	2260	6000	5000	1	1	1	1	1	1
4	67	0	5	1000	383020	383022.027	383	890.061	1	4	5	2	3	14523	0	1000	786	510	0	1	4	5	2	3	1514	1762	2008	2086	2248	6000	5000	1	1	1	1	1	1
4	68	1	5	1000	388020	388021.978	388	888.013	1	4	5	2	3	14523	0	16000	754	1138	0	1	4	5	2	3	2142	2378	2590	2682	2812	6000	5000	1	1	1	1	1	1
5	1	0	5	1000	8020	8021.971	9	15.995	3	5	1	2	4	35124	0	1000	1614	612	0	3	5	1	2	4	1616	1882	2158	2364	2568	6000	5000	1	1	1	1	1	1
5	2	1	5	1000	13020	13021.99	14	16.017	1	3	2	5	4	13254	0	1000	932	456	0	1	3	2	5	4	1460	1682	1934	2102	2186	6000	5000	1	1	1	1	1	1
5	3	1	5	1000	18020	18021.966	19	13.99	1	4	5	2	3	14523	0	1000	956	402	0	1	4	5	2	3	1406	1630	1866	2004	2176	6000	5000	1	1	1	1	1	1
5	4	1	5	1000	23020	23021.962	24	11.99	1	3	2	5	4	13254	0	1000	842	458	0	1	3	2	5	4	1462	1678	1858	1988	2092	6000	5000	1	1	1	1	1	1
5	5	0	5	1000	28020	28021.993	29	10.008	3	2	4	5	1	32451	0	1000	1062	342	0	3	2	4	5	1	1346	1550	1774	1984	2182	6000	5000	1	1	1	1	1	1
5	6	0	5	1000	33020	33021.972	34	7.999	1	4	5	2	3	14523	0	1000	1116	364	0	1	4	5	2	3	1368	1608	1954	2152	2260	6000	5000	1	1	1	1	1	1
5	7	1	5	1000	38020	38021.971	39	6.007	3	5	1	2	4	35124	0	1000	986	480	0	3	5	1	2	4	1484	1740	1952	2056	2194	6000	5000	1	1	1	1	1	1
5	8	1	5	1000	43020	43021.966	44	3.999	1	3	2	5	4	13254	0	1000	992	444	0	1	3	2	5	4	1448	1658	1856	2004	2100	6000	5000	1	1	1	1	1	1
5	9	1	5	1000	48020	48021.943	49	3.964	3	2	4	5	1	32451	0	1000	1160	440	0	3	2	4	5	1	1444	1646	1890	2118	2288	6000	5000	1	1	1	1	1	1
5	10	1	5	1000	53020	53021.965	54	2.008	1	3	2	5	4	13254	0	1000	942	716	0	1	3	2	5	4	1720	1918	2104	2258	2370	6000	5000	1	1	1	1	1	1
5	11	0	5	1000	58020	58021.962	59	0	1	3	2	5	4	13254	0	1000	954	358	0	1	3	2	5	4	1362	1580	1800	1926	2040	6000	5000	1	1	1	1	1	1
5	12	1	5	1000	63020	63021.975	63	997.99	1	3	2	5	4	13254	0	1000	884	418	0	1	3	2	5	4	1422	1632	1820	1952	2044	6000	5000	1	1	1	1	1	1
5	13	1	5	1000	68020	68021.973	68	995.998	1	3	2	5	4	13254	0	1000	862	456	0	1	3	2	5	4	1460	1668	1870	1964	2084	6000	5000	1	1	1	1	1	1
5	14	0	5	1000	73020	73021.973	73	994.002	1	4	5	2	3	14523	0	1000	894	456	0	1	4	5	2	3	1460	1690	1920	2060	2168	6000	5000	1	1	1	1	1	1
5	15	1	5	1000	78020	78021.976	78	993.999	3	2	4	5	1	32451	0	1000	1176	446	0	3	2	4	5	1	1450	1646	1902	2128	2324	6000	5000	1	1	1	1	1	1
5	16	0	5	1000	83020	83021.973	83	992.001	3	2	4	5	1	32451	0	1000	998	434	0	3	2	4	5	1	1438	1650	1860	2060	2168	6000	5000	1	1	1	1	1	1
5	17	0	5	1000	88020	88021.988	88	990.015	3	5	1	2	4	35124	0	16000	1004	382	0	3	5	1	2	4	1386	1614	1818	2012	2178	6000	5000	1	1	1	1	1	1
5	18	0	5	1000	108020	108021.968	108	981.998	3	5	1	2	4	35124	0	1000	1072	386	0	3	5	1	2	4	1390	1624	1840	2012	2184	6000	5000	1	1	1	1	1	1
5	19	0	5	1000	113020	113021.968	113	982.025	3	5	1	2	4	35124	0	1000	1162	638	0	3	5	1	2	4	1642	1950	2234	2432	2582	6000	5000	1	1	1	1	1	1
5	20	1	5	1000	118020	118021.976	118	980.006	3	2	4	5	1	32451	0	1000	1646	420	0	3	2	4	5	1	1424	1634	1862	2100	2312	6000	5000	1	1	1	1	1	1
5	21	0	5	1000	123020	123021.981	123	978.008	3	5	1	2	4	35124	0	1000	988	362	0	3	5	1	2	4	1488	1730	1926	2086	2254	6000	5000	1	1	1	1	1	1
5	22	1	5	1000	128020	128021.964	128	976.001	3	5	1	2	4	35124	0	1000	2454	410	0	3	5	1	2	4	1414	1642	1836	1946	2080	6000	5000	1	1	1	1	1	1
5	23	0	5	1000	133020	133021.98	133	974.006	1	4	5	2	3	14523	0	1000	1050	402	0	1	4	5	2	3	1406	1652	1898	2106	2262	6000	5000	1	1	1	1	1	1
5	24	0	5	1000	138020	138020.05	138	969.991	3	2	4	5	1	32451	0	1000	976	374	0	3	2	4	5	1	1378	1590	1806	2038	2206	6000	5000	1	1	1	1	1	1
5	25	0	5	1000	143020	143022.01	143	970.034	3	2	4	5	1	32451	0	1000	956	422	0	3	2	4	5	1	1426	1660	1904	2100	2214	6000	5000	1	1	1	1	1	1
5	26	0	5	1000	148020	148021.973	148	970.005	1	3	2	5	4	13254	0	1000	980	376	0	1	3	2	5	4	1380	1622	1874	2052	2116	6000	5000	1	1	1	1	1	1
5	27	1	5	1000	153020	153021.979	153	967.962	3	5	1	2	4	35124	0	1000	872	370	0	3	5	1	2	4	1488	1712	1882	2028	2168	6000	5000	1	1	1	1	1	1
5	28	1	5	1000	158020	158021.971	158	966.008	3	2	4	5	1	32451	0	1000	0	358	0	3	2	4	5	1	1362	1560	1782	2038	2308	6000	5000	0	1	1	1	1	1
5	29	0	5	1000	163020	163021.973	163	963.999	1	4	5	2	3	14523	0	1000	0	0	0	0	0	0	0	0	0	0	0	0	0	6000	5000	0	1	1	1	1	1
5	30	1	5	1000	168020	168021.984	168	962.014	1	4	5	2	3	14523	0	1000	856	476	0	1	4	5	2	3	1480	1720	1940	2064	2178	6000	5000	1	1	1	1	1	1
5	31	0	5	1000	173020	173022.001	173	960.03	3	2	4	5	1	32451	0	1000	972	378	0	3	2	4	5	1	1382	1596	1838	2062	2188	6000	5000	1	1	1	1	1	1
5	32	1	5	1000	178020	178021.977	178	958.016	3	5	1	2	4	35124	0	1000	1012	412	0	3	5	1	2	4	1416	1654	1862	2038	2176	6000	5000	1	1	1	1	1	1
5	33	1	5	1000	183020	183021.971	183	957.998	3	5	1	2	4	35124	0	1000	1804	432	0	3	5	1	2	4	1436	1636	1796	1970	2138	6000	5000	1	1	1	1	1	1
5	34	0	5	1000	188020	188021.975	188	956.016	3	5	1	2	4	35124	0	16000	1162	386	0	3	5	1	2	4	1390	1612	1804	1988	2116	6000	5000	1	1	1	1	1	1
5	35	0	5	1000	208020	208021.976	208	947.997	3	5	1	2	4	35124	0	1000	1074	426	0	3	5	1	2	4	1430	1670	1848	2032	2168	6000	5000	1	1	1	1	1	1
5	36	0	5	1000	213020	213021.961	213	945.979	1	3	2	5	4	13254	0	1000	1122	448	0	1	3	2	5	4	1452	1690	1924	2112	2184	6000	5000	1	1	1	1	1	1
5	37	1	5	1000	218020	218021.973	218	944.001	3	2	4	5	1	32451	0	1000	1100	438	0	3	2	4	5	1	1514	1696	1952	2176	2376	6000	5000	1	1	1	1	1	1
5	38	0	5	1000	223020	223021.981	223	943.998	1	3	2	5	4	13254	0	1000	0	472	0	1	3	2	5	4	1476	1722	1906	2082	2182	6000	5000	0	1	1	1	1	1
5	39	0	5	1000	228020	228021.977	228	942.004	3	2	4	5	1	32451	0	1000	0	450	0	3	2	4	5	0	3216	3446	3678	3904	0	6000	5000	0	1	1	1	1	1
5	40	1	5	1000	233020	233021.945	233	939.979	1	4	5	2	3	14523	0	1000	966	624	0	1	4	5	2	3	1628	1832	2038	2156	2338	6000	5000	1	1	1	1	1	1
5	41	1	5	1000	238020	238021.964	238	938	1	4	5	2	3	14523	0	1000	818	438	0	1	4	5	2	3	1442	1678	1866	1956	2072	6000	5000	1	1	1	1	1	1
5	42	0	5	1000	243020	251332.552	243	9248.586	1	3	2	5	4	13254	0	1000	0	414	0	1	3	2	5	4	1418	1634	1874	2020	2124	6000	5000	0	1	1	1	1	1
5	43	0	5	1000	248020	248021.981	248	934.035	1	4	5	2	3	14523	0	1000	0	0	0	0	0	0	0	0	0	0	0	0	0	6000	5000	0	1	1	1	1	1
5	44	1	5	1000	253020	253021.964	253	931.998	1	3	2	5	4	13254	0	1000	0	0	0	0	0	0	0	0	0	0	0	0	0	6000	5000	0	1	1	1	1	1
5	45	0	5	1000	258020	258021.947	258	932.002	3	5	1	2	4	35124	0	1000	1146	388	0	3	5	1	2	4	1584	2028	2228	2394	2526	6000	5000	1	1	1	1	1	1
5	46	0	5	1000	263020	263021.944	263	929.999	1	4	5	2	3	14523	0	1000	840	612	0	1	4	5	2	3	1616	1852	2062	2148	2268	6000	5000	1	1	1	1	1	1
5	47	0	5	1000	268020	268021.946	268	928	1	4	5	2	3	14523	0	1000	876	356	0	1	4	5	2	3	1364	1578	1812	1896	2024	6000	5000	1	1	1	1	1	1
5	48	0	5	1000	273020	273021.948	273	926.002	3	5	1	2	4	35124	0	1000	854	102	0	3	5	1	2	4	1106	1386	1510	1632	1766	6000	5000	1	1	1	1	1	1
5	49	1	5	1000	278020	278021.949	278	923.992	1	4	5	2	3	14523	0	1000	1488	394	0	1	4	5	2	3	1398	1608	1804	1942	2094	6000	5000	1	1	1	1	1	1
5	50	0	5	1000	283020	283021.944	283	921.992	3	5	1	2	4	35124	0	1000	0	352	0	3	5	1	2	4	1356	1568	1750	1956	2114	6000	5000	0	1	1	1	1	1
5	51	0	5	1000	288020	288021.947	288	919.997	3	2	4	5	1	32451	0	16000	0	0	0	0	0	0	0	0	0	0	0	0	0	6000	5000	0	1	1	1	1	1
5	52	0	5	1000	308020	308021.962	308	914.001	3	2	4	5	1	32451	0	1000	1014	756	0	3	2	4	5	1	1760	1974	2196	2424	2524	6000	5000	1	1	1	1	1	1
5	53	1	5	1000	313020	313021.945	313	911.989	3	2	4	5	1	32451	0	1000	990	398	0	3	2	4	5	1	1402	1608	1838	2022	2196	6000	5000	1	1	1	1	1	1
5	54	1	5	1000	318020	318021.946	318	909.996	3	2	4	5	1	32451	0	1000	1162	344	0	3	2	4	5	1	1348	1546	1780	1956	2072	6000	5000	1	1	1	1	1	1
5	55	1	5	1000	323020	323021.962	323	908.015	3	5	1	2	4	35124	0	1000	826	408	0	3	5	1	2	4	1412	1646	1856	1944	2078	6000	5000	1	1	1	1	1	1
5	56	0	5	1000	328020	328021.958	328	907.984	3	2	4	5	1	32451	0	1000	1252	470	0	3	2	4	5	1	1474	1654	1880	2086	2192	6000	5000	1	1	1	1	1	1
5	57	1	5	1000	333020	333021.942	333	905.978	1	3	2	5	4	13254	0	1000	1230	370	0	1	3	2	5	4	1374	1604	1832	2036	2092	6000	5000	1	1	1	1	1	1
5	58	1	5	1000	338020	338021.979	338	904.012	3	5	1	2	4	35124	0	1000	1096	336	0	3	5	1	2	4	2528	2764	2948	3084	3246	6000	5000	1	1	1	1	1	1
5	59	1	5	1000	343020	343021.973	343	902	1	4	5	2	3	14523	0	1000	1120	370	0	1	4	5	2	3	1936	2176	2368	2506	2646	6000	5000	1	1	1	1	1	1
5	60	0	5	1000	348020	348021.967	348	899.968	1	4	5	2	3	14523	0	1000	1494	522	0	1	4	5	2	3	1594	1824	2020	2090	2204	6000	5000	1	1	1	1	1	1
5	61	0	5	1000	353020	353021.978	353	897.998	1	3	2	5	4	13254	0	1000	1878	360	0	1	3	2	5	4	1458	1692	1936	2170	2256	6000	5000	1	1	1	1	1	1
5	62	0	5	1000	358020	358021.975	358	895.988	1	3	2	5	4	13254	0	1000	2360	492	0	1	3	2	5	4	1496	1768	2044	2290	2426	6000	5000	1	1	1	1	1	1
5	63	1	5	1000	363020	363021.976	363	896.001	1	4	5	2	3	14523	0	1000	1018	348	0	1	4	5	2	3	1352	1590	1806	1966	2124	6000	5000	1	1	1	1	1	1
5	64	1	5	1000	368020	368021.978	368	894.003	3	2	4	5	1	32451	0	1000	0	356	0	3	2	4	5	1	2422	2646	2892	3086	3240	6000	5000	0	1	1	1	1	1
5	65	1	5	1000	373020	373021.954	373	891.999	1	4	5	2	3	14523	0	1000	1252	392	0	1	4	5	2	3	1396	1656	1854	1988	2128	6000	5000	1	1	1	1	1	1
5	66	1	5	1000	378020	378021.977	378	890.01	3	5	1	2	4	35124	0	1000	0	0	0	0	0	0	0	0	0	0	0	0	0	6000	5000	0	1	1	1	1	1
5	67	0	5	1000	383020	383021.975	383	888	1	3	2	5	4	13254	0	1000	1060	390	0	1	3	2	5	4	2822	3056	3296	3488	3596	6000	5000	1	1	1	1	1	1
5	68	0	5	1000	388020	388021.98	388	886.027	3	5	1	2	4	35124	0	16000	0	438	0	3	5	1	2	4	1442	1682	1796	1948	2056	6000	5000	0	1	1	1	1	1
6	1	0	5	1000	8020	8022.083	9	18.081	1	4	5	2	3	14523	0	1000	1788	856	0	1	4	5	2	3	1860	2252	2636	3246	3474	6000	5000	1	1	1	1	1	1
6	2	0	5	1000	13020	13022.005	14	17.984	1	4	5	2	3	14523	0	1000	1146	438	0	1	4	5	2	3	1442	1706	1944	2170	2410	6000	5000	1	1	1	1	1	1
6	3	0	5	1000	18020	18020.005	19	11.999	3	5	1	2	4	35124	0	1000	1122	580	0	3	5	1	2	4	1584	1814	2072	2292	2544	6000	5000	1	1	1	1	1	1
6	4	0	5	1000	23020	23022.108	24	12.091	1	4	5	2	3	14523	0	1000	1388	492	1	1	4	5	1	2	1496	1762	1984	2106	2522	6000	5000	0	1	1	1	1	1
6	5	1	5	1000	28020	28020.021	29	10.027	1	3	2	5	4	13254	0	1000	856	560	0	1	3	2	5	4	1564	1812	2012	2172	2258	6000	5000	1	1	1	1	1	1
6	6	1	5	1000	33020	33020	34	7.975	3	5	1	2	4	35124	0	1000	1118	410	0	3	5	1	2	4	1414	1650	1930	2086	2328	6000	5000	1	1	1	1	1	1
6	7	0	5	1000	38020	38022.012	39	8.009	1	4	5	2	3	14523	0	1000	988	508	0	1	4	5	2	3	1512	1774	1996	2216	2340	6000	5000	1	1	1	1	1	1
6	8	0	5	1000	43020	43021.991	44	5.998	3	2	4	5	1	32451	0	1000	1154	458	0	3	2	4	5	1	1462	1726	1972	2206	2424	6000	5000	1	1	1	1	1	1
6	9	1	5	1000	48020	48020.003	49	2.001	3	2	4	5	1	32451	0	1000	1192	468	0	3	2	4	5	1	1472	1688	1952	2204	2490	6000	5000	1	1	1	1	1	1
6	10	1	5	1000	53020	53020.005	54	0	3	5	1	2	4	35124	0	1000	1246	488	0	3	5	1	2	4	1492	1738	2034	2284	2490	6000	5000	1	1	1	1	1	1
6	11	0	5	1000	58020	58020.005	58	999.991	1	3	2	5	4	13254	0	1000	1150	446	0	1	3	2	5	4	1450	1712	1946	2162	2380	6000	5000	1	1	1	1	1	1
6	12	0	5	1000	63020	63021.992	64	0	3	5	1	2	4	35124	0	1000	1386	290	0	3	5	1	2	4	1454	1856	2196	2412	2628	6000	5000	1	1	1	1	1	1
6	13	1	5	1000	68020	68021.994	68	997.973	1	4	5	2	3	14523	0	1000	1176	432	0	1	4	5	2	3	1436	1696	1914	2164	2414	6000	5000	1	1	1	1	1	1
6	14	0	5	1000	73020	73020.007	73	994.015	1	4	5	2	3	14523	0	1000	1144	508	0	1	4	5	2	3	1512	1774	2008	2308	2450	6000	5000	1	1	1	1	1	1
6	15	0	5	1000	78020	78020.006	78	992.009	1	3	2	5	4	13254	0	1000	1092	522	0	1	3	2	5	4	1526	1820	2042	2232	2378	6000	5000	1	1	1	1	1	1
6	16	0	5	1000	83020	83022.005	83	992.004	3	2	4	5	1	32451	0	1000	1430	592	0	3	2	4	5	1	1596	1962	2288	2520	2816	6000	5000	1	1	1	1	1	1
6	17	0	5	1000	88020	88020.081	88	988.074	3	5	1	2	4	35124	0	16000	1460	514	0	3	5	1	2	4	1518	1786	2084	2390	2720	6000	5000	1	1	1	1	1	1
6	18	0	5	1000	108020	108022.006	108	984.004	3	5	1	2	4	35124	0	1000	1264	778	0	3	5	1	2	4	1782	2058	2346	2626	2884	6000	5000	1	1	1	1	1	1
6	19	1	5	1000	113020	113020.004	113	980.015	3	5	1	2	4	35124	0	1000	1230	510	0	3	5	1	2	4	1514	1752	2020	2268	2540	6000	5000	1	1	1	1	1	1
6	20	1	5	1000	118020	118021.979	118	979.949	1	3	2	5	4	13254	0	1000	1156	502	0	1	3	2	5	4	1506	1790	2048	2244	2464	6000	5000	1	1	1	1	1	1
6	21	1	5	1000	123020	123020.044	123	976.04	1	4	5	2	3	14523	0	1000	1116	476	0	1	4	5	2	3	1480	1726	1944	2176	2390	6000	5000	1	1	1	1	1	1
6	22	1	5	1000	128020	128020.005	128	975.999	1	3	2	5	4	13254	0	1000	1138	546	0	1	3	2	5	4	1550	1840	2058	2280	2454	6000	5000	1	1	1	1	1	1
6	23	1	5	1000	133020	133021.993	133	975.999	3	2	4	5	1	32451	0	1000	1098	452	0	3	2	4	5	1	1456	1706	1958	2166	2430	6000	5000	1	1	1	1	1	1
6	24	1	5	1000	138020	138022.004	138	973.993	1	4	5	2	3	14523	0	1000	1046	550	0	1	4	5	2	3	1554	1822	2020	2244	2412	6000	5000	1	1	1	1	1	1
6	25	1	5	1000	143020	143020.099	143	970.109	1	4	5	2	3	14523	0	1000	938	498	0	1	4	5	2	3	1502	1792	1968	2152	2300	6000	5000	1	1	1	1	1	1
6	26	1	5	1000	148020	148020	148	967.998	3	5	1	2	4	35124	0	1000	1208	396	0	3	5	1	2	4	1400	1632	1906	2120	2418	6000	5000	1	1	1	1	1	1
6	27	1	5	1000	153020	153020.005	153	966	3	5	1	2	4	35124	0	1000	1122	470	0	3	5	1	2	4	1474	1750	1996	2202	2428	6000	5000	1	1	1	1	1	1
6	28	1	5	1000	158020	158020.005	158	964.011	1	4	5	2	3	14523	0	1000	1238	484	0	1	4	5	2	3	1488	1764	2014	2260	2486	6000	5000	1	1	1	1	1	1
6	29	0	5	1000	163020	163020.011	163	964.006	1	3	2	5	4	13254	0	1000	1222	458	0	1	3	2	5	4	1462	1774	2062	2292	2450	6000	5000	1	1	1	1	1	1
6	30	0	5	1000	168020	168021.985	168	963.989	1	3	2	5	4	13254	0	1000	1164	510	0	1	3	2	5	4	1514	1798	2032	2260	2434	6000	5000	1	1	1	1	1	1
6	31	1	5	1000	173020	173020.003	173	959.998	1	4	5	2	3	14523	0	1000	990	482	0	1	4	5	2	3	1486	1756	1952	2142	2312	6000	5000	1	1	1	1	1	1
6	32	0	5	1000	178020	178020.005	178	958.002	3	5	1	2	4	35124	0	1000	1138	424	0	3	5	1	2	4	1428	1694	1940	2160	2340	6000	5000	1	1	1	1	1	1
6	33	1	5	1000	183020	183020.005	183	956	1	3	2	5	4	13254	0	1000	1070	510	0	1	3	2	5	4	1514	1792	2008	2192	2342	6000	5000	1	1	1	1	1	1
6	34	0	5	1000	188020	188020.008	188	954.007	3	2	4	5	1	32451	0	16000	1110	446	0	3	2	4	5	1	1450	1690	1916	2170	2348	6000	5000	1	1	1	1	1	1
6	35	0	5	1000	208020	208020.089	208	948.089	3	2	4	5	1	32451	0	1000	1296	586	0	3	2	4	5	1	1590	1846	2136	2380	2682	6000	5000	1	1	1	1	1	1
6	36	1	5	1000	213020	213020.007	213	946.002	1	3	2	5	4	13254	0	1000	1260	518	0	1	3	2	5	4	1522	1838	2114	2346	2606	6000	5000	1	1	1	1	1	1
6	37	1	5	1000	218020	218020.01	218	944.007	1	3	2	5	4	13254	0	1000	994	474	0	1	3	2	5	4	1478	1744	1932	2120	2242	6000	5000	1	1	1	1	1	1
6	38	0	5	1000	223020	223021.99	223	943.986	1	3	2	5	4	13254	0	1000	1074	404	0	1	3	2	5	4	1408	1692	1928	2128	2294	6000	5000	1	1	1	1	1	1
6	39	1	5	1000	228020	228021.974	228	941.958	1	3	2	5	4	13254	0	1000	1112	760	0	1	3	2	5	4	1764	2042	2236	2470	2626	6000	5000	1	1	1	1	1	1
6	40	0	5	1000	233020	233020.011	233	938.015	3	5	1	2	4	35124	0	1000	1006	234	0	3	5	1	2	4	1238	1642	1846	1976	2112	6000	5000	1	1	1	1	1	1
6	41	1	5	1000	238020	238021.991	238	940.017	3	2	4	5	1	32451	0	1000	1022	440	0	3	2	4	5	1	1444	1662	1924	2140	2336	6000	5000	1	1	1	1	1	1
6	42	1	5	1000	243020	243021.993	243	937.987	3	2	4	5	1	32451	0	1000	950	474	0	3	2	4	5	1	1478	1694	1942	2112	2232	6000	5000	1	1	1	1	1	1
6	43	1	5	1000	248020	248020.004	248	934.011	1	3	2	5	4	13254	0	1000	904	848	0	1	3	2	5	4	1852	2114	2314	2428	2554	6000	5000	1	1	1	1	1	1
6	44	0	5	1000	253020	253021.993	253	933.976	1	4	5	2	3	14523	0	1000	1144	476	0	1	4	5	2	3	1480	1782	2002	2226	2396	6000	5000	1	1	1	1	1	1
6	45	1	5	1000	258020	258021.992	258	932	3	5	1	2	4	35124	0	1000	1080	410	0	3	5	1	2	4	1414	1648	1904	2102	2310	6000	5000	1	1	1	1	1	1
6	46	0	5	1000	263020	263022.004	263	930.027	3	5	1	2	4	35124	0	1000	1226	364	0	3	5	1	2	4	1368	1614	1858	2134	2414	6000	5000	1	1	1	1	1	1
6	47	0	5	1000	268020	268021.99	268	930.017	3	2	4	5	1	32451	0	1000	1212	614	0	3	2	4	5	1	1618	1876	2110	2360	2604	6000	5000	1	1	1	1	1	1
6	48	0	5	1000	273020	273022.01	273	928.034	1	4	5	2	3	14523	0	1000	1156	486	0	1	4	5	2	3	1490	1826	2074	2302	2420	6000	5000	1	1	1	1	1	1
6	49	1	5	1000	278020	278021.972	278	925.985	3	2	4	5	1	32451	0	1000	1246	414	0	3	2	4	5	1	1418	1656	1928	2198	2438	6000	5000	1	1	1	1	1	1
6	50	0	5	1000	283020	283021.992	283	923.99	3	5	1	2	4	35124	0	1000	1282	472	0	3	5	1	2	4	1476	1772	2056	2312	2586	6000	5000	1	1	1	1	1	1
6	51	0	5	1000	288020	288021.982	288	921.988	3	5	1	2	4	35124	0	16000	1144	228	0	3	5	1	2	4	1232	1500	1754	1964	2204	6000	5000	1	1	1	1	1	1
6	52	0	5	1000	308020	308021.977	308	916.005	3	5	1	2	4	35124	0	1000	1408	450	0	3	5	1	2	4	1454	1726	1994	2232	2562	6000	5000	1	1	1	1	1	1
6	53	0	5	1000	313020	313020.001	313	912.008	1	3	2	5	4	13254	0	1000	1334	422	0	1	3	2	5	4	1426	1754	2042	2290	2524	6000	5000	1	1	1	1	1	1
6	54	1	5	1000	318020	318021.997	318	912.024	3	2	4	5	1	32451	0	1000	1304	428	0	3	2	4	5	1	1432	1676	1936	2170	2478	6000	5000	1	1	1	1	1	1
6	55	0	5	1000	323020	323020.01	323	908.028	3	2	4	5	1	32451	0	1000	1202	466	0	3	2	4	5	1	1470	1716	1958	2208	2422	6000	5000	1	1	1	1	1	1
6	56	0	5	1000	328020	328021.994	328	907.997	3	2	4	5	1	32451	0	1000	1286	464	0	3	2	4	5	1	1468	1730	1980	2236	2514	6000	5000	1	1	1	1	1	1
6	57	1	5	1000	333020	333021.996	333	906.001	3	5	1	2	4	35124	0	1000	1152	572	0	3	5	1	2	4	1576	1806	2028	2292	2552	6000	5000	1	1	1	1	1	1
6	58	1	5	1000	338020	338021.991	338	904.001	3	2	4	5	1	32451	0	1000	1224	574	0	3	2	4	5	1	1578	1782	2060	2272	2530	6000	5000	1	1	1	1	1	1
6	59	0	5	1000	343020	343021.994	343	903.999	1	3	2	5	4	13254	0	1000	1256	624	0	1	3	2	5	4	1628	1908	2212	2418	2684	6000	5000	1	1	1	1	1	1
6	60	1	5	1000	348020	348021.994	348	902.021	3	5	1	2	4	35124	0	1000	1622	458	0	3	5	1	2	4	1462	1724	2314	2662	2896	6000	5000	1	1	1	1	1	1
6	61	0	5	1000	353020	353020.002	353	898.006	3	2	4	5	1	32451	0	1000	1406	480	0	3	2	4	5	1	1484	1754	2034	2304	2606	6000	5000	1	1	1	1	1	1
6	62	1	5	1000	358020	358022.124	358	898.127	1	4	5	2	3	14523	0	1000	1340	490	0	1	4	5	2	3	1494	1818	2080	2346	2644	6000	5000	1	1	1	1	1	1
6	63	0	5	1000	363020	363021.997	363	896.022	3	2	4	5	1	32451	0	1000	1244	470	0	3	2	4	5	1	1474	1734	2006	2240	2498	6000	5000	1	1	1	1	1	1
6	64	0	5	1000	368020	368021.974	368	893.987	1	3	2	5	4	13254	0	1000	1308	404	0	1	3	2	5	4	1408	1726	1982	2234	2500	6000	5000	1	1	1	1	1	1
6	65	0	5	1000	373020	373021.994	373	892.001	1	4	5	2	3	14523	0	1000	1424	508	0	1	4	5	2	3	1512	1842	2108	2500	2752	6000	5000	1	1	1	1	1	1
6	66	1	5	1000	378020	378020.007	378	890.03	1	4	5	2	3	14523	0	1000	1286	630	0	1	4	5	2	3	1634	1972	2228	2466	2722	6000	5000	1	1	1	1	1	1
6	67	1	5	1000	383020	383021.993	383	889.988	3	2	4	5	1	32451	0	1000	1276	434	0	3	2	4	5	1	1438	1692	1960	2188	2426	6000	5000	1	1	1	1	1	1
6	68	0	5	1000	388020	388022.008	388	888.005	1	4	5	2	3	14523	0	16000	1412	518	0	1	4	5	2	3	1522	1892	2176	2486	2760	6000	5000	1	1	1	1	1	1
7	1	1	5	1000	8020	8021.941	9	17.994	1	3	2	5	4	13254	0	1000	1152	652	0	1	3	2	5	4	1656	1934	2200	2428	2588	6000	5000	1	1	1	1	1	1
7	2	1	5	1000	13020	13021.95	14	16.005	3	5	1	2	4	35124	0	1000	1386	508	0	3	5	1	2	4	1512	1794	2112	2382	2664	6000	5000	1	1	1	1	1	1
7	3	1	5	1000	18020	18021.945	19	13.993	3	2	4	5	1	32451	0	1000	1342	520	0	3	2	4	5	1	1524	1800	2080	2332	2582	6000	5000	1	1	1	1	1	1
7	4	0	5	1000	23020	23021.945	24	11.998	1	4	5	2	3	14523	0	1000	1384	422	0	1	4	5	2	3	1426	1748	2028	2308	2566	6000	5000	1	1	1	1	1	1
7	5	0	5	1000	28020	28021.95	29	9.986	3	5	1	2	4	35124	0	1000	1260	520	0	3	5	1	2	4	1524	1818	2040	2338	2598	6000	5000	1	1	1	1	1	1
7	6	1	5	1000	33020	33021.947	34	8.003	1	3	2	5	4	13254	0	1000	1162	598	0	1	3	2	5	4	1602	1866	2082	2308	2528	6000	5000	1	1	1	1	1	1
7	7	1	5	1000	38020	38021.942	39	5.998	1	3	2	5	4	13254	0	1000	1128	470	0	1	3	2	5	4	1474	1748	1970	2166	2362	6000	5000	1	1	1	1	1	1
7	8	0	5	1000	43020	43021.958	44	6.018	3	2	4	5	1	32451	0	1000	1392	466	0	3	2	4	5	1	1470	1738	1994	2246	2500	6000	5000	1	1	1	1	1	1
7	9	0	5	1000	48020	48021.958	49	4.015	1	3	2	5	4	13254	0	1000	1274	494	0	1	3	2	5	4	1498	1776	2034	2282	2516	6000	5000	1	1	1	1	1	1
7	10	0	5	1000	53020	53021.942	54	1.989	1	4	5	2	3	14523	0	1000	1308	484	0	1	4	5	2	3	1488	1782	2042	2316	2560	6000	5000	1	1	1	1	1	1
7	11	0	5	1000	58020	58021.942	59	0	3	2	4	5	1	32451	0	1000	1410	426	0	3	2	4	5	1	1430	1716	1950	2252	2566	6000	5000	1	1	1	1	1	1
7	12	0	5	1000	63020	63021.942	63	997.997	1	4	5	2	3	14523	0	1000	1330	474	0	1	4	5	2	3	1478	1768	2028	2292	2548	6000	5000	1	1	1	1	1	1
7	13	1	5	1000	68020	68021.947	68	996.01	3	2	4	5	1	32451	0	1000	1306	506	0	3	2	4	5	1	1510	1786	2028	2284	2512	6000	5000	1	1	1	1	1	1
7	14	0	5	1000	73020	73021.95	73	996.001	3	5	1	2	4	35124	0	1000	1320	410	0	3	5	1	2	4	1414	1680	1938	2252	2522	6000	5000	1	1	1	1	1	1
7	15	0	5	1000	78020	78021.95	78	993.999	3	2	4	5	1	32451	0	1000	1262	518	0	3	2	4	5	1	1522	1780	2028	2262	2502	6000	5000	1	1	1	1	1	1
7	16	1	5	1000	83020	83021.953	83	992.012	3	2	4	5	1	32451	0	1000	1244	622	0	3	2	4	5	1	1626	1882	2140	2396	2602	6000	5000	1	1	1	1	1	1
7	17	1	5	1000	88020	88021.943	88	989.969	1	4	5	2	3	14523	0	16000	1240	542	0	1	4	5	2	3	1546	1830	2092	2286	2496	6000	5000	1	1	1	1	1	1
7	18	1	5	1000	108020	108021.954	108	982.01	1	4	5	2	3	14523	0	1000	1374	444	0	1	4	5	2	3	1448	1750	2020	2304	2586	6000	5000	1	1	1	1	1	1
7	19	1	5	1000	113020	113021.955	113	982.012	3	5	1	2	4	35124	0	1000	1310	714	0	3	5	1	2	4	1718	1994	2266	2564	2826	6000	5000	1	1	1	1	1	1
7	20	0	5	1000	118020	118021.953	118	980	1	4	5	2	3	14523	0	1000	1352	526	0	1	4	5	2	3	1530	1836	2094	2398	2682	6000	5000	1	1	1	1	1	1
7	21	1	5	1000	123020	123021.944	123	978.003	1	4	5	2	3	14523	0	1000	1390	516	0	1	4	5	2	3	1520	1836	2140	2396	2690	6000	5000	1	1	1	1	1	1
7	22	0	5	1000	128020	128021.956	128	976.011	3	5	1	2	4	35124	0	1000	1182	582	0	3	5	1	2	4	1586	1820	2050	2306	2550	6000	5000	1	1	1	1	1	1
7	23	0	5	1000	133020	133021.944	133	973.999	1	3	2	5	4	13254	0	1000	1350	420	0	1	3	2	5	4	1424	1728	2024	2280	2484	6000	5000	1	1	1	1	1	1
7	24	0	5	1000	138020	138021.944	138	971.958	3	5	1	2	4	35124	0	1000	1294	500	0	3	5	1	2	4	1504	1742	2020	2318	2586	6000	5000	1	1	1	1	1	1
7	25	1	5	1000	143020	143021.962	143	970.019	3	5	1	2	4	35124	0	1000	1264	476	0	3	5	1	2	4	1480	1718	1990	2286	2538	6000	5000	1	1	1	1	1	1
7	26	1	5	1000	148020	148021.941	148	969.998	1	3	2	5	4	13254	0	1000	1254	824	0	1	3	2	5	4	1828	2096	2358	2628	2862	6000	5000	1	1	1	1	1	1
7	27	1	5	1000	153020	153021.955	153	968	3	2	4	5	1	32451	0	1000	1336	404	0	3	2	4	5	1	1408	1684	1980	2240	2494	6000	5000	1	1	1	1	1	1
7	28	0	5	1000	158020	158021.942	158	965.971	3	2	4	5	1	32451	0	1000	1446	496	0	3	2	4	5	1	1500	1788	2052	2332	2636	6000	5000	1	1	1	1	1	1
7	29	0	5	1000	163020	163021.951	163	963.987	3	2	4	5	1	32451	0	1000	1242	476	0	3	2	4	5	1	1480	1756	2038	2300	2484	6000	5000	1	1	1	1	1	1
7	30	1	5	1000	168020	168021.947	168	961.997	1	4	5	2	3	14523	0	1000	1374	480	0	1	4	5	2	3	1484	1794	2084	2350	2620	6000	5000	1	1	1	1	1	1
7	31	0	5	1000	173020	173021.951	173	962.007	1	4	5	2	3	14523	0	1000	1478	470	0	1	4	5	2	3	1474	1784	2094	2454	2768	6000	5000	1	1	1	1	1	1
7	32	1	5	1000	178020	178021.944	178	957.987	1	3	2	5	4	13254	0	1000	1436	490	0	1	3	2	5	4	1494	1830	2138	2428	2706	6000	5000	1	1	1	1	1	1
7	33	0	5	1000	183020	183021.941	183	958.001	1	3	2	5	4	13254	0	1000	1470	514	0	1	3	2	5	4	1518	1834	2178	2470	2746	6000	5000	1	1	1	1	1	1
7	34	1	5	1000	188020	188021.95	188	956.007	3	2	4	5	1	32451	0	16000	1288	524	0	3	2	4	5	1	1528	1784	2064	2322	2578	6000	5000	1	1	1	1	1	1
7	35	1	5	1000	208020	208021.941	208	947.999	3	2	4	5	1	32451	0	1000	1264	426	0	3	2	4	5	1	1430	1708	1970	2196	2418	6000	5000	1	1	1	1	1	1
7	36	1	5	1000	213020	213021.937	213	945.984	3	2	4	5	1	32451	0	1000	1224	760	0	3	2	4	5	1	1764	2022	2258	2470	2690	6000	5000	1	1	1	1	1	1
7	37	0	5	1000	218020	218021.953	218	945.996	1	3	2	5	4	13254	0	1000	1470	532	0	1	3	2	5	4	1536	1866	2198	2462	2744	6000	5000	1	1	1	1	1	1
7	38	1	5	1000	223020	223021.943	223	943.992	1	4	5	2	3	14523	0	1000	1484	434	0	1	4	5	2	3	1438	1786	2076	2402	2708	6000	5000	1	1	1	1	1	1
7	39	0	5	1000	228020	228021.954	228	942.005	3	2	4	5	1	32451	0	1000	1412	436	0	3	2	4	5	1	1440	1758	2016	2290	2564	6000	5000	1	1	1	1	1	1
7	40	0	5	1000	233020	233021.94	233	939.992	3	5	1	2	4	35124	0	1000	1514	452	0	3	5	1	2	4	1456	1756	2100	2446	2756	6000	5000	1	1	1	1	1	1
7	41	0	5	1000	238020	238021.951	238	937.967	3	5	1	2	4	35124	0	1000	1344	536	0	3	5	1	2	4	1540	1832	2118	2428	2722	6000	5000	1	1	1	1	1	1
7	42	1	5	1000	243020	243021.924	243	936.004	1	4	5	2	3	14523	0	1000	1214	502	0	1	4	5	2	3	1506	1842	2098	2352	2574	6000	5000	1	1	1	1	1	1
7	43	1	5	1000	248020	248021.948	248	934.007	1	4	5	2	3	14523	0	1000	1142	500	0	1	4	5	2	3	1504	1828	2076	2290	2484	6000	5000	1	1	1	1	1	1
7	44	1	5	1000	253020	253021.941	253	933.981	1	3	2	5	4	13254	0	1000	1096	422	0	1	3	2	5	4	1660	1910	2140	2360	2556	6000	5000	1	1	1	1	1	1
7	45	1	5	1000	258020	258021.939	258	932	1	4	5	2	3	14523	0	1000	1034	404	0	1	4	5	2	3	1408	1692	1922	2118	2288	6000	5000	1	1	1	1	1	1
7	46	1	5	1000	263020	263021.944	263	929.971	3	2	4	5	1	32451	0	1000	1216	446	0	3	2	4	5	1	1450	1676	1940	2170	2354	6000	5000	1	1	1	1	1	1
7	47	1	5	1000	268020	268021.948	268	928.007	3	5	1	2	4	35124	0	1000	1158	416	0	3	5	1	2	4	1420	1642	1884	2156	2388	6000	5000	1	1	1	1	1	1
7	48	1	5	1000	273020	273021.951	273	926.012	3	5	1	2	4	35124	0	1000	1176	418	0	3	5	1	2	4	1422	1664	1900	2158	2392	6000	5000	1	1	1	1	1	1
7	49	0	5	1000	278020	278021.954	278	924.001	1	3	2	5	4	13254	0	1000	1078	494	0	1	3	2	5	4	1498	1750	1982	2196	2378	6000	5000	1	1	1	1	1	1
7	50	0	5	1000	283020	283021.941	283	921.99	1	3	2	5	4	13254	0	1000	1018	696	0	1	3	2	5	4	1700	1942	2156	2330	2516	6000	5000	1	1	1	1	1	1
7	51	0	5	1000	288020	288021.944	288	922.012	3	2	4	5	1	32451	0	16000	1284	484	0	3	2	4	5	1	1488	1758	2022	2268	2532	6000	5000	1	1	1	1	1	1
7	52	0	5	1000	308020	308021.955	308	914.013	3	2	4	5	1	32451	0	1000	1228	672	0	3	2	4	5	1	1676	1940	2200	2416	2628	6000	5000	1	1	1	1	1	1
7	53	1	5	1000	313020	313021.942	313	911.97	1	3	2	5	4	13254	0	1000	1270	380	0	1	3	2	5	4	1384	1670	1942	2204	2428	6000	5000	1	1	1	1	1	1
7	54	0	5	1000	318020	318021.957	318	910.004	3	5	1	2	4	35124	0	1000	1242	450	0	3	5	1	2	4	1454	1738	1970	2238	2496	6000	5000	1	1	1	1	1	1
7	55	0	5	1000	323020	323021.944	323	909.998	1	4	5	2	3	14523	0	1000	1414	516	0	1	4	5	2	3	1520	1852	2122	2348	2564	6000	5000	1	1	1	1	1	1
7	56	1	5	1000	328020	328021.944	328	907.992	3	5	1	2	4	35124	0	1000	1312	1408	1	3	1	1	2	4	2412	2808	3284	3340	3552	6000	5000	0	1	1	1	1	1
7	57	0	5	1000	333020	333021.944	333	906	3	5	1	2	4	35124	0	1000	1088	558	0	3	5	1	2	4	1562	1816	2062	2286	2514	6000	5000	1	1	1	1	1	1
7	58	1	5	1000	338020	338021.947	338	904.001	3	2	4	5	1	32451	0	1000	1098	560	0	3	2	4	5	1	1564	1800	2034	2232	2402	6000	5000	1	1	1	1	1	1
7	59	1	5	1000	343020	343021.954	343	902.009	1	3	2	5	4	13254	0	1000	1098	488	0	1	3	2	5	4	1492	1752	1972	2184	2382	6000	5000	1	1	1	1	1	1
7	60	0	5	1000	348020	348021.945	348	900.01	1	4	5	2	3	14523	0	1000	936	462	0	1	4	5	2	3	1632	1886	2102	2290	2390	6000	5000	1	1	1	1	1	1
7	61	0	5	1000	353020	353021.93	353	897.988	1	4	5	2	3	14523	0	1000	998	540	0	1	4	5	2	3	1544	1826	2074	2224	2346	6000	5000	1	1	1	1	1	1
7	62	0	5	1000	358020	358021.924	358	895.961	1	3	2	5	4	13254	0	1000	1074	370	0	1	3	2	5	4	1374	1624	1950	2144	2226	6000	5000	1	1	1	1	1	1
7	63	1	5	1000	363020	363021.95	363	896.025	3	5	1	2	4	35124	0	1000	1024	410	0	3	5	1	2	4	1414	1636	1892	2118	2250	6000	5000	1	1	1	1	1	1
7	64	0	5	1000	368020	368021.955	368	893.989	3	2	4	5	1	32451	0	1000	1106	424	0	3	2	4	5	1	1428	1658	1900	2116	2230	6000	5000	1	1	1	1	1	1
7	65	1	5	1000	373020	373021.947	373	892.023	3	5	1	2	4	35124	0	1000	1040	414	0	3	5	1	2	4	1418	1658	1892	2126	2264	6000	5000	1	1	1	1	1	1
7	66	1	5	1000	378020	378021.958	378	890.016	1	4	5	2	3	14523	0	1000	1154	440	0	1	4	5	2	3	1444	1780	2068	2300	2446	6000	5000	1	1	1	1	1	1
7	67	0	5	1000	383020	383021.972	383	888.018	1	3	2	5	4	13254	0	1000	1214	458	0	1	3	2	5	4	1462	1796	2168	2346	2436	6000	5000	1	1	1	1	1	1
7	68	1	5	1000	388020	388022.034	388	886.083	1	3	2	5	4	13254	0	16000	1282	428	0	1	3	2	5	4	1432	1738	2014	2236	2434	6000	5000	1	1	1	1	1	1
8	1	1	5	1000	8020	8021.987	9	16.017	3	5	1	2	4	35124	0	1000	1224	992	0	3	5	1	2	4	1996	2334	2614	2844	3030	6000	5000	1	1	1	1	1	1
8	2	1	5	1000	13020	13021.988	14	13.988	3	2	4	5	1	32451	0	1000	1148	386	0	3	2	4	5	1	1390	1612	1874	2112	2304	6000	5000	1	1	1	1	1	1
8	3	1	5	1000	18020	18020.011	19	11.992	1	4	5	2	3	14523	0	1000	1084	420	0	1	4	5	2	3	1428	1658	1874	2100	2324	6000	5000	1	1	1	1	1	1
8	4	0	5	1000	23020	23020.017	24	9.909	3	5	1	2	4	35124	0	1000	1178	452	0	3	5	1	2	4	1456	1684	1924	2174	2414	6000	5000	1	1	1	1	1	1
8	5	1	5	1000	28020	28020	29	8.014	3	5	1	2	4	35124	0	1000	1074	360	0	3	5	1	2	4	1364	1614	1844	2058	2240	6000	5000	1	1	1	1	1	1
8	6	0	5	1000	33020	33021.988	34	7.99	1	3	2	5	4	13254	0	1000	1182	422	0	1	3	2	5	4	1426	1810	2054	2300	2402	6000	5000	1	1	1	1	1	1
8	7	0	5	1000	38020	38021.975	39	6.006	3	5	1	2	4	35124	0	1000	1032	408	0	3	5	1	2	4	1412	1636	1866	2096	2246	6000	5000	1	1	1	1	1	1
8	8	0	5	1000	43020	43020	44	2.002	3	2	4	5	1	32451	0	1000	1146	410	0	3	2	4	5	1	1414	1656	1888	2132	2304	6000	5000	1	1	1	1	1	1
8	9	1	5	1000	48020	48020	49	0	3	5	1	2	4	35124	0	1000	1068	360	0	3	5	1	2	4	1364	1610	1854	2086	2242	6000	5000	1	1	1	1	1	1
8	10	0	5	1000	53020	53021.997	54	0	1	4	5	2	3	14523	0	1000	1048	570	0	1	4	5	2	3	1574	1826	2066	2270	2370	6000	5000	1	1	1	1	1	1
8	11	0	5	1000	58020	58021.997	59	0	1	4	5	2	3	14523	0	1000	1216	458	0	1	4	5	2	3	1462	1772	2050	2294	2406	6000	5000	1	1	1	1	1	1
8	12	1	5	1000	63020	63022.028	63	998.028	1	4	5	2	3	14523	0	1000	1020	476	0	1	4	5	2	3	1480	1750	2008	2190	2306	6000	5000	1	1	1	1	1	1
8	13	1	5	1000	68020	68020.05	68	994.064	1	4	5	2	3	14523	0	1000	1012	418	0	1	4	5	2	3	1422	1696	1942	2118	2222	6000	5000	1	1	1	1	1	1
8	14	0	5	1000	73020	73022	73	994.012	1	4	5	2	3	14523	0	1000	1090	394	0	1	4	5	2	3	1398	1648	1892	2130	2260	6000	5000	1	1	1	1	1	1
8	15	0	5	1000	78020	78020.013	78	990.013	3	2	4	5	1	32451	0	1000	1058	422	0	3	2	4	5	1	1426	1664	1908	2116	2234	6000	5000	1	1	1	1	1	1
8	16	0	5	1000	83020	83021.999	83	990.002	1	4	5	2	3	14523	0	1000	1086	468	0	1	4	5	2	3	1472	1718	1992	2218	2364	6000	5000	1	1	1	1	1	1
8	17	0	5	1000	88020	88021.997	88	990.008	3	5	1	2	4	35124	0	16000	1100	458	0	3	5	1	2	4	1462	1720	1962	2230	2392	6000	5000	1	1	1	1	1	1
8	18	0	5	1000	108020	108020.024	108	979.944	3	5	1	2	4	35124	0	1000	1312	504	0	3	5	1	2	4	1508	1838	2100	2356	2586	6000	5000	1	1	1	1	1	1
8	19	1	5	1000	113020	113020.001	113	977.97	1	3	2	5	4	13254	0	1000	1170	538	0	1	3	2	5	4	1542	1812	2052	2274	2492	6000	5000	1	1	1	1	1	1
8	20	0	5	1000	118020	118020.002	118	976.005	3	5	1	2	4	35124	0	1000	1200	416	0	3	5	1	2	4	1420	1680	1916	2188	2422	6000	5000	1	1	1	1	1	1
8	21	0	5	1000	123020	123020.001	123	976.015	1	3	2	5	4	13254	0	1000	1238	430	0	1	3	2	5	4	1434	1732	1992	2222	2456	6000	5000	1	1	1	1	1	1
8	22	0	5	1000	128020	128022.001	128	975.971	3	2	4	5	1	32451	0	1000	1220	442	0	3	2	4	5	1	1446	1740	1970	2208	2408	6000	5000	1	1	1	1	1	1
8	23	1	5	1000	133020	133021.999	133	974.014	1	3	2	5	4	13254	0	1000	1162	482	0	1	3	2	5	4	1486	1766	1992	2214	2402	6000	5000	1	1	1	1	1	1
8	24	1	5	1000	138020	138022.007	138	972.03	3	2	4	5	1	32451	0	1000	1188	364	0	3	2	4	5	1	1368	1584	1840	2084	2268	6000	5000	1	1	1	1	1	1
8	25	0	5	1000	143020	143022.002	143	970.007	1	3	2	5	4	13254	0	1000	1102	390	0	1	3	2	5	4	1394	1670	1914	2114	2266	6000	5000	1	1	1	1	1	1
8	26	0	5	1000	148020	148022.022	148	968.024	1	4	5	2	3	14523	0	1000	1232	452	0	1	4	5	2	3	1456	1758	2042	2256	2450	6000	5000	1	1	1	1	1	1
8	27	1	5	1000	153020	153020.005	153	964.004	3	2	4	5	1	32451	0	1000	1174	406	0	3	2	4	5	1	1410	1654	1900	2126	2308	6000	5000	1	1	1	1	1	1
8	28	0	5	1000	158020	158022.001	158	965.975	1	4	5	2	3	14523	0	1000	1180	418	0	1	4	5	2	3	1422	1702	1950	2172	2386	6000	5000	1	1	1	1	1	1
8	29	1	5	1000	163020	163021.984	163	963.999	1	3	2	5	4	13254	0	1000	1240	444	0	1	3	2	5	4	1448	1754	2012	2244	2474	6000	5000	1	1	1	1	1	1
8	30	1	5	1000	168020	168022	168	962.001	1	3	2	5	4	13254	0	1000	1140	388	0	1	3	2	5	4	1392	1664	1894	2118	2324	6000	5000	1	1	1	1	1	1
8	31	1	5	1000	173020	173021.99	173	959.993	3	5	1	2	4	35124	0	1000	1200	504	0	3	5	1	2	4	1508	1752	1972	2264	2504	6000	5000	1	1	1	1	1	1
8	32	0	5	1000	178020	178020.002	178	956.025	3	2	4	5	1	32451	0	1000	1318	426	0	3	2	4	5	1	1430	1728	1970	2236	2472	6000	5000	1	1	1	1	1	1
8	33	0	5	1000	183020	183020.01	183	954.013	3	5	1	2	4	35124	0	1000	1212	420	0	3	5	1	2	4	1424	1652	1884	2174	2440	6000	5000	1	1	1	1	1	1
8	34	1	5	1000	188020	188021.987	188	954.001	3	2	4	5	1	32451	0	16000	1228	410	0	3	2	4	5	1	1414	1668	1904	2146	2350	6000	5000	1	1	1	1	1	1
8	35	1	5	1000	208020	208020.013	208	946.029	3	2	4	5	1	32451	0	1000	1284	476	0	3	2	4	5	1	1480	1808	2066	2298	2518	6000	5000	1	1	1	1	1	1
8	36	0	5	1000	213020	213021.988	213	945.906	3	2	4	5	1	32451	0	1000	1240	524	0	3	2	4	5	1	1528	1802	2070	2312	2492	6000	5000	1	1	1	1	1	1
8	37	0	5	1000	218020	218022.005	218	944.009	1	3	2	5	4	13254	0	1000	1252	420	0	1	3	2	5	4	1424	1714	2006	2240	2446	6000	5000	1	1	1	1	1	1
8	38	1	5	1000	223020	223021.981	223	942.015	1	3	2	5	4	13254	0	1000	1270	450	0	1	3	2	5	4	1454	1772	2038	2250	2482	6000	5000	1	1	1	1	1	1
8	39	0	5	1000	228020	228021.987	228	942.01	3	2	4	5	1	32451	0	1000	1288	420	0	3	2	4	5	1	1424	1696	1986	2210	2434	6000	5000	1	1	1	1	1	1
8	40	0	5	1000	233020	233020.015	233	938.007	3	2	4	5	1	32451	0	1000	1280	408	0	3	2	4	5	1	1412	1698	1976	2188	2416	6000	5000	1	1	1	1	1	1
8	41	1	5	1000	238020	238020.008	238	935.997	1	4	5	2	3	14523	0	1000	1236	580	0	1	4	5	2	3	1584	1906	2146	2390	2620	6000	5000	1	1	1	1	1	1
8	42	1	5	1000	243020	243020	243	934	1	3	2	5	4	13254	0	1000	1248	574	0	1	3	2	5	4	1578	1836	2102	2328	2536	6000	5000	1	1	1	1	1	1
8	43	0	5	1000	248020	248021.988	248	933.973	1	3	2	5	4	13254	0	1000	1382	410	0	1	3	2	5	4	1414	1718	1970	2194	2438	6000	5000	1	1	1	1	1	1
8	44	1	5	1000	253020	253021.981	253	932.012	3	2	4	5	1	32451	0	1000	1188	790	0	3	2	4	5	1	1794	2030	2282	2502	2696	6000	5000	1	1	1	1	1	1
8	45	1	5	1000	258020	258021.991	258	929.961	1	3	2	5	4	13254	0	1000	1134	468	0	1	3	2	5	4	1472	1748	1986	2180	2360	6000	5000	1	1	1	1	1	1
8	46	0	5	1000	263020	263020.024	263	928.027	1	4	5	2	3	14523	0	1000	1122	372	0	1	4	5	2	3	1376	1688	2002	2182	2290	6000	5000	1	1	1	1	1	1
8	47	1	5	1000	268020	268022.003	268	928.017	3	5	1	2	4	35124	0	1000	1228	414	0	3	5	1	2	4	1418	1672	1918	2168	2420	6000	5000	1	1	1	1	1	1
8	48	1	5	1000	273020	273020	273	923.997	3	5	1	2	4	35124	0	1000	1268	400	0	3	5	1	2	4	1404	1646	1880	2176	2454	6000	5000	1	1	1	1	1	1
8	49	0	5	1000	278020	278021.999	278	924.012	3	5	1	2	4	35124	0	1000	1124	462	0	3	5	1	2	4	1466	1688	1892	2164	2392	6000	5000	1	1	1	1	1	1
8	50	0	5	1000	283020	283022.029	283	922.03	3	5	1	2	4	35124	0	1000	1100	482	0	3	5	1	2	4	1486	1742	1954	2192	2398	6000	5000	1	1	1	1	1	1
8	51	1	5	1000	288020	288021.979	288	919.931	1	4	5	2	3	14523	0	16000	1054	574	0	1	4	5	2	3	1578	1832	2074	2264	2448	6000	5000	1	1	1	1	1	1
8	52	1	5	1000	308020	308022.001	308	914.003	1	4	5	2	3	14523	0	1000	1204	794	0	1	4	5	2	3	1798	2104	2370	2602	2832	6000	5000	1	1	1	1	1	1
8	53	1	5	1000	313020	313021.997	313	912.007	3	2	4	5	1	32451	0	1000	1380	424	0	3	2	4	5	1	1428	1726	2002	2252	2476	6000	5000	1	1	1	1	1	1
8	54	1	5	1000	318020	318022.001	318	910.002	3	2	4	5	1	32451	0	1000	1474	376	0	3	2	4	5	1	1380	1716	2034	2306	2536	6000	5000	1	1	1	1	1	1
8	55	1	5	1000	323020	323021.981	323	909.985	3	5	1	2	4	35124	0	1000	1306	488	0	3	5	1	2	4	1492	1744	2008	2276	2532	6000	5000	1	1	1	1	1	1
8	56	1	5	1000	328020	328020	328	904.001	1	3	2	5	4	13254	0	1000	1314	502	0	1	3	2	5	4	1506	1800	2072	2288	2528	6000	5000	1	1	1	1	1	1
8	57	1	5	1000	333020	333021.973	333	903.985	1	4	5	2	3	14523	0	1000	1288	468	0	1	4	5	2	3	1472	1804	2046	2290	2536	6000	5000	1	1	1	1	1	1
8	58	0	5	1000	338020	338021.999	338	904.01	3	2	4	5	1	32451	0	1000	1336	418	0	3	2	4	5	1	1422	1712	1980	2252	2446	6000	5000	1	1	1	1	1	1
8	59	1	5	1000	343020	343021.995	343	901.957	3	2	4	5	1	32451	0	1000	1324	400	0	3	2	4	5	1	1404	1666	1924	2170	2408	6000	5000	1	1	1	1	1	1
8	60	0	5	1000	348020	348021.999	348	899.998	3	5	1	2	4	35124	0	1000	1340	334	0	3	5	1	2	4	1338	1584	1808	2128	2432	6000	5000	1	1	1	1	1	1
8	61	0	5	1000	353020	353021.975	353	897.979	1	4	5	2	3	14523	0	1000	1366	378	0	1	4	5	2	3	1382	1704	1984	2252	2466	6000	5000	1	1	1	1	1	1
8	62	0	5	1000	358020	358022.001	358	895.996	1	3	2	5	4	13254	0	1000	1312	382	0	1	3	2	5	4	1386	1694	1962	2208	2416	6000	5000	1	1	1	1	1	1
8	63	1	5	1000	363020	363021.997	363	893.999	3	5	1	2	4	35124	0	1000	1204	502	0	3	5	1	2	4	1506	1780	2002	2254	2478	6000	5000	1	1	1	1	1	1
8	64	1	5	1000	368020	368021.998	368	891.999	1	4	5	2	3	14523	0	1000	1228	598	0	1	4	5	2	3	1602	1926	2194	2416	2652	6000	5000	1	1	1	1	1	1
8	65	0	5	1000	373020	373020	373	890.008	1	3	2	5	4	13254	0	1000	1412	396	0	1	3	2	5	4	1400	1720	2242	2448	2538	6000	5000	1	1	1	1	1	1
8	66	0	5	1000	378020	378020.004	378	888.007	1	3	2	5	4	13254	0	1000	1248	486	0	1	3	2	5	4	1490	1814	2112	2380	2482	6000	5000	1	1	1	1	1	1
8	67	1	5	1000	383020	383021.991	383	887.992	1	4	5	2	3	14523	0	1000	1220	642	0	1	4	5	2	3	1646	1952	2192	2408	2620	6000	5000	1	1	1	1	1	1
8	68	1	5	1000	388020	388021.988	388	885.989	3	5	1	2	4	35124	0	16000	1372	498	0	3	5	1	2	4	1502	1812	2028	2348	2590	6000	5000	1	1	1	1	1	1