BN	TN	seqType	Horizon	PrepTime	startTime	startTimeReal	startTRReal	startTRtime	press0	press1	press2	press3	press4	cueP	complete	iti	MT	RT	isError	response0	response1	response2	response3	response4	pressTime0	pressTime1	pressTime2	pressTime3	pressTime4	timeThreshold	timeThresholdSuper	points	Gain1	Gain2	Gain3	Gain4	Gain5
1	1	0	5	1000	8020	8020.012	9	14.015	1	4	5	2	3	14523	0	1000	1618	610	0	1	4	5	2	3	1614	1948	2226	2516	3178	6000	5000	1	1	1	1	1	1
1	2	1	5	1000	13020	13020.023	14	14.001	1	3	2	5	4	13254	0	1000	1142	598	0	1	3	2	5	4	1602	1860	2172	2406	2696	6000	5000	1	1	1	1	1	1
1	3	1	5	1000	18020	18020.019	19	11.99	3	5	1	2	4	35124	0	1000	1026	1028	0	3	5	1	2	4	2032	2270	2486	2750	2998	6000	5000	1	1	1	1	1	1
1	4	1	5	1000	23020	23020	24	9.902	1	3	2	5	4	13254	0	1000	1030	530	0	1	3	2	5	4	1534	1812	2046	2242	2486	6000	5000	1	1	1	1	1	1
1	5	1	5	1000	28020	28021.986	29	9.977	3	2	4	5	1	32451	0	1000	1036	476	0	3	2	4	5	1	1480	1714	1920	2144	2378	6000	5000	1	1	1	1	1	1
1	6	0	5	1000	33020	33020.015	34	5.987	1	3	2	5	4	13254	0	1000	1040	506	0	1	3	2	5	4	1510	1768	1980	2142	2454	6000	5000	1	1	1	1	1	1
1	7	0	5	1000	38020	38020.01	39	3.999	1	4	5	2	3	14523	0	1000	1196	572	0	1	4	5	2	3	1576	1878	2180	2440	2688	6000	5000	1	1	1	1	1	1
1	8	0	5	1000	43020	43020.01	44	4.002	3	2	4	5	1	32451	0	1000	1010	620	0	3	2	4	5	1	1624	1882	2088	2292	2514	6000	5000	1	1	1	1	1	1
1	9	0	5	1000	48020	48020.025	49	2.005	1	4	5	2	3	14523	0	1000	932	492	0	1	4	5	2	3	1496	1726	1932	2164	2372	6000	5000	1	1	1	1	1	1
1	10	1	5	1000	53020	53020.122	54	0	1	4	5	2	3	14523	0	1000	1326	448	0	1	4	5	2	3	1452	1664	1880	2098	2682	6000	5000	1	1	1	1	1	1
1	11	0	5	1000	58020	58020.026	58	998.004	1	3	2	5	4	13254	0	1000	1014	488	0	1	3	2	5	4	1492	1742	1964	2168	2412	6000	5000	1	1	1	1	1	1
1	12	1	5	1000	63020	63021.981	63	997.972	3	2	4	5	1	32451	0	1000	1004	508	0	3	2	4	5	1	1512	1736	1950	2168	2394	6000	5000	1	1	1	1	1	1
1	13	1	5	1000	68020	68022.002	68	995.99	3	5	1	2	4	35124	0	1000	918	524	0	3	5	1	2	4	1528	1750	1962	2160	2348	6000	5000	1	1	1	1	1	1
1	14	0	5	1000	73020	73020.001	73	991.997	1	3	2	5	4	13254	0	1000	1134	474	0	1	3	2	5	4	1478	1720	2038	2268	2518	6000	5000	1	1	1	1	1	1
1	15	0	5	1000	78020	78021.996	78	994.005	3	5	1	2	4	35124	0	1000	1268	476	0	3	5	1	2	4	1480	1702	1928	2152	2658	6000	5000	1	1	1	1	1	1
1	16	0	5	1000	83020	83022.016	83	992.016	3	5	1	2	4	35124	0	1000	978	516	0	3	5	1	2	4	1520	1744	1976	2212	2398	6000	5000	1	1	1	1	1	1
1	17	1	5	1000	88020	88020.026	88	988.014	3	5	1	2	4	35124	0	16000	934	500	0	3	5	1	2	4	1504	1724	1932	2134	2342	6000	5000	1	1	1	1	1	1
1	18	1	5	1000	108020	108022.021	108	981.991	3	5	1	2	4	35124	0	1000	926	620	0	3	5	1	2	4	1624	1856	2076	2262	2452	6000	5000	1	1	1	1	1	1
1	19	1	5	1000	113020	113022.049	113	982.05	1	4	5	2	3	14523	0	1000	1224	500	0	1	4	5	2	3	1504	1720	1916	2134	2664	6000	5000	1	1	1	1	1	1
1	20	1	5	1000	118020	118020.021	118	977.999	3	5	1	2	4	35124	0	1000	866	524	0	3	5	1	2	4	1528	1738	1934	2108	2298	6000	5000	1	1	1	1	1	1
1	21	1	5	1000	123020	123020	123	976.002	3	5	1	2	4	35124	0	1000	822	470	0	3	5	1	2	4	1474	1680	1842	1998	2186	6000	5000	1	1	1	1	1	1
1	22	0	5	1000	128020	128020.022	128	973.999	3	5	1	2	4	35124	0	1000	854	550	0	3	5	1	2	4	1554	1784	1968	2128	2310	6000	5000	1	1	1	1	1	1
1	23	0	5	1000	133020	133020.005	133	972.003	1	3	2	5	4	13254	0	1000	1654	1066	0	1	3	2	5	4	2070	2670	3028	3334	3630	6000	5000	1	1	1	1	1	1
1	24	1	5	1000	138020	138020.01	138	970.023	3	5	1	2	4	35124	0	1000	970	596	0	3	5	1	2	4	1600	1826	2054	2284	2488	6000	5000	1	1	1	1	1	1
1	25	1	5	1000	143020	143020.037	143	968.028	3	2	4	5	1	32451	0	1000	1012	508	0	3	2	4	5	1	1512	1764	1924	2148	2382	6000	5000	1	1	1	1	1	1
1	26	1	5	1000	148020	148020.011	148	968.015	1	3	2	5	4	13254	0	1000	938	492	0	1	3	2	5	4	1496	1730	1946	2110	2348	6000	5000	1	1	1	1	1	1
1	27	0	5	1000	153020	153021.992	153	967.981	1	3	2	5	4	13254	0	1000	1072	516	0	1	3	2	5	4	1520	1770	2092	2282	2492	6000	5000	1	1	1	1	1	1
1	28	1	5	1000	158020	158020.01	158	963.989	1	4	5	2	3	14523	0	1000	842	682	0	1	4	5	2	3	1686	1898	2088	2290	2438	6000	5000	1	1	1	1	1	1
1	29	1	5	1000	163020	163020.013	163	962.001	1	3	2	5	4	13254	0	1000	818	374	0	1	3	2	5	4	1378	1582	1758	1872	2034	6000	5000	1	1	1	1	1	1
1	30	0	5	1000	168020	168021.998	168	961.98	1	4	5	2	3	14523	0	1000	890	496	0	1	4	5	2	3	1500	1698	1896	2086	2270	6000	5000	1	1	1	1	1	1
1	31	1	5	1000	173020	173022.017	173	959.992	3	2	4	5	1	32451	0	1000	946	568	0	3	2	4	5	1	1572	1788	1950	2152	2348	6000	5000	1	1	1	1	1	1
1	32	0	5	1000	178020	178020.008	178	955.997	3	5	1	2	4	35124	0	1000	1090	936	0	3	5	1	2	4	1940	2152	2354	2528	2944	6000	5000	1	1	1	1	1	1
1	33	1	5	1000	183020	183020.023	183	956.02	1	3	2	5	4	13254	0	1000	1030	542	0	1	3	2	5	4	1546	1762	1978	2134	2384	6000	5000	1	1	1	1	1	1
1	34	0	5	1000	188020	188021.987	188	956.001	3	5	1	2	4	35124	0	16000	1330	614	0	3	5	1	2	4	1618	1878	2326	2620	2826	6000	5000	1	1	1	1	1	1
1	35	0	5	1000	208020	208020.001	208	945.992	3	5	1	2	4	35124	0	1000	1702	628	1	3	5	1	4	4	1632	1868	2120	2482	3234	6000	5000	0	1	1	1	1	1
1	36	1	5	1000	213020	213020.011	213	944.013	1	4	5	2	3	14523	0	1000	1334	510	0	1	4	5	2	3	1514	1770	1998	2214	2780	6000	5000	1	1	1	1	1	1
1	37	1	5	1000	218020	218020.035	218	944.003	1	4	5	2	3	14523	0	1000	1356	474	0	1	4	5	2	3	1478	1698	2018	2264	2774	6000	5000	1	1	1	1	1	1
1	38	1	5	1000	223020	223022.003	223	943.992	3	2	4	5	1	32451	0	1000	934	478	0	3	2	4	5	1	1482	1706	1900	2104	2288	6000	5000	1	1	1	1	1	1
1	39	0	5	1000	228020	228020.01	228	939.981	3	2	4	5	1	32451	0	1000	910	548	0	3	2	4	5	1	1552	1770	1954	2132	2358	6000	5000	1	1	1	1	1	1
1	40	0	5	1000	233020	233020.022	233	938.022	3	2	4	5	1	32451	0	1000	1706	508	1	3	4	4	5	1	1512	1896	2562	2798	3082	6000	5000	0	1	1	1	1	1
1	41	0	5	1000	238020	238022	238	937.981	3	5	1	2	4	35124	0	1000	1488	504	0	3	5	1	2	4	1508	1778	2010	2268	2898	6000	5000	1	1	1	1	1	1
1	42	0	5	1000	243020	243020.047	243	934.034	3	2	4	5	1	32451	0	1000	1006	740	0	3	2	4	5	1	1744	1968	2188	2406	2618	6000	5000	1	1	1	1	1	1
1	43	1	5	1000	248020	248020	248	931.975	3	2	4	5	1	32451	0	1000	932	536	0	3	2	4	5	1	1540	1758	1964	2148	2334	6000	5000	1	1	1	1	1	1
1	44	1	5	1000	253020	253021.979	253	933.953	1	4	5	2	3	14523	0	1000	938	490	0	1	4	5	2	3	1494	1740	1974	2196	2348	6000	5000	1	1	1	1	1	1
1	45	0	5	1000	258020	258021.971	258	931.999	1	4	5	2	3	14523	0	1000	1114	572	0	1	4	5	2	3	1576	1812	2046	2322	2590	6000	5000	1	1	1	1	1	1
1	46	1	5	1000	263020	263021.971	263	929.989	3	5	1	2	4	35124	0	1000	1016	562	0	3	5	1	2	4	1566	1798	2030	2294	2518	6000	5000	1	1	1	1	1	1
1	47	0	5	1000	268020	268021.987	268	928.016	3	2	4	5	1	32451	0	1000	992	578	0	3	2	4	5	1	1582	1802	2032	2246	2480	6000	5000	1	1	1	1	1	1
1	48	0	5	1000	273020	273021.981	273	926.01	1	3	2	5	4	13254	0	1000	1452	542	0	1	3	2	5	4	1546	1816	2046	2632	2924	6000	5000	1	1	1	1	1	1
1	49	0	5	1000	278020	278021.99	278	924.005	3	2	4	5	1	32451	0	1000	964	516	0	3	2	4	5	1	1520	1732	1930	2130	2370	6000	5000	1	1	1	1	1	1
1	50	1	5	1000	283020	283021.988	283	922.014	1	3	2	5	4	13254	0	1000	1050	520	0	1	3	2	5	4	1524	1766	2034	2236	2472	6000	5000	1	1	1	1	1	1
1	51	0	5	1000	288020	288021.977	288	922.003	3	2	4	5	1	32451	0	16000	1000	594	0	3	2	4	5	1	1598	1842	2042	2242	2470	6000	5000	1	1	1	1	1	1
1	52	0	5	1000	308020	308021.978	308	914.004	3	2	4	5	1	32451	0	1000	1768	658	0	3	2	4	5	1	1662	2486	2814	3086	3292	6000	5000	1	1	1	1	1	1
1	53	1	5	1000	313020	313021.985	313	912.006	3	5	1	2	4	35124	0	1000	1022	560	0	3	5	1	2	4	1564	1814	2060	2284	2530	6000	5000	1	1	1	1	1	1
1	54	0	5	1000	318020	318021.986	318	910.012	1	4	5	2	3	14523	0	1000	1550	714	0	1	4	5	2	3	1718	1956	2178	2410	3166	6000	5000	1	1	1	1	1	1
1	55	0	5	1000	323020	323021.988	323	909.998	3	5	1	2	4	35124	0	1000	1020	528	0	3	5	1	2	4	1532	1750	1998	2242	2488	6000	5000	1	1	1	1	1	1
1	56	0	5	1000	328020	328021.971	328	907.984	1	4	5	2	3	14523	0	1000	940	476	0	1	4	5	2	3	1480	1706	1918	2154	2338	6000	5000	1	1	1	1	1	1
1	57	0	5	1000	333020	333021.986	333	906.004	1	3	2	5	4	13254	0	1000	1048	566	0	1	3	2	5	4	1570	1796	2012	2170	2562	6000	5000	1	1	1	1	1	1
1	58	0	5	1000	338020	338021.985	338	903.987	1	3	2	5	4	13254	0	1000	968	462	0	1	3	2	5	4	1466	1704	1942	2132	2348	6000	5000	1	1	1	1	1	1
1	59	1	5	1000	343020	343022.015	343	902.014	1	3	2	5	4	13254	0	1000	924	538	0	1	3	2	5	4	1542	1784	2012	2170	2380	6000	5000	1	1	1	1	1	1
1	60	1	5	1000	348020	348021.988	348	899.992	1	3	2	5	4	13254	0	1000	900	396	0	1	3	2	5	4	1400	1626	1836	2008	2212	6000	5000	1	1	1	1	1	1
1	61	1	5	1000	353020	353021.988	353	898.004	1	4	5	2	3	14523	0	1000	1118	474	0	1	4	5	2	3	1478	1698	1968	2268	2554	6000	5000	1	1	1	1	1	1
1	62	0	5	1000	358020	358022.012	358	898.014	3	2	4	5	1	32451	0	1000	922	572	0	3	2	4	5	1	1576	1794	2000	2184	2412	6000	5000	1	1	1	1	1	1
1	63	1	5	1000	363020	363021.986	363	895.988	1	4	5	2	3	14523	0	1000	878	432	0	1	4	5	2	3	1436	1628	1830	2022	2240	6000	5000	1	1	1	1	1	1
1	64	0	5	1000	368020	368021.988	368	894	3	5	1	2	4	35124	0	1000	982	618	0	3	5	1	2	4	1622	1856	2092	2310	2490	6000	5000	1	1	1	1	1	1
1	65	1	5	1000	373020	373021.989	373	891.998	3	2	4	5	1	32451	0	1000	1720	522	1	3	4	4	5	1	1526	1912	2516	2758	3120	6000	5000	0	1	1	1	1	1
1	66	1	5	1000	378020	378021.987	378	889.984	3	2	4	5	1	32451	0	1000	1020	518	0	3	2	4	5	1	1522	1744	1956	2154	2416	6000	5000	1	1	1	1	1	1
1	67	0	5	1000	383020	383021.992	383	887.999	1	4	5	2	3	14523	0	1000	1460	484	0	1	4	5	2	3	1488	1722	1966	2248	2874	6000	5000	1	1	1	1	1	1
1	68	0	5	1000	388020	388020.001	388	884.02	1	4	5	2	3	14523	0	16000	1376	516	0	1	4	5	2	3	1520	1774	1972	2214	2830	6000	5000	1	1	1	1	1	1
2	1	0	5	1000	8020	8020.021	9	16.011	1	3	2	5	4	13254	0	1000	1114	672	0	1	3	2	5	4	1676	1992	2266	2468	2740	6000	5000	1	1	1	1	1	1
2	2	1	5	1000	13020	13020.008	14	14.003	3	5	1	2	4	35124	0	1000	988	520	0	3	5	1	2	4	1524	1736	1972	2218	2460	6000	5000	1	1	1	1	1	1
2	3	1	5	1000	18020	18020.192	19	12.175	1	3	2	5	4	13254	0	1000	1446	526	0	1	3	2	5	4	1530	2196	2450	2668	2924	6000	5000	1	1	1	1	1	1
2	4	0	5	1000	23020	23020.002	24	9.999	3	5	1	2	4	35124	0	1000	978	674	0	3	5	1	2	4	1678	1894	2158	2398	2618	6000	5000	1	1	1	1	1	1
2	5	1	5	1000	28020	28020.013	29	8.005	3	2	4	5	1	32451	0	1000	962	596	0	3	2	4	5	1	1600	1832	2074	2244	2450	6000	5000	1	1	1	1	1	1
2	6	1	5	1000	33020	33020.03	34	6.005	1	3	2	5	4	13254	0	1000	926	520	0	1	3	2	5	4	1524	1770	1978	2148	2366	6000	5000	1	1	1	1	1	1
2	7	0	5	1000	38020	38020.023	39	5.996	3	2	4	5	1	32451	0	1000	978	654	0	3	2	4	5	1	1658	1872	2090	2282	2480	6000	5000	1	1	1	1	1	1
2	8	0	5	1000	43020	43020.025	44	4.013	3	5	1	2	4	35124	0	1000	950	538	0	3	5	1	2	4	1542	1722	1948	2200	2430	6000	5000	1	1	1	1	1	1
2	9	1	5	1000	48020	48020.012	49	1.941	1	3	2	5	4	13254	0	1000	1002	500	0	1	3	2	5	4	1504	1754	1990	2184	2428	6000	5000	1	1	1	1	1	1
2	10	1	5	1000	53020	53020.011	54	0	1	3	2	5	4	13254	0	1000	932	432	0	1	3	2	5	4	1436	1670	1880	2062	2290	6000	5000	1	1	1	1	1	1
2	11	0	5	1000	58020	58020.014	58	997.991	1	4	5	2	3	14523	0	1000	1010	514	0	1	4	5	2	3	1518	1736	1970	2216	2462	6000	5000	1	1	1	1	1	1
2	12	1	5	1000	63020	63020.027	63	996.03	1	4	5	2	3	14523	0	1000	1546	524	0	1	4	5	2	3	1528	1750	1998	2228	2972	6000	5000	1	1	1	1	1	1
2	13	0	5	1000	68020	68022	68	997.985	1	3	2	5	4	13254	0	1000	978	532	0	1	3	2	5	4	1536	1784	2016	2174	2394	6000	5000	1	1	1	1	1	1
2	14	0	5	1000	73020	73020.024	73	994.011	1	3	2	5	4	13254	0	1000	1364	444	0	1	3	2	5	4	1448	2042	2276	2482	2692	6000	5000	1	1	1	1	1	1
2	15	1	5	1000	78020	78020.012	78	991.99	3	2	4	5	1	32451	0	1000	984	592	0	3	2	4	5	1	1596	1800	2010	2198	2408	6000	5000	1	1	1	1	1	1
2	16	1	5	1000	83020	83020.025	83	989.999	3	2	4	5	1	32451	0	1000	1466	486	0	3	2	4	5	1	1490	2120	2382	2604	2812	6000	5000	1	1	1	1	1	1
2	17	0	5	1000	88020	88020.015	88	988.009	1	4	5	2	3	14523	0	16000	1000	600	0	1	4	5	2	3	1604	1834	2076	2302	2528	6000	5000	1	1	1	1	1	1
2	18	0	5	1000	108020	108020.003	108	981.989	1	4	5	2	3	14523	0	1000	1048	754	0	1	4	5	2	3	1758	1996	2268	2508	2714	6000	5000	1	1	1	1	1	1
2	19	0	5	1000	113020	113022.003	113	982.004	1	4	5	2	3	14523	0	1000	1002	534	0	1	4	5	2	3	1538	1774	2022	2234	2448	6000	5000	1	1	1	1	1	1
2	20	0	5	1000	118020	118020.023	118	978.011	3	2	4	5	1	32451	0	1000	2166	520	0	3	2	4	5	1	1524	1760	1990	2188	2424	6000	5000	1	1	1	1	1	1
2	21	0	5	1000	123020	123020.022	123	975.998	3	2	4	5	1	32451	0	1000	1016	656	0	3	2	4	5	1	1660	1894	2108	2322	2536	6000	5000	1	1	1	1	1	1
2	22	0	5	1000	128020	128021.988	128	975.945	1	3	2	5	4	13254	0	1000	1052	456	0	1	3	2	5	4	1460	1744	1980	2170	2342	6000	5000	1	1	1	1	1	1
2	23	0	5	1000	133020	133020.009	133	974.006	3	5	1	2	4	35124	0	1000	1180	620	0	3	5	1	2	4	1624	1852	2256	2532	2742	6000	5000	1	1	1	1	1	1
2	24	0	5	1000	138020	138020.005	138	971.968	3	5	1	2	4	35124	0	1000	962	578	0	3	5	1	2	4	1582	1806	2030	2228	2424	6000	5000	1	1	1	1	1	1
2	25	1	5	1000	143020	143020.041	143	970	1	4	5	2	3	14523	0	1000	1010	502	0	1	4	5	2	3	1506	1714	1926	2094	2258	6000	5000	1	1	1	1	1	1
2	26	0	5	1000	148020	148020.025	148	968.005	3	5	1	2	4	35124	0	1000	1212	530	0	3	5	1	2	4	1534	1712	2154	2418	2608	6000	5000	1	1	1	1	1	1
2	27	0	5	1000	153020	153020.032	153	966.009	1	3	2	5	4	13254	0	1000	996	374	0	1	3	2	5	4	1378	1610	1848	2000	2170	6000	5000	1	1	1	1	1	1
2	28	1	5	1000	158020	158020.027	158	963.998	1	3	2	5	4	13254	0	1000	1000	446	0	1	3	2	5	4	1450	1646	1894	2074	2248	6000	5000	1	1	1	1	1	1
2	29	1	5	1000	163020	163020.003	163	963.983	3	2	4	5	1	32451	0	1000	1688	516	0	3	2	4	5	1	1520	1708	1894	2074	2268	6000	5000	1	1	1	1	1	1
2	30	1	5	1000	168020	168020.025	168	962.017	1	4	5	2	3	14523	0	1000	942	324	0	1	4	5	2	3	1328	1500	1696	1868	2032	6000	5000	1	1	1	1	1	1
2	31	1	5	1000	173020	173020.034	173	960.023	1	4	5	2	3	14523	0	1000	1084	442	0	1	4	5	2	3	1446	1666	1888	2084	2266	6000	5000	1	1	1	1	1	1
2	32	1	5	1000	178020	178020.025	178	957.931	3	5	1	2	4	35124	0	1000	818	460	0	3	5	1	2	4	1464	1632	1824	1966	2166	6000	5000	1	1	1	1	1	1
2	33	0	5	1000	183020	183020.028	183	955.921	3	5	1	2	4	35124	0	1000	1354	510	0	3	5	1	2	4	1514	1714	1904	2060	2714	6000	5000	1	1	1	1	1	1
2	34	0	5	1000	188020	188020.025	188	953.999	3	2	4	5	1	32451	0	16000	1156	532	0	3	2	4	5	1	1536	1754	1954	2142	2318	6000	5000	1	1	1	1	1	1
2	35	0	5	1000	208020	208020.03	208	948.029	3	2	4	5	1	32451	0	1000	1772	848	0	3	2	4	5	1	1852	2670	2958	3218	3456	6000	5000	1	1	1	1	1	1
2	36	1	5	1000	213020	213020.001	213	945.974	1	4	5	2	3	14523	0	1000	918	632	0	1	4	5	2	3	1636	1856	2076	2268	2460	6000	5000	1	1	1	1	1	1
2	37	1	5	1000	218020	218020.035	218	944.03	3	2	4	5	1	32451	0	1000	1944	502	0	3	2	4	5	1	1506	1726	1970	2174	2390	6000	5000	1	1	1	1	1	1
2	38	0	5	1000	223020	223022.025	223	944.015	1	3	2	5	4	13254	0	1000	1054	538	0	1	3	2	5	4	1542	1780	2012	2152	2388	6000	5000	1	1	1	1	1	1
2	39	0	5	1000	228020	228020.003	228	941.956	3	2	4	5	1	32451	0	1000	1590	590	0	3	2	4	5	1	1594	2174	2438	2696	2938	6000	5000	1	1	1	1	1	1
2	40	1	5	1000	233020	233020.001	233	939.987	3	5	1	2	4	35124	0	1000	842	594	0	3	5	1	2	4	1598	1780	1932	2100	2286	6000	5000	1	1	1	1	1	1
2	41	0	5	1000	238020	238020.014	238	937.988	3	2	4	5	1	32451	0	1000	1040	604	0	3	2	4	5	1	1608	1856	2090	2264	2448	6000	5000	1	1	1	1	1	1
2	42	0	5	1000	243020	243021.991	243	937.987	1	4	5	2	3	14523	0	1000	858	640	0	1	4	5	2	3	1644	1846	2044	2216	2378	6000	5000	1	1	1	1	1	1
2	43	1	5	1000	248020	248020.003	248	934.016	1	3	2	5	4	13254	0	1000	996	474	0	1	3	2	5	4	1478	1664	1880	2088	2272	6000	5000	1	1	1	1	1	1
2	44	1	5	1000	253020	253021.971	253	933.983	1	4	5	2	3	14523	0	1000	936	498	0	1	4	5	2	3	1502	1716	1932	2102	2278	6000	5000	1	1	1	1	1	1
2	45	0	5	1000	258020	258020.001	258	930.009	3	2	4	5	1	32451	0	1000	2036	874	0	3	2	4	5	1	1878	2102	2316	2508	2688	6000	5000	1	1	1	1	1	1
2	46	1	5	1000	263020	263021.99	263	931.992	3	2	4	5	1	32451	0	1000	0	544	0	3	2	4	5	1	1548	1720	1898	2068	2244	6000	5000	0	1	1	1	1	1
2	47	0	5	1000	268020	268022.004	268	930.013	3	2	4	5	1	32451	0	1000	1752	564	0	3	2	4	5	1	1568	1728	1906	2088	2264	6000	5000	1	1	1	1	1	1
2	48	1	5	1000	273020	273022.025	273	928.016	1	3	2	5	4	13254	0	1000	944	412	0	1	3	2	5	4	1416	1610	1794	1954	2226	6000	5000	1	1	1	1	1	1
2	49	0	5	1000	278020	278022.003	278	926.011	1	3	2	5	4	13254	0	1000	1426	474	1	1	3	5	4	4	1478	1730	1870	2056	2794	6000	5000	0	1	1	1	1	1
2	50	1	5	1000	283020	283021.993	283	923.993	1	4	5	2	3	14523	0	1000	846	580	0	1	4	5	2	3	1584	1814	1988	2146	2320	6000	5000	1	1	1	1	1	1
2	51	1	5	1000	288020	288021.991	288	921.984	1	3	2	5	4	13254	0	16000	976	388	0	1	3	2	5	4	1392	1604	1814	1974	2152	6000	5000	1	1	1	1	1	1
2	52	1	5	1000	308020	308022.032	308	916.021	1	3	2	5	4	13254	0	1000	1654	542	1	1	3	5	5	4	1546	1780	2194	2836	3078	6000	5000	0	1	1	1	1	1
2	53	1	5	1000	313020	313021.991	313	915.996	3	5	1	2	4	35124	0	1000	936	476	0	3	5	1	2	4	1480	1732	1910	2078	2342	6000	5000	1	1	1	1	1	1
2	54	0	5	1000	318020	318020.014	318	910.025	1	4	5	2	3	14523	0	1000	1618	536	0	1	4	5	2	3	1540	1764	2066	2358	3070	6000	5000	1	1	1	1	1	1
2	55	0	5	1000	323020	323020.001	323	907.998	3	5	1	2	4	35124	0	1000	1176	536	0	3	5	1	2	4	1540	1786	2008	2244	2634	6000	5000	1	1	1	1	1	1
2	56	0	5	1000	328020	328022.003	328	909.989	1	4	5	2	3	14523	0	1000	940	522	0	1	4	5	2	3	1526	1770	1998	2236	2380	6000	5000	1	1	1	1	1	1
2	57	1	5	1000	333020	333021.99	333	907.999	3	2	4	5	1	32451	0	1000	1082	514	0	3	2	4	5	1	1518	1732	1934	2122	2314	6000	5000	1	1	1	1	1	1
2	58	0	5	1000	338020	338021.992	338	905.981	3	5	1	2	4	35124	0	1000	918	608	0	3	5	1	2	4	1612	1832	2046	2218	2390	6000	5000	1	1	1	1	1	1
2	59	1	5	1000	343020	343021.992	343	904	3	5	1	2	4	35124	0	1000	1200	542	0	3	5	1	2	4	1546	1724	1882	2026	2640	6000	5000	1	1	1	1	1	1
2	60	1	5	1000	348020	348021.997	348	902.004	3	2	4	5	1	32451	0	1000	1552	560	0	3	2	4	5	1	1564	2206	2492	2728	2948	6000	5000	1	1	1	1	1	1
2	61	1	5	1000	353020	353021.992	353	900.007	3	5	1	2	4	35124	0	1000	846	492	0	3	5	1	2	4	1496	1694	1872	2058	2242	6000	5000	1	1	1	1	1	1
2	62	1	5	1000	358020	358020.046	358	898.046	3	5	1	2	4	35124	0	1000	836	438	0	3	5	1	2	4	1442	1634	1808	1964	2164	6000	5000	1	1	1	1	1	1
2	63	1	5	1000	363020	363021.988	363	897.998	1	4	5	2	3	14523	0	1000	802	412	0	1	4	5	2	3	1416	1584	1770	1942	2112	6000	5000	1	1	1	1	1	1
2	64	0	5	1000	368020	368021.994	368	895.994	1	4	5	2	3	14523	0	1000	868	530	0	1	4	5	2	3	1534	1756	1956	2136	2296	6000	5000	1	1	1	1	1	1
2	65	0	5	1000	373020	373020.001	373	892.01	1	3	2	5	4	13254	0	1000	974	480	0	1	3	2	5	4	1484	1722	1952	2126	2290	6000	5000	1	1	1	1	1	1
2	66	0	5	1000	378020	378021.992	378	891.989	1	4	5	2	3	14523	0	1000	1050	580	0	1	4	5	2	3	1584	1838	2094	2344	2580	6000	5000	1	1	1	1	1	1
2	67	1	5	1000	383020	383020.005	383	888.017	3	5	1	2	4	35124	0	1000	1262	478	0	3	5	1	2	4	1482	1682	1864	2020	2652	6000	5000	1	1	1	1	1	1
2	68	0	5	1000	388020	388021.993	388	890.003	1	3	2	5	4	13254	0	16000	1026	6	0	1	3	2	5	4	1010	1298	1560	1734	1956	6000	5000	1	1	1	1	1	1
3	1	0	5	1000	8020	8020.009	9	13.985	3	5	1	2	4	35124	0	1000	1110	1618	0	3	5	1	2	4	2622	2932	3208	3464	3666	6000	5000	1	1	1	1	1	1
3	2	1	5	1000	13020	13020.021	14	14.034	1	4	5	2	3	14523	0	1000	1358	540	0	1	4	5	2	3	1544	1794	2016	2268	2836	6000	5000	1	1	1	1	1	1
3	3	0	5	1000	18020	18020.022	19	12.043	3	2	4	5	1	32451	0	1000	940	540	0	3	2	4	5	1	1544	1742	1966	2140	2346	6000	5000	1	1	1	1	1	1
3	4	1	5	1000	23020	23020	24	10	3	2	4	5	1	32451	0	1000	932	474	0	3	2	4	5	1	1478	1680	1910	2054	2264	6000	5000	1	1	1	1	1	1
3	5	1	5	1000	28020	28020.01	29	8.025	3	2	4	5	1	32451	0	1000	892	400	0	3	2	4	5	1	1404	1614	1812	1996	2174	6000	5000	1	1	1	1	1	1
3	6	0	5	1000	33020	33020.023	34	5.999	1	3	2	5	4	13254	0	1000	930	654	0	1	3	2	5	4	1658	1914	2140	2304	2526	6000	5000	1	1	1	1	1	1
3	7	0	5	1000	38020	38021.986	39	5.964	3	5	1	2	4	35124	0	1000	1394	530	0	3	5	1	2	4	1534	1754	2008	2256	2832	6000	5000	1	1	1	1	1	1
3	8	1	5	1000	43020	43021.992	44	3.998	3	2	4	5	1	32451	0	1000	962	618	0	3	2	4	5	1	1622	1832	2034	2224	2432	6000	5000	1	1	1	1	1	1
3	9	1	5	1000	48020	48020.01	49	1.998	1	4	5	2	3	14523	0	1000	990	448	0	1	4	5	2	3	1452	1668	1836	2066	2334	6000	5000	1	1	1	1	1	1
3	10	0	5	1000	53020	53020.017	54	0	3	5	1	2	4	35124	0	1000	1460	554	1	3	5	1	4	4	1558	1736	1950	2336	2924	6000	5000	0	1	1	1	1	1
3	11	0	5	1000	58020	58022.001	59	0	1	4	5	2	3	14523	0	1000	1338	512	0	1	4	5	2	3	1516	1750	1920	2140	2780	6000	5000	1	1	1	1	1	1
3	12	0	5	1000	63020	63020.015	63	996.004	3	2	4	5	1	32451	0	1000	968	614	0	3	2	4	5	1	1618	1838	2056	2280	2484	6000	5000	1	1	1	1	1	1
3	13	0	5	1000	68020	68020.011	68	994.011	3	2	4	5	1	32451	0	1000	1044	894	0	3	2	4	5	1	1898	2124	2350	2564	2832	6000	5000	1	1	1	1	1	1
3	14	1	5	1000	73020	73020.022	73	994.009	1	4	5	2	3	14523	0	1000	876	602	0	1	4	5	2	3	1606	1824	2004	2212	2410	6000	5000	1	1	1	1	1	1
3	15	1	5	1000	78020	78020	78	991.977	1	4	5	2	3	14523	0	1000	872	488	0	1	4	5	2	3	1492	1702	1880	2090	2270	6000	5000	1	1	1	1	1	1
3	16	0	5	1000	83020	83020.008	83	989.999	1	4	5	2	3	14523	0	1000	1200	416	0	1	4	5	2	3	1420	1650	2000	2298	2548	6000	5000	1	1	1	1	1	1
3	17	1	5	1000	88020	88020.024	88	988.024	3	5	1	2	4	35124	0	16000	812	424	0	3	5	1	2	4	1428	1614	1784	1942	2160	6000	5000	1	1	1	1	1	1
3	18	1	5	1000	108020	108022.012	108	984.004	3	5	1	2	4	35124	0	1000	914	530	0	3	5	1	2	4	1534	1732	1946	2096	2416	6000	5000	1	1	1	1	1	1
3	19	1	5	1000	113020	113022.002	113	981.999	3	5	1	2	4	35124	0	1000	924	564	0	3	5	1	2	4	1568	1754	1998	2218	2454	6000	5000	1	1	1	1	1	1
3	20	1	5	1000	118020	118020.002	118	978.002	1	4	5	2	3	14523	0	1000	1698	742	0	1	4	5	2	3	1746	1968	2278	2858	3406	6000	5000	1	1	1	1	1	1
3	21	1	5	1000	123020	123020.01	123	975.968	3	2	4	5	1	32451	0	1000	892	558	0	3	2	4	5	1	1562	1770	1950	2134	2332	6000	5000	1	1	1	1	1	1
3	22	1	5	1000	128020	128022	128	975.989	1	3	2	5	4	13254	0	1000	1010	448	0	1	3	2	5	4	1452	1678	1920	2102	2366	6000	5000	1	1	1	1	1	1
3	23	0	5	1000	133020	133020.012	133	973.998	1	3	2	5	4	13254	0	1000	1098	816	0	1	3	2	5	4	1820	2148	2410	2584	2804	6000	5000	1	1	1	1	1	1
3	24	1	5	1000	138020	138020.009	138	972.012	3	5	1	2	4	35124	0	1000	1366	528	0	3	5	1	2	4	1532	1710	1934	2238	2802	6000	5000	1	1	1	1	1	1
3	25	0	5	1000	143020	143020.022	143	970.036	1	3	2	5	4	13254	0	1000	980	482	0	1	3	2	5	4	1486	1774	2008	2164	2402	6000	5000	1	1	1	1	1	1
3	26	0	5	1000	148020	148020.01	148	967.985	1	3	2	5	4	13254	0	1000	950	498	0	1	3	2	5	4	1502	1756	1998	2152	2386	6000	5000	1	1	1	1	1	1
3	27	1	5	1000	153020	153020.012	153	965.989	3	2	4	5	1	32451	0	1000	1658	622	0	3	2	4	5	1	1626	2386	2648	2906	3164	6000	5000	1	1	1	1	1	1
3	28	0	5	1000	158020	158022.055	158	966.044	1	4	5	2	3	14523	0	1000	998	426	0	1	4	5	2	3	1430	1658	1894	2132	2366	6000	5000	1	1	1	1	1	1
3	29	1	5	1000	163020	163020.022	163	962.022	3	2	4	5	1	32451	0	1000	1016	528	0	3	2	4	5	1	1532	1750	1964	2156	2374	6000	5000	1	1	1	1	1	1
3	30	0	5	1000	168020	168020.014	168	960.002	3	5	1	2	4	35124	0	1000	912	496	0	3	5	1	2	4	1500	1708	1928	2142	2336	6000	5000	1	1	1	1	1	1
3	31	1	5	1000	173020	173020.009	173	959.963	3	5	1	2	4	35124	0	1000	916	456	0	3	5	1	2	4	1460	1666	1892	2108	2322	6000	5000	1	1	1	1	1	1
3	32	0	5	1000	178020	178020.025	178	958.004	3	2	4	5	1	32451	0	1000	0	652	1	3	5	4	5	0	1656	1890	2892	3346	0	6000	5000	0	1	1	1	1	1
3	33	0	5	1000	183020	183021.999	183	957.976	1	4	5	2	3	14523	0	1000	1176	416	0	1	4	5	2	3	1420	1672	1898	2262	2536	6000	5000	1	1	1	1	1	1
3	34	0	5	1000	188020	188020.012	188	953.983	1	3	2	5	4	13254	0	16000	1430	462	0	1	3	2	5	4	1466	2088	2344	2574	2798	6000	5000	1	1	1	1	1	1
3	35	0	5	1000	208020	208020.093	208	948.081	1	3	2	5	4	13254	0	1000	1640	496	0	1	3	2	5	4	1500	2304	2584	2830	3082	6000	5000	1	1	1	1	1	1
3	36	1	5	1000	213020	213020.012	213	946	1	4	5	2	3	14523	0	1000	1054	494	0	1	4	5	2	3	1498	1762	1992	2220	2512	6000	5000	1	1	1	1	1	1
3	37	1	5	1000	218020	218022.022	218	945.999	3	5	1	2	4	35124	0	1000	976	422	0	3	5	1	2	4	1426	1632	1894	2114	2318	6000	5000	1	1	1	1	1	1
3	38	0	5	1000	223020	223020.012	223	941.99	1	4	5	2	3	14523	0	1000	1510	410	0	1	4	5	2	3	1414	1660	1904	2174	2904	6000	5000	1	1	1	1	1	1
3	39	0	5	1000	228020	228020.005	228	940.004	1	4	5	2	3	14523	0	1000	1020	470	0	1	4	5	2	3	1474	1730	1964	2184	2438	6000	5000	1	1	1	1	1	1
3	40	1	5	1000	233020	233021.985	233	939.991	1	3	2	5	4	13254	0	1000	948	534	0	1	3	2	5	4	1538	1782	2006	2188	2428	6000	5000	1	1	1	1	1	1
3	41	0	5	1000	238020	238021.985	238	939.983	3	5	1	2	4	35124	0	1000	902	488	0	3	5	1	2	4	1492	1694	1916	2118	2336	6000	5000	1	1	1	1	1	1
3	42	0	5	1000	243020	243020.002	243	936.016	3	2	4	5	1	32451	0	1000	1026	550	0	3	2	4	5	1	1554	1796	2018	2232	2486	6000	5000	1	1	1	1	1	1
3	43	1	5	1000	248020	248022.01	248	936.007	1	3	2	5	4	13254	0	1000	974	506	0	1	3	2	5	4	1510	1742	2002	2188	2410	6000	5000	1	1	1	1	1	1
3	44	1	5	1000	253020	253022.023	253	934.018	3	2	4	5	1	32451	0	1000	990	458	0	3	2	4	5	1	1462	1704	1884	2098	2350	6000	5000	1	1	1	1	1	1
3	45	1	5	1000	258020	258021.995	258	932.001	3	5	1	2	4	35124	0	1000	926	586	0	3	5	1	2	4	1590	1836	2040	2222	2410	6000	5000	1	1	1	1	1	1
3	46	1	5	1000	263020	263021.989	263	930	3	2	4	5	1	32451	0	1000	934	480	0	3	2	4	5	1	1484	1692	1882	2040	2244	6000	5000	1	1	1	1	1	1
3	47	0	5	1000	268020	268020.002	268	928.012	3	2	4	5	1	32451	0	1000	1560	480	0	3	2	4	5	1	1484	1696	1890	2092	2814	6000	5000	1	1	1	1	1	1
3	48	0	5	1000	273020	273020.022	273	926.032	1	3	2	5	4	13254	0	1000	1386	394	0	1	3	2	5	4	1398	2038	2272	2476	2688	6000	5000	1	1	1	1	1	1
3	49	1	5	1000	278020	278022	278	926.011	1	3	2	5	4	13254	0	1000	964	436	0	1	3	2	5	4	1440	1658	1890	2076	2290	6000	5000	1	1	1	1	1	1
3	50	1	5	1000	283020	283021.987	283	924	3	5	1	2	4	35124	0	1000	894	472	0	3	5	1	2	4	1476	1682	1886	2052	2266	6000	5000	1	1	1	1	1	1
3	51	0	5	1000	288020	288020.028	288	920.033	3	5	1	2	4	35124	0	16000	876	420	0	3	5	1	2	4	1424	1628	1838	2020	2234	6000	5000	1	1	1	1	1	1
3	52	0	5	1000	308020	308021.988	308	915.995	3	5	1	2	4	35124	0	1000	964	550	0	3	5	1	2	4	1554	1780	2008	2208	2412	6000	5000	1	1	1	1	1	1
3	53	0	5	1000	313020	313022	313	914.008	1	3	2	5	4	13254	0	1000	990	362	0	1	3	2	5	4	1366	1614	1850	2050	2262	6000	5000	1	1	1	1	1	1
3	54	0	5	1000	318020	318021.99	318	911.987	3	2	4	5	1	32451	0	1000	1066	628	0	3	2	4	5	1	1632	1902	2126	2308	2554	6000	5000	1	1	1	1	1	1
3	55	1	5	1000	323020	323022.008	323	910.021	3	5	1	2	4	35124	0	1000	774	490	0	3	5	1	2	4	1494	1686	1832	1986	2176	6000	5000	1	1	1	1	1	1
3	56	1	5	1000	328020	328021.973	328	907.985	1	3	2	5	4	13254	0	1000	874	354	0	1	3	2	5	4	1358	1594	1812	1966	2152	6000	5000	1	1	1	1	1	1
3	57	0	5	1000	333020	333021.99	333	907.997	1	4	5	2	3	14523	0	1000	918	408	0	1	4	5	2	3	1412	1644	1864	2066	2258	6000	5000	1	1	1	1	1	1
3	58	0	5	1000	338020	338021.995	338	906.005	3	5	1	2	4	35124	0	1000	1932	410	0	3	5	1	2	4	1414	1584	1892	2672	3258	6000	5000	1	1	1	1	1	1
3	59	0	5	1000	343020	343021.986	343	903.998	3	5	1	2	4	35124	0	1000	902	428	0	3	5	1	2	4	1432	1624	1846	2046	2260	6000	5000	1	1	1	1	1	1
3	60	1	5	1000	348020	348021.985	348	901.993	1	3	2	5	4	13254	0	1000	1156	326	0	1	3	2	5	4	1330	1866	2074	2246	2406	6000	5000	1	1	1	1	1	1
3	61	1	5	1000	353020	353021.982	353	901.998	1	3	2	5	4	13254	0	1000	1072	326	0	1	3	2	5	4	1330	1590	1810	1972	2320	6000	5000	1	1	1	1	1	1
3	62	1	5	1000	358020	358021.992	358	898.004	1	4	5	2	3	14523	0	1000	980	318	0	1	4	5	2	3	1322	1584	1810	2018	2212	6000	5000	1	1	1	1	1	1
3	63	0	5	1000	363020	363021.987	363	895.988	1	3	2	5	4	13254	0	1000	1128	306	0	1	3	2	5	4	1310	1542	1810	2134	2374	6000	5000	1	1	1	1	1	1
3	64	0	5	1000	368020	368021.99	368	895.975	1	4	5	2	3	14523	0	1000	818	300	0	1	4	5	2	3	1304	1500	1672	1852	2056	6000	5000	1	1	1	1	1	1
3	65	1	5	1000	373020	373020.029	373	892.037	1	4	5	2	3	14523	0	1000	1274	312	0	1	4	5	2	3	1316	1494	1722	1934	2530	6000	5000	1	1	1	1	1	1
3	66	1	5	1000	378020	378022.012	378	892.024	1	3	2	5	4	13254	0	1000	1160	312	0	1	3	2	5	4	1316	1808	2014	2190	2390	6000	5000	1	1	1	1	1	1
3	67	0	5	1000	383020	383021.991	383	889.999	3	2	4	5	1	32451	0	1000	1710	388	1	3	2	5	5	1	1392	1588	1826	2446	2990	6000	5000	0	1	1	1	1	1
3	68	0	5	1000	388020	388021.998	388	888.002	3	5	1	2	4	35124	0	16000	878	374	0	3	5	1	2	4	1378	1570	1776	1986	2178	6000	5000	1	1	1	1	1	1
4	1	1	5	1000	8020	8021.981	9	15.99	3	5	1	2	4	35124	0	1000	998	620	0	3	5	1	2	4	1624	1854	2086	2310	2528	6000	5000	1	1	1	1	1	1
4	2	0	5	1000	13020	13021.981	14	13.979	1	4	5	2	3	14523	0	1000	894	538	0	1	4	5	2	3	1542	1790	1966	2164	2376	6000	5000	1	1	1	1	1	1
4	3	0	5	1000	18020	18021.991	19	13.971	3	5	1	2	4	35124	0	1000	982	500	0	3	5	1	2	4	1504	1686	1906	2170	2372	6000	5000	1	1	1	1	1	1
4	4	0	5	1000	23020	23021.988	24	11.997	3	2	4	5	1	32451	0	1000	1332	514	0	3	2	4	5	1	1518	1730	1938	2130	2720	6000	5000	1	1	1	1	1	1
4	5	0	5	1000	28020	28020.038	29	8.046	3	5	1	2	4	35124	0	1000	904	462	0	3	5	1	2	4	1466	1650	1854	2052	2256	6000	5000	1	1	1	1	1	1
4	6	0	5	1000	33020	33020.018	34	6.039	3	5	1	2	4	35124	0	1000	968	500	0	3	5	1	2	4	1504	1676	1952	2172	2384	6000	5000	1	1	1	1	1	1
4	7	0	5	1000	38020	38021.968	39	5.999	1	4	5	2	3	14523	0	1000	1002	432	0	1	4	5	2	3	1436	1704	1908	2106	2316	6000	5000	1	1	1	1	1	1
4	8	0	5	1000	43020	43020.047	44	2.054	1	4	5	2	3	14523	0	1000	894	456	0	1	4	5	2	3	1460	1616	1844	2050	2258	6000	5000	1	1	1	1	1	1
4	9	0	5	1000	48020	48022.009	49	2.031	1	3	2	5	4	13254	0	1000	1218	656	0	1	3	2	5	4	1660	1994	2302	2568	2802	6000	5000	1	1	1	1	1	1
4	10	0	5	1000	53020	53020.005	54	0	1	3	2	5	4	13254	0	1000	1030	518	0	1	3	2	5	4	1522	1764	2030	2244	2460	6000	5000	1	1	1	1	1	1
4	11	0	5	1000	58020	58021.981	59	0	3	2	4	5	1	32451	0	1000	1010	580	0	3	2	4	5	1	1584	1786	2018	2244	2478	6000	5000	1	1	1	1	1	1
4	12	0	5	1000	63020	63022.004	63	997.993	3	2	4	5	1	32451	0	1000	1026	460	0	3	2	4	5	1	1464	1654	1832	2010	2212	6000	5000	1	1	1	1	1	1
4	13	0	5	1000	68020	68020.003	68	994.01	1	4	5	2	3	14523	0	1000	924	382	0	1	4	5	2	3	1386	1594	1814	2014	2218	6000	5000	1	1	1	1	1	1
4	14	1	5	1000	73020	73020.004	73	992.012	1	4	5	2	3	14523	0	1000	826	352	0	1	4	5	2	3	1356	1530	1714	1888	2046	6000	5000	1	1	1	1	1	1
4	15	1	5	1000	78020	78020.076	78	992.097	3	5	1	2	4	35124	0	1000	794	432	0	3	5	1	2	4	1436	1578	1766	1922	2098	6000	5000	1	1	1	1	1	1
4	16	0	5	1000	83020	83020.007	83	990.014	3	5	1	2	4	35124	0	1000	768	570	0	3	5	1	2	4	1574	1742	1920	2078	2250	6000	5000	1	1	1	1	1	1
4	17	1	5	1000	88020	88020.002	88	987.996	3	5	1	2	4	35124	0	16000	740	530	0	3	5	1	2	4	1534	1692	1868	2008	2170	6000	5000	1	1	1	1	1	1
4	18	1	5	1000	108020	108020.001	108	979.996	3	5	1	2	4	35124	0	1000	912	412	0	3	5	1	2	4	1416	1634	1860	2088	2222	6000	5000	1	1	1	1	1	1
4	19	0	5	1000	113020	113021.99	113	981.963	1	3	2	5	4	13254	0	1000	908	428	0	1	3	2	5	4	1432	1626	1812	1936	2098	6000	5000	1	1	1	1	1	1
4	20	1	5	1000	118020	118021.967	118	979.986	3	5	1	2	4	35124	0	1000	808	386	0	3	5	1	2	4	1390	1548	1730	1862	2018	6000	5000	1	1	1	1	1	1
4	21	1	5	1000	123020	123021.992	123	977.975	1	4	5	2	3	14523	0	1000	982	376	0	1	4	5	2	3	1380	1548	1728	1894	2044	6000	5000	1	1	1	1	1	1
4	22	1	5	1000	128020	128021.992	128	976	1	4	5	2	3	14523	0	1000	852	412	0	1	4	5	2	3	1416	1594	1778	1956	2128	6000	5000	1	1	1	1	1	1
4	23	0	5	1000	133020	133022.005	133	973.938	3	2	4	5	1	32451	0	1000	1502	572	0	3	2	4	5	1	1576	1792	1936	2114	2290	6000	5000	1	1	1	1	1	1
4	24	1	5	1000	138020	138022.013	138	974.021	3	2	4	5	1	32451	0	1000	1344	524	0	3	2	4	5	1	1528	1720	1884	2096	2298	6000	5000	1	1	1	1	1	1
4	25	0	5	1000	143020	143021.979	143	971.976	3	5	1	2	4	35124	0	1000	836	524	0	3	5	1	2	4	1528	1700	1888	2062	2236	6000	5000	1	1	1	1	1	1
4	26	0	5	1000	148020	148020.005	148	968.026	1	3	2	5	4	13254	0	1000	862	546	0	1	3	2	5	4	1550	1762	2000	2116	2304	6000	5000	1	1	1	1	1	1
4	27	0	5	1000	153020	153020.013	153	966.004	3	5	1	2	4	35124	0	1000	1566	534	0	3	5	1	2	4	1538	1734	2476	2756	2996	6000	5000	1	1	1	1	1	1
4	28	1	5	1000	158020	158020.001	158	963.998	1	3	2	5	4	13254	0	1000	872	480	0	1	3	2	5	4	1484	1702	1924	2070	2290	6000	5000	1	1	1	1	1	1
4	29	0	5	1000	163020	163021.98	163	963.902	3	5	1	2	4	35124	0	1000	742	450	0	3	5	1	2	4	1454	1606	1798	1970	2120	6000	5000	1	1	1	1	1	1
4	30	1	5	1000	168020	168021.967	168	961.977	3	2	4	5	1	32451	0	1000	744	462	0	3	2	4	5	1	1466	1606	1754	1896	2064	6000	5000	1	1	1	1	1	1
4	31	0	5	1000	173020	173021.99	173	959.999	1	4	5	2	3	14523	0	1000	764	588	0	1	4	5	2	3	1592	1752	1928	2104	2252	6000	5000	1	1	1	1	1	1
4	32	1	5	1000	178020	178022.001	178	959.987	3	5	1	2	4	35124	0	1000	688	422	0	3	5	1	2	4	1426	1570	1742	1880	2048	6000	5000	1	1	1	1	1	1
4	33	1	5	1000	183020	183022.113	183	958.132	3	2	4	5	1	32451	0	1000	840	484	0	3	2	4	5	1	1488	1610	1774	1936	2104	6000	5000	1	1	1	1	1	1
4	34	0	5	1000	188020	188021.989	188	955.999	1	3	2	5	4	13254	0	16000	854	442	0	1	3	2	5	4	1446	1620	1794	1974	2140	6000	5000	1	1	1	1	1	1
4	35	0	5	1000	208020	208021.991	208	949.998	1	3	2	5	4	13254	0	1000	1070	894	0	1	3	2	5	4	1898	2160	2420	2636	2864	6000	5000	1	1	1	1	1	1
4	36	0	5	1000	213020	213021.99	213	948.023	1	4	5	2	3	14523	0	1000	830	406	0	1	4	5	2	3	1410	1592	1798	1970	2132	6000	5000	1	1	1	1	1	1
4	37	1	5	1000	218020	218021.988	218	945.973	3	2	4	5	1	32451	0	1000	880	544	0	3	2	4	5	1	1548	1750	1906	2094	2274	6000	5000	1	1	1	1	1	1
4	38	1	5	1000	223020	223021.993	223	944.027	1	3	2	5	4	13254	0	1000	882	482	0	1	3	2	5	4	1486	1686	1888	2038	2206	6000	5000	1	1	1	1	1	1
4	39	0	5	1000	228020	228021.976	228	941.996	1	4	5	2	3	14523	0	1000	776	426	0	1	4	5	2	3	1430	1614	1780	1950	2088	6000	5000	1	1	1	1	1	1
4	40	1	5	1000	233020	233021.982	233	940.005	1	3	2	5	4	13254	0	1000	1592	308	1	1	3	5	5	4	1312	1508	1830	2580	2810	6000	5000	0	1	1	1	1	1
4	41	1	5	1000	238020	238021.967	238	937.998	3	5	1	2	4	35124	0	1000	780	448	0	3	5	1	2	4	1452	1626	1784	1964	2134	6000	5000	1	1	1	1	1	1
4	42	1	5	1000	243020	243022.007	243	938.038	1	3	2	5	4	13254	0	1000	940	386	0	1	3	2	5	4	1390	1620	1852	2018	2248	6000	5000	1	1	1	1	1	1
4	43	1	5	1000	248020	248021.98	248	936.008	1	3	2	5	4	13254	0	1000	932	388	0	1	3	2	5	4	1392	1630	1868	2022	2260	6000	5000	1	1	1	1	1	1
4	44	1	5	1000	253020	253021.968	253	933.999	1	4	5	2	3	14523	0	1000	846	468	0	1	4	5	2	3	1472	1702	1866	2034	2188	6000	5000	1	1	1	1	1	1
4	45	1	5	1000	258020	258021.967	258	931.996	3	2	4	5	1	32451	0	1000	1730	360	1	3	4	4	5	1	1364	1670	2408	2640	2992	6000	5000	0	1	1	1	1	1
4	46	1	5	1000	263020	263021.97	263	930.002	3	2	4	5	1	32451	0	1000	1362	430	0	3	2	4	5	1	1434	2056	2318	2516	2710	6000	5000	1	1	1	1	1	1
4	47	0	5	1000	268020	268021.979	268	928.009	3	2	4	5	1	32451	0	1000	1976	526	1	3	2	5	5	1	1530	1754	2140	3100	3384	6000	5000	0	1	1	1	1	1
4	48	1	5	1000	273020	273021.969	273	928.008	1	4	5	2	3	14523	0	1000	1898	556	0	1	4	5	2	3	1560	2180	2472	2734	3410	6000	5000	1	1	1	1	1	1
4	49	0	5	1000	278020	278021.968	278	925.998	3	5	1	2	4	35124	0	1000	1586	554	0	3	5	1	2	4	1558	1804	2132	2444	3088	6000	5000	1	1	1	1	1	1
4	50	1	5	1000	283020	283021.971	283	923.991	1	4	5	2	3	14523	0	1000	1058	544	0	1	4	5	2	3	1548	1800	2048	2300	2540	6000	5000	1	1	1	1	1	1
4	51	1	5	1000	288020	288021.982	288	922.011	1	3	2	5	4	13254	0	16000	1686	490	0	1	3	2	5	4	1494	1744	2404	2766	3116	6000	5000	1	1	1	1	1	1
4	52	1	5	1000	308020	308021.967	308	916.002	1	3	2	5	4	13254	0	1000	1094	486	0	1	3	2	5	4	1490	1714	1994	2236	2496	6000	5000	1	1	1	1	1	1
4	53	1	5	1000	313020	313021.979	313	914.007	3	2	4	5	1	32451	0	1000	1120	602	0	3	2	4	5	1	1606	1890	2166	2404	2642	6000	5000	1	1	1	1	1	1
4	54	1	5	1000	318020	318020.005	318	910.027	3	5	1	2	4	35124	0	1000	952	496	0	3	5	1	2	4	1500	1692	1910	2122	2360	6000	5000	1	1	1	1	1	1
4	55	1	5	1000	323020	323021.97	323	909.987	3	5	1	2	4	35124	0	1000	898	458	0	3	5	1	2	4	1462	1666	1846	2060	2276	6000	5000	1	1	1	1	1	1
4	56	0	5	1000	328020	328021.97	328	907.988	3	2	4	5	1	32451	0	1000	950	596	0	3	2	4	5	1	1600	1808	2018	2212	2416	6000	5000	1	1	1	1	1	1
4	57	1	5	1000	333020	333021.982	333	906.002	1	3	2	5	4	13254	0	1000	940	468	0	1	3	2	5	4	1472	1686	1922	2108	2318	6000	5000	1	1	1	1	1	1
4	58	0	5	1000	338020	338021.979	338	906.005	1	3	2	5	4	13254	0	1000	950	442	0	1	3	2	5	4	1446	1678	1898	2082	2286	6000	5000	1	1	1	1	1	1
4	59	1	5	1000	343020	343021.973	343	903.993	3	2	4	5	1	32451	0	1000	964	490	0	3	2	4	5	1	1494	1692	1896	2068	2250	6000	5000	1	1	1	1	1	1
4	60	1	5	1000	348020	348021.98	348	901.992	1	4	5	2	3	14523	0	1000	912	464	0	1	4	5	2	3	1468	1676	1860	2046	2242	6000	5000	1	1	1	1	1	1
4	61	0	5	1000	353020	353021.973	353	900.021	1	4	5	2	3	14523	0	1000	992	436	0	1	4	5	2	3	1440	1652	1920	2130	2324	6000	5000	1	1	1	1	1	1
4	62	0	5	1000	358020	358021.981	358	898.011	3	2	4	5	1	32451	0	1000	1030	636	0	3	2	4	5	1	1640	1848	2092	2284	2512	6000	5000	1	1	1	1	1	1
4	63	0	5	1000	363020	363021.988	363	896.007	1	3	2	5	4	13254	0	1000	884	426	0	1	3	2	5	4	1430	1656	1854	2014	2206	6000	5000	1	1	1	1	1	1
4	64	1	5	1000	368020	368021.978	368	894.003	1	4	5	2	3	14523	0	1000	874	322	0	1	4	5	2	3	1326	1504	1688	1856	2004	6000	5000	1	1	1	1	1	1
4	65	0	5	1000	373020	373021.967	373	893.997	1	3	2	5	4	13254	0	1000	844	410	0	1	3	2	5	4	1414	1600	1800	1946	2128	6000	5000	1	1	1	1	1	1
4	66	1	5	1000	378020	378021.979	378	892.004	1	3	2	5	4	13254	0	1000	912	446	0	1	3	2	5	4	1450	1658	1866	2032	2230	6000	5000	1	1	1	1	1	1
4	67	0	5	1000	383020	383021.972	383	889.992	3	2	4	5	1	32451	0	1000	888	470	0	3	2	4	5	1	1474	1674	1858	2048	2252	6000	5000	1	1	1	1	1	1
4	68	1	5	1000	388020	388021.97	388	887.99	3	5	1	2	4	35124	0	16000	794	410	0	3	5	1	2	4	1414	1618	1788	1928	2112	6000	5000	1	1	1	1	1	1
5	1	1	5	1000	8020	8020.018	9	15.985	3	2	4	5	1	32451	0	1000	1010	616	0	3	2	4	5	1	1620	1828	2060	2258	2474	6000	5000	1	1	1	1	1	1
5	2	1	5	1000	13020	13021.995	14	15.999	3	2	4	5	1	32451	0	1000	948	514	0	3	2	4	5	1	1518	1718	1924	2118	2338	6000	5000	1	1	1	1	1	1
5	3	1	5	1000	18020	18020.021	19	11.966	1	3	2	5	4	13254	0	1000	932	498	0	1	3	2	5	4	1502	1708	1912	2098	2324	6000	5000	1	1	1	1	1	1
5	4	0	5	1000	23020	23020.016	24	11.924	3	5	1	2	4	35124	0	1000	894	522	0	3	5	1	2	4	1526	1704	1914	2100	2300	6000	5000	1	1	1	1	1	1
5	5	1	5	1000	28020	28020.007	29	9.998	1	3	2	5	4	13254	0	1000	822	438	0	1	3	2	5	4	1442	1628	1804	1964	2160	6000	5000	1	1	1	1	1	1
5	6	1	5	1000	33020	33020.018	34	8.012	1	3	2	5	4	13254	0	1000	812	436	0	1	3	2	5	4	1440	1624	1800	1950	2138	6000	5000	1	1	1	1	1	1
5	7	0	5	1000	38020	38020.016	39	6.01	1	3	2	5	4	13254	0	1000	800	396	0	1	3	2	5	4	1400	1572	1748	1890	2056	6000	5000	1	1	1	1	1	1
5	8	1	5	1000	43020	43022.007	44	6.008	1	4	5	2	3	14523	0	1000	820	486	0	1	4	5	2	3	1490	1652	1824	2004	2188	6000	5000	1	1	1	1	1	1
5	9	1	5	1000	48020	48020.007	49	2	3	5	1	2	4	35124	0	1000	788	470	0	3	5	1	2	4	1474	1634	1798	1964	2142	6000	5000	1	1	1	1	1	1
5	10	0	5	1000	53020	53021.998	54	2.005	3	2	4	5	1	32451	0	1000	882	526	0	3	2	4	5	1	1530	1708	1878	2064	2276	6000	5000	1	1	1	1	1	1
5	11	1	5	1000	58020	58022.093	59	2.12	1	4	5	2	3	14523	0	1000	830	548	0	1	4	5	2	3	1552	1738	1892	2082	2274	6000	5000	1	1	1	1	1	1
5	12	0	5	1000	63020	63021.995	64	0	3	5	1	2	4	35124	0	1000	824	520	0	3	5	1	2	4	1524	1694	1892	2058	2238	6000	5000	1	1	1	1	1	1
5	13	1	5	1000	68020	68020.005	68	995.986	3	2	4	5	1	32451	0	1000	838	400	0	3	2	4	5	1	1404	1596	1760	1926	2118	6000	5000	1	1	1	1	1	1
5	14	1	5	1000	73020	73021.987	73	995.978	3	5	1	2	4	35124	0	1000	852	480	0	3	5	1	2	4	1484	1658	1872	2056	2248	6000	5000	1	1	1	1	1	1
5	15	0	5	1000	78020	78020.019	78	992.007	1	4	5	2	3	14523	0	1000	818	450	0	1	4	5	2	3	1454	1628	1798	1992	2176	6000	5000	1	1	1	1	1	1
5	16	0	5	1000	83020	83020.007	83	990.033	1	3	2	5	4	13254	0	1000	848	640	0	1	3	2	5	4	1644	1844	2026	2180	2388	6000	5000	1	1	1	1	1	1
5	17	0	5	1000	88020	88021.996	88	991.953	3	5	1	2	4	35124	0	16000	792	482	0	3	5	1	2	4	1486	1646	1842	1990	2168	6000	5000	1	1	1	1	1	1
5	18	0	5	1000	108020	108021.995	108	983.988	3	5	1	2	4	35124	0	1000	1070	634	0	3	5	1	2	4	1638	1862	2172	2418	2620	6000	5000	1	1	1	1	1	1
5	19	0	5	1000	113020	113020.005	113	979.973	1	4	5	2	3	14523	0	1000	866	436	0	1	4	5	2	3	1440	1640	1838	2024	2216	6000	5000	1	1	1	1	1	1
5	20	0	5	1000	118020	118021.984	118	981.964	1	4	5	2	3	14523	0	1000	820	522	0	1	4	5	2	3	1526	1708	1890	2072	2244	6000	5000	1	1	1	1	1	1
5	21	0	5	1000	123020	123020.018	123	978.012	3	5	1	2	4	35124	0	1000	816	404	0	3	5	1	2	4	1408	1586	1778	1924	2106	6000	5000	1	1	1	1	1	1
5	22	0	5	1000	128020	128020.007	128	975.99	3	5	1	2	4	35124	0	1000	808	410	0	3	5	1	2	4	1414	1602	1780	1920	2080	6000	5000	1	1	1	1	1	1
5	23	1	5	1000	133020	133020.018	133	974.014	3	5	1	2	4	35124	0	1000	854	494	0	3	5	1	2	4	1498	1680	1888	2060	2258	6000	5000	1	1	1	1	1	1
5	24	0	5	1000	138020	138020.009	138	971.99	3	5	1	2	4	35124	0	1000	838	548	0	3	5	1	2	4	1552	1732	1930	2084	2290	6000	5000	1	1	1	1	1	1
5	25	0	5	1000	143020	143020.021	143	970.014	1	3	2	5	4	13254	0	1000	878	522	0	1	3	2	5	4	1526	1732	1926	2094	2306	6000	5000	1	1	1	1	1	1
5	26	0	5	1000	148020	148020.007	148	968.022	1	4	5	2	3	14523	0	1000	880	476	0	1	4	5	2	3	1480	1680	1884	2076	2264	6000	5000	1	1	1	1	1	1
5	27	1	5	1000	153020	153020.021	153	968.051	3	5	1	2	4	35124	0	1000	778	504	0	3	5	1	2	4	1508	1674	1856	2002	2196	6000	5000	1	1	1	1	1	1
5	28	1	5	1000	158020	158021.998	158	967.977	1	4	5	2	3	14523	0	1000	814	414	0	1	4	5	2	3	1418	1594	1770	1950	2118	6000	5000	1	1	1	1	1	1
5	29	0	5	1000	163020	163021.984	163	965.972	3	2	4	5	1	32451	0	1000	928	776	0	3	2	4	5	1	1780	1986	2178	2370	2592	6000	5000	1	1	1	1	1	1
5	30	0	5	1000	168020	168021.985	168	963.962	1	3	2	5	4	13254	0	1000	878	390	0	1	3	2	5	4	1394	1596	1796	1970	2184	6000	5000	1	1	1	1	1	1
5	31	1	5	1000	173020	173021.995	173	961.986	3	2	4	5	1	32451	0	1000	866	504	0	3	2	4	5	1	1508	1694	1872	2060	2256	6000	5000	1	1	1	1	1	1
5	32	0	5	1000	178020	178020.024	178	957.938	1	4	5	2	3	14523	0	1000	892	574	0	1	4	5	2	3	1578	1782	1968	2188	2398	6000	5000	1	1	1	1	1	1
5	33	0	5	1000	183020	183020.021	183	957.963	3	2	4	5	1	32451	0	1000	946	486	0	3	2	4	5	1	1490	1696	1910	2130	2344	6000	5000	1	1	1	1	1	1
5	34	1	5	1000	188020	188020.008	188	956.005	3	5	1	2	4	35124	0	16000	770	478	0	3	5	1	2	4	1482	1678	1834	2012	2180	6000	5000	1	1	1	1	1	1
5	35	1	5	1000	208020	208021.995	208	951.975	3	5	1	2	4	35124	0	1000	748	440	0	3	5	1	2	4	1444	1602	1778	1922	2100	6000	5000	1	1	1	1	1	1
5	36	1	5	1000	213020	213021.995	213	947.977	3	5	1	2	4	35124	0	1000	822	370	0	3	5	1	2	4	1374	1562	1760	1922	2102	6000	5000	1	1	1	1	1	1
5	37	1	5	1000	218020	218021.995	218	947.949	1	3	2	5	4	13254	0	1000	870	414	0	1	3	2	5	4	1418	1616	1816	1996	2212	6000	5000	1	1	1	1	1	1
5	38	0	5	1000	223020	223020.008	223	943.989	1	4	5	2	3	14523	0	1000	808	556	0	1	4	5	2	3	1560	1738	1928	2102	2292	6000	5000	1	1	1	1	1	1
5	39	1	5	1000	228020	228021.981	228	943.995	1	4	5	2	3	14523	0	1000	834	476	0	1	4	5	2	3	1480	1666	1844	2048	2236	6000	5000	1	1	1	1	1	1
5	40	1	5	1000	233020	233021.994	233	942.007	1	4	5	2	3	14523	0	1000	810	324	0	1	4	5	2	3	1328	1514	1714	1886	2052	6000	5000	1	1	1	1	1	1
5	41	1	5	1000	238020	238021.994	238	940.01	3	2	4	5	1	32451	0	1000	820	392	0	3	2	4	5	1	1396	1550	1714	1904	2116	6000	5000	1	1	1	1	1	1
5	42	0	5	1000	243020	243020.026	243	936.008	3	5	1	2	4	35124	0	1000	824	484	0	3	5	1	2	4	1488	1668	1866	2030	2228	6000	5000	1	1	1	1	1	1
5	43	1	5	1000	248020	248021.987	248	937.955	1	4	5	2	3	14523	0	1000	868	500	0	1	4	5	2	3	1504	1708	1902	2114	2312	6000	5000	1	1	1	1	1	1
5	44	0	5	1000	253020	253021.996	253	936.005	1	4	5	2	3	14523	0	1000	860	458	0	1	4	5	2	3	1462	1654	1842	2054	2248	6000	5000	1	1	1	1	1	1
5	45	1	5	1000	258020	258020.008	258	932.013	1	3	2	5	4	13254	0	1000	878	394	0	1	3	2	5	4	1398	1606	1800	1986	2190	6000	5000	1	1	1	1	1	1
5	46	0	5	1000	263020	263021.982	263	931.999	3	2	4	5	1	32451	0	1000	894	470	0	3	2	4	5	1	1474	1676	1876	2066	2278	6000	5000	1	1	1	1	1	1
5	47	1	5	1000	268020	268021.984	268	930.001	1	3	2	5	4	13254	0	1000	858	444	0	1	3	2	5	4	1448	1648	1844	2012	2222	6000	5000	1	1	1	1	1	1
5	48	1	5	1000	273020	273021.996	273	928.01	1	4	5	2	3	14523	0	1000	826	434	0	1	4	5	2	3	1438	1628	1818	2012	2192	6000	5000	1	1	1	1	1	1
5	49	0	5	1000	278020	278022.002	278	926.018	1	3	2	5	4	13254	0	1000	854	424	0	1	3	2	5	4	1428	1630	1828	1998	2200	6000	5000	1	1	1	1	1	1
5	50	0	5	1000	283020	283021.999	283	926.032	3	2	4	5	1	32451	0	1000	966	458	0	3	2	4	5	1	1462	1684	1910	2124	2346	6000	5000	1	1	1	1	1	1
5	51	0	5	1000	288020	288021.986	288	923.99	1	4	5	2	3	14523	0	16000	818	442	0	1	4	5	2	3	1446	1646	1822	2016	2184	6000	5000	1	1	1	1	1	1
5	52	0	5	1000	308020	308021.984	308	915.998	1	4	5	2	3	14523	0	1000	858	602	0	1	4	5	2	3	1606	1808	2004	2202	2384	6000	5000	1	1	1	1	1	1
5	53	1	5	1000	313020	313022.004	313	915.994	3	2	4	5	1	32451	0	1000	886	578	0	3	2	4	5	1	1582	1788	1974	2182	2388	6000	5000	1	1	1	1	1	1
5	54	0	5	1000	318020	318021.994	318	913.983	3	2	4	5	1	32451	0	1000	904	674	0	3	2	4	5	1	1678	1872	2060	2258	2464	6000	5000	1	1	1	1	1	1
5	55	0	5	1000	323020	323022.015	323	912.019	3	2	4	5	1	32451	0	1000	890	418	0	3	2	4	5	1	1422	1614	1800	1986	2184	6000	5000	1	1	1	1	1	1
5	56	0	5	1000	328020	328021.983	328	910	3	5	1	2	4	35124	0	1000	818	480	0	3	5	1	2	4	1484	1668	1844	2008	2216	6000	5000	1	1	1	1	1	1
5	57	0	5	1000	333020	333021.984	333	907.972	3	2	4	5	1	32451	0	1000	916	488	0	3	2	4	5	1	1492	1692	1890	2078	2272	6000	5000	1	1	1	1	1	1
5	58	1	5	1000	338020	338022	338	906.002	3	2	4	5	1	32451	0	1000	868	440	0	3	2	4	5	1	1444	1630	1812	2002	2194	6000	5000	1	1	1	1	1	1
5	59	1	5	1000	343020	343021.995	343	906.01	1	4	5	2	3	14523	0	1000	792	428	0	1	4	5	2	3	1432	1588	1786	1972	2140	6000	5000	1	1	1	1	1	1
5	60	1	5	1000	348020	348022.001	348	904.015	1	3	2	5	4	13254	0	1000	860	408	0	1	3	2	5	4	1412	1604	1798	1972	2174	6000	5000	1	1	1	1	1	1
5	61	1	5	1000	353020	353022.004	353	901.992	3	5	1	2	4	35124	0	1000	784	428	0	3	5	1	2	4	1432	1612	1800	1950	2134	6000	5000	1	1	1	1	1	1
5	62	0	5	1000	358020	358022.001	358	899.988	1	3	2	5	4	13254	0	1000	862	486	0	1	3	2	5	4	1490	1690	1880	2044	2258	6000	5000	1	1	1	1	1	1
5	63	0	5	1000	363020	363020.017	363	896.021	1	3	2	5	4	13254	0	1000	842	444	0	1	3	2	5	4	1448	1638	1826	1984	2196	6000	5000	1	1	1	1	1	1
5	64	1	5	1000	368020	368020.002	368	894.032	1	3	2	5	4	13254	0	1000	1582	360	1	1	3	5	5	4	1364	1588	1936	2610	2864	6000	5000	0	1	1	1	1	1
5	65	1	5	1000	373020	373021.994	373	893.985	3	2	4	5	1	32451	0	1000	1860	216	1	1	2	4	5	1	1220	2006	2504	2740	2990	6000	5000	0	1	1	1	1	1
5	66	0	5	1000	378020	378021.987	378	893.973	1	3	2	5	4	13254	0	1000	892	448	0	1	3	2	5	4	1452	1668	1876	2062	2266	6000	5000	1	1	1	1	1	1
5	67	1	5	1000	383020	383021.984	383	892.002	3	5	1	2	4	35124	0	1000	894	468	0	3	5	1	2	4	1472	1670	1886	2052	2262	6000	5000	1	1	1	1	1	1
5	68	1	5	1000	388020	388021.997	388	889.954	3	2	4	5	1	32451	0	16000	924	512	0	3	2	4	5	1	1516	1720	1912	2108	2326	6000	5000	1	1	1	1	1	1
6	1	1	5	1000	8020	8020.029	9	14.028	1	4	5	2	3	14523	0	1000	1300	500	0	1	4	5	2	3	1504	1904	2190	2480	2724	6000	5000	1	1	1	1	1	1
6	2	1	5	1000	13020	13020.013	14	13.991	3	2	4	5	1	32451	0	1000	1468	458	0	3	2	4	5	1	1462	2070	2364	2602	2822	6000	5000	1	1	1	1	1	1
6	3	0	5	1000	18020	18020.024	19	12.004	1	4	5	2	3	14523	0	1000	932	434	0	1	4	5	2	3	1438	1652	1884	2096	2300	6000	5000	1	1	1	1	1	1
6	4	1	5	1000	23020	23020.011	24	9.999	3	2	4	5	1	32451	0	1000	908	456	0	3	2	4	5	1	1460	1654	1862	2066	2274	6000	5000	1	1	1	1	1	1
6	5	1	5	1000	28020	28020.025	29	8.012	1	3	2	5	4	13254	0	1000	898	442	0	1	3	2	5	4	1446	1658	1860	2050	2256	6000	5000	1	1	1	1	1	1
6	6	1	5	1000	33020	33020.001	34	6.001	3	2	4	5	1	32451	0	1000	972	446	0	3	2	4	5	1	1450	1656	1870	2094	2318	6000	5000	1	1	1	1	1	1
6	7	0	5	1000	38020	38020.041	39	4.035	3	2	4	5	1	32451	0	1000	1156	512	0	3	2	4	5	1	1516	1744	1956	2170	2578	6000	5000	1	1	1	1	1	1
6	8	0	5	1000	43020	43020.029	44	4.013	3	2	4	5	1	32451	0	1000	936	476	0	3	2	4	5	1	1480	1670	1892	2104	2310	6000	5000	1	1	1	1	1	1
6	9	1	5	1000	48020	48020.01	49	1.995	3	5	1	2	4	35124	0	1000	796	434	0	3	5	1	2	4	1438	1622	1824	1976	2198	6000	5000	1	1	1	1	1	1
6	10	0	5	1000	53020	53020.025	54	0	3	2	4	5	1	32451	0	1000	926	412	0	3	2	4	5	1	1416	1610	1814	2022	2244	6000	5000	1	1	1	1	1	1
6	11	1	5	1000	58020	58020.012	58	997.988	1	3	2	5	4	13254	0	1000	842	430	0	1	3	2	5	4	1434	1626	1824	2008	2204	6000	5000	1	1	1	1	1	1
6	12	0	5	1000	63020	63020.025	63	995.961	1	3	2	5	4	13254	0	1000	910	436	0	1	3	2	5	4	1440	1642	1852	2042	2268	6000	5000	1	1	1	1	1	1
6	13	0	5	1000	68020	68020.117	68	994.116	1	3	2	5	4	13254	0	1000	866	492	0	1	3	2	5	4	1496	1706	1892	2076	2284	6000	5000	1	1	1	1	1	1
6	14	1	5	1000	73020	73020.027	73	994.001	3	5	1	2	4	35124	0	1000	906	408	0	3	5	1	2	4	1412	1602	1844	2074	2254	6000	5000	1	1	1	1	1	1
6	15	0	5	1000	78020	78020.016	78	992.01	3	5	1	2	4	35124	0	1000	880	596	0	3	5	1	2	4	1600	1792	2014	2226	2438	6000	5000	1	1	1	1	1	1
6	16	0	5	1000	83020	83020.024	83	990.041	1	4	5	2	3	14523	0	1000	884	470	0	1	4	5	2	3	1474	1694	1894	2110	2314	6000	5000	1	1	1	1	1	1
6	17	1	5	1000	88020	88020.012	88	988.002	3	5	1	2	4	35124	0	16000	794	436	0	3	5	1	2	4	1440	1634	1830	1996	2208	6000	5000	1	1	1	1	1	1
6	18	1	5	1000	108020	108020.024	108	981.999	3	5	1	2	4	35124	0	1000	1472	596	0	3	5	1	2	4	1600	1858	2498	2784	3034	6000	5000	1	1	1	1	1	1
6	19	1	5	1000	113020	113020.062	113	979.93	1	3	2	5	4	13254	0	1000	1416	514	0	1	3	2	5	4	1518	2130	2418	2644	2896	6000	5000	1	1	1	1	1	1
6	20	1	5	1000	118020	118020.015	118	978.017	1	3	2	5	4	13254	0	1000	944	480	0	1	3	2	5	4	1484	1708	1942	2132	2348	6000	5000	1	1	1	1	1	1
6	21	0	5	1000	123020	123020.005	123	975.951	1	4	5	2	3	14523	0	1000	854	468	0	1	4	5	2	3	1472	1670	1868	2076	2272	6000	5000	1	1	1	1	1	1
6	22	0	5	1000	128020	128020.001	128	973.986	3	5	1	2	4	35124	0	1000	868	628	0	3	5	1	2	4	1632	1840	2044	2242	2460	6000	5000	1	1	1	1	1	1
6	23	1	5	1000	133020	133020.002	133	971.982	3	2	4	5	1	32451	0	1000	882	418	0	3	2	4	5	1	1422	1632	1846	2012	2212	6000	5000	1	1	1	1	1	1
6	24	0	5	1000	138020	138020.007	138	971.983	1	3	2	5	4	13254	0	1000	904	380	0	1	3	2	5	4	1384	1606	1818	2004	2212	6000	5000	1	1	1	1	1	1
6	25	0	5	1000	143020	143020.015	143	970.012	3	5	1	2	4	35124	0	1000	1428	414	0	3	5	1	2	4	1418	1604	1814	2012	2780	6000	5000	1	1	1	1	1	1
6	26	1	5	1000	148020	148020.027	148	968.013	1	3	2	5	4	13254	0	1000	1694	444	1	1	3	5	5	4	1448	1656	2078	2764	3070	6000	5000	0	1	1	1	1	1
6	27	0	5	1000	153020	153020.029	153	966.015	3	2	4	5	1	32451	0	1000	1022	520	0	3	2	4	5	1	1524	1768	1992	2204	2444	6000	5000	1	1	1	1	1	1
6	28	1	5	1000	158020	158020.013	158	964.024	1	4	5	2	3	14523	0	1000	898	540	0	1	4	5	2	3	1544	1744	1960	2176	2386	6000	5000	1	1	1	1	1	1
6	29	1	5	1000	163020	163020.012	163	961.983	1	3	2	5	4	13254	0	1000	1412	476	0	1	3	2	5	4	1480	2084	2342	2580	2808	6000	5000	1	1	1	1	1	1
6	30	1	5	1000	168020	168020.024	168	960.007	1	4	5	2	3	14523	0	1000	956	510	0	1	4	5	2	3	1514	1728	1946	2188	2378	6000	5000	1	1	1	1	1	1
6	31	1	5	1000	173020	173020.027	173	960.003	1	4	5	2	3	14523	0	1000	942	380	0	1	4	5	2	3	1384	1602	1834	2074	2270	6000	5000	1	1	1	1	1	1
6	32	0	5	1000	178020	178020.015	178	957.988	1	4	5	2	3	14523	0	1000	952	462	0	1	4	5	2	3	1466	1706	1914	2130	2342	6000	5000	1	1	1	1	1	1
6	33	1	5	1000	183020	183020.021	183	956.017	1	4	5	2	3	14523	0	1000	1988	472	0	1	4	5	2	3	1476	2120	2426	2738	3380	6000	5000	1	1	1	1	1	1
6	34	1	5	1000	188020	188020.024	188	954.005	3	5	1	2	4	35124	0	16000	1066	436	0	3	5	1	2	4	1440	1686	1944	2206	2442	6000	5000	1	1	1	1	1	1
6	35	1	5	1000	208020	208020	208	947.977	3	5	1	2	4	35124	0	1000	1010	600	0	3	5	1	2	4	1604	1848	2096	2344	2566	6000	5000	1	1	1	1	1	1
6	36	1	5	1000	213020	213020.005	213	945.936	1	4	5	2	3	14523	0	1000	1486	446	0	1	4	5	2	3	1450	1692	2312	2616	2876	6000	5000	1	1	1	1	1	1
6	37	0	5	1000	218020	218020.026	218	944.053	3	2	4	5	1	32451	0	1000	1500	550	0	3	2	4	5	1	1554	1796	2440	2698	2960	6000	5000	1	1	1	1	1	1
6	38	1	5	1000	223020	223020.012	223	941.984	3	2	4	5	1	32451	0	1000	1032	592	0	3	2	4	5	1	1596	1832	2078	2314	2538	6000	5000	1	1	1	1	1	1
6	39	1	5	1000	228020	228022.001	228	942.008	3	2	4	5	1	32451	0	1000	1962	478	0	3	2	4	5	1	1482	2054	2676	3010	3332	6000	5000	1	1	1	1	1	1
6	40	0	5	1000	233020	233021.992	233	940.004	3	5	1	2	4	35124	0	1000	1090	632	0	3	5	1	2	4	1636	1886	2148	2392	2648	6000	5000	1	1	1	1	1	1
6	41	1	5	1000	238020	238020.007	238	938.028	1	4	5	2	3	14523	0	1000	1544	328	0	1	4	5	2	3	1332	1884	2166	2476	2792	6000	5000	1	1	1	1	1	1
6	42	0	5	1000	243020	243020.004	243	936.023	3	5	1	2	4	35124	0	1000	934	502	0	3	5	1	2	4	1506	1720	1952	2174	2374	6000	5000	1	1	1	1	1	1
6	43	1	5	1000	248020	248021.992	248	936.019	3	5	1	2	4	35124	0	1000	892	408	0	3	5	1	2	4	1412	1610	1848	2044	2224	6000	5000	1	1	1	1	1	1
6	44	0	5	1000	253020	253022.012	253	934.025	1	3	2	5	4	13254	0	1000	1116	486	0	1	3	2	5	4	1490	1720	1956	2178	2524	6000	5000	1	1	1	1	1	1
6	45	0	5	1000	258020	258021.987	258	932.003	1	4	5	2	3	14523	0	1000	1256	492	0	1	4	5	2	3	1496	1730	1956	2196	2672	6000	5000	1	1	1	1	1	1
6	46	0	5	1000	263020	263021.975	263	929.996	1	4	5	2	3	14523	0	1000	1034	450	0	1	4	5	2	3	1454	1684	1930	2182	2440	6000	5000	1	1	1	1	1	1
6	47	1	5	1000	268020	268021.981	268	928.008	1	3	2	5	4	13254	0	1000	1192	440	0	1	3	2	5	4	1444	1680	1970	2284	2566	6000	5000	1	1	1	1	1	1
6	48	0	5	1000	273020	273021.976	273	928.001	3	5	1	2	4	35124	0	1000	1580	482	0	3	5	1	2	4	1486	1738	2024	2654	2986	6000	5000	1	1	1	1	1	1
6	49	0	5	1000	278020	278021.981	278	926.01	3	5	1	2	4	35124	0	1000	1006	622	0	3	5	1	2	4	1626	1874	2120	2330	2554	6000	5000	1	1	1	1	1	1
6	50	0	5	1000	283020	283020.008	283	922.033	3	2	4	5	1	32451	0	1000	1426	760	0	3	2	4	5	1	1764	2260	2592	2862	3106	6000	5000	1	1	1	1	1	1
6	51	0	5	1000	288020	288021.976	288	921.992	3	5	1	2	4	35124	0	16000	1156	572	0	3	5	1	2	4	1576	1842	2136	2414	2656	6000	5000	1	1	1	1	1	1
6	52	0	5	1000	308020	308021.986	308	916.013	3	5	1	2	4	35124	0	1000	1582	606	0	3	5	1	2	4	1610	1890	2188	2822	3142	6000	5000	1	1	1	1	1	1
6	53	0	5	1000	313020	313021.972	313	913.996	1	3	2	5	4	13254	0	1000	1094	556	0	1	3	2	5	4	1560	1840	2122	2350	2622	6000	5000	1	1	1	1	1	1
6	54	1	5	1000	318020	318021.978	318	911.991	3	2	4	5	1	32451	0	1000	1068	434	0	3	2	4	5	1	1438	1704	1964	2178	2422	6000	5000	1	1	1	1	1	1
6	55	1	5	1000	323020	323021.975	323	909.986	3	5	1	2	4	35124	0	1000	1016	410	0	3	5	1	2	4	1414	1638	1902	2134	2350	6000	5000	1	1	1	1	1	1
6	56	1	5	1000	328020	328021.99	328	908	3	5	1	2	4	35124	0	1000	924	466	0	3	5	1	2	4	1470	1686	1914	2136	2330	6000	5000	1	1	1	1	1	1
6	57	0	5	1000	333020	333021.971	333	905.983	1	4	5	2	3	14523	0	1000	960	496	0	1	4	5	2	3	1500	1726	1946	2198	2398	6000	5000	1	1	1	1	1	1
6	58	0	5	1000	338020	338021.992	338	906.006	3	2	4	5	1	32451	0	1000	1548	788	0	3	2	4	5	1	1792	2060	2330	2954	3236	6000	5000	1	1	1	1	1	1
6	59	0	5	1000	343020	343021.978	343	903.984	1	4	5	2	3	14523	0	1000	1238	482	0	1	4	5	2	3	1486	1736	1950	2342	2674	6000	5000	1	1	1	1	1	1
6	60	0	5	1000	348020	348021.973	348	901.998	1	3	2	5	4	13254	0	1000	994	448	0	1	3	2	5	4	1452	1670	1922	2152	2402	6000	5000	1	1	1	1	1	1
6	61	1	5	1000	353020	353021.984	353	900.009	1	4	5	2	3	14523	0	1000	1950	710	0	1	4	5	2	3	1714	2306	2636	2926	3562	6000	5000	1	1	1	1	1	1
6	62	0	5	1000	358020	358021.978	358	898.001	1	3	2	5	4	13254	0	1000	1036	544	0	1	3	2	5	4	1548	1792	2058	2274	2496	6000	5000	1	1	1	1	1	1
6	63	0	5	1000	363020	363021.992	363	896.021	3	2	4	5	1	32451	0	1000	1622	466	0	3	2	4	5	1	1470	1720	2394	2680	2958	6000	5000	1	1	1	1	1	1
6	64	0	5	1000	368020	368021.983	368	896	1	3	2	5	4	13254	0	1000	1550	434	1	1	3	2	4	4	1438	1700	2002	2270	2900	6000	5000	0	1	1	1	1	1
6	65	1	5	1000	373020	373021.984	373	893.973	1	3	2	5	4	13254	0	1000	1040	398	0	1	3	2	5	4	1402	1644	1890	2114	2356	6000	5000	1	1	1	1	1	1
6	66	1	5	1000	378020	378020.004	378	890.019	3	5	1	2	4	35124	0	1000	1004	554	0	3	5	1	2	4	1558	1798	2032	2256	2486	6000	5000	1	1	1	1	1	1
6	67	1	5	1000	383020	383021.998	383	890.023	3	2	4	5	1	32451	0	1000	1014	508	0	3	2	4	5	1	1512	1746	1968	2194	2436	6000	5000	1	1	1	1	1	1
6	68	1	5	1000	388020	388021.992	388	888.015	1	4	5	2	3	14523	0	16000	1402	486	0	1	4	5	2	3	1490	1704	1954	2206	2806	6000	5000	1	1	1	1	1	1
7	1	0	5	1000	8020	8020.006	9	14.012	3	2	4	5	1	32451	0	1000	1278	672	0	3	2	4	5	1	1676	2010	2350	2616	2896	6000	5000	1	1	1	1	1	1
7	2	1	5	1000	13020	13022.003	14	16.007	1	3	2	5	4	13254	0	1000	1682	936	0	1	3	2	5	4	1940	2556	2908	3216	3556	6000	5000	1	1	1	1	1	1
7	3	0	5	1000	18020	18021.974	19	13.999	1	4	5	2	3	14523	0	1000	1740	528	0	1	4	5	2	3	1532	1824	2158	2804	3132	6000	5000	1	1	1	1	1	1
7	4	1	5	1000	23020	23021.976	24	11.985	1	3	2	5	4	13254	0	1000	2000	532	0	1	3	2	5	4	1536	1848	2612	2962	3312	6000	5000	1	1	1	1	1	1
7	5	1	5	1000	28020	28021.998	29	10	3	5	1	2	4	35124	0	1000	1450	414	0	3	5	1	2	4	1418	1876	2200	2496	2788	6000	5000	1	1	1	1	1	1
7	6	0	5	1000	33020	33021.988	34	8.004	3	5	1	2	4	35124	0	1000	1726	552	0	3	5	1	2	4	1556	1838	2196	2832	3164	6000	5000	1	1	1	1	1	1
7	7	1	5	1000	38020	38021.996	39	5.996	1	3	2	5	4	13254	0	1000	1362	978	0	1	3	2	5	4	1982	2330	2644	2940	3262	6000	5000	1	1	1	1	1	1
7	8	1	5	1000	43020	43021.995	44	4	3	2	4	5	1	32451	0	1000	1260	474	0	3	2	4	5	1	1478	1756	2048	2338	2622	6000	5000	1	1	1	1	1	1
7	9	0	5	1000	48020	48021.973	49	3.999	3	5	1	2	4	35124	0	1000	1840	556	0	3	5	1	2	4	1560	1834	2160	2822	3222	6000	5000	1	1	1	1	1	1
7	10	0	5	1000	53020	53021.977	54	2	3	2	4	5	1	32451	0	1000	1818	936	0	3	2	4	5	1	1940	2322	2944	3284	3592	6000	5000	1	1	1	1	1	1
7	11	1	5	1000	58020	58021.975	59	0	3	2	4	5	1	32451	0	1000	1556	570	0	3	2	4	5	1	1574	1910	2258	2572	2902	6000	5000	1	1	1	1	1	1
7	12	1	5	1000	63020	63021.986	63	997.999	1	3	2	5	4	13254	0	1000	1854	378	0	1	3	2	5	4	1382	1740	2446	2762	3104	6000	5000	1	1	1	1	1	1
7	13	0	5	1000	68020	68021.988	68	995.991	3	5	1	2	4	35124	0	1000	1474	458	0	3	5	1	2	4	1462	1736	2088	2464	2792	6000	5000	1	1	1	1	1	1
7	14	1	5	1000	73020	73021.998	73	995.995	3	2	4	5	1	32451	0	1000	1632	572	0	3	2	4	5	1	1576	1892	2220	2574	2968	6000	5000	1	1	1	1	1	1
7	15	1	5	1000	78020	78021.964	78	993.97	3	2	4	5	1	32451	0	1000	1374	320	0	3	2	4	5	1	1324	1650	1994	2260	2544	6000	5000	1	1	1	1	1	1
7	16	0	5	1000	83020	83021.986	83	992	1	3	2	5	4	13254	0	1000	1318	992	0	1	3	2	5	4	1996	2362	2668	2934	3220	6000	5000	1	1	1	1	1	1
7	17	1	5	1000	88020	88021.998	88	990.035	3	5	1	2	4	35124	0	16000	1290	954	0	3	5	1	2	4	1958	2262	2556	2860	3134	6000	5000	1	1	1	1	1	1
7	18	1	5	1000	108020	108021.965	108	983.988	3	5	1	2	4	35124	0	1000	1150	492	0	3	5	1	2	4	1496	1778	2032	2304	2580	6000	5000	1	1	1	1	1	1
7	19	1	5	1000	113020	113021.992	113	982.015	3	5	1	2	4	35124	0	1000	1182	792	0	3	5	1	2	4	1796	2076	2330	2604	2870	6000	5000	1	1	1	1	1	1
7	20	1	5	1000	118020	118021.996	118	979.9	1	3	2	5	4	13254	0	1000	1300	408	0	1	3	2	5	4	1412	1704	2022	2302	2582	6000	5000	1	1	1	1	1	1
7	21	0	5	1000	123020	123021.973	123	977.981	1	3	2	5	4	13254	0	1000	1310	554	0	1	3	2	5	4	1558	1880	2206	2478	2770	6000	5000	1	1	1	1	1	1
7	22	1	5	1000	128020	128021.987	128	975.993	1	3	2	5	4	13254	0	1000	1156	320	0	1	3	2	5	4	1324	1590	1878	2102	2354	6000	5000	1	1	1	1	1	1
7	23	1	5	1000	133020	133021.973	133	973.976	1	3	2	5	4	13254	0	1000	1064	268	0	1	3	2	5	4	1272	1508	1774	1966	2232	6000	5000	1	1	1	1	1	1
7	24	0	5	1000	138020	138021.969	138	974.011	3	2	4	5	1	32451	0	1000	1392	398	0	3	2	4	5	1	1402	1692	2116	2362	2600	6000	5000	1	1	1	1	1	1
7	25	0	5	1000	143020	143021.974	143	971.988	1	4	5	2	3	14523	0	1000	1128	416	0	1	4	5	2	3	1420	1678	1928	2214	2450	6000	5000	1	1	1	1	1	1
7	26	1	5	1000	148020	148021.977	148	970.005	3	5	1	2	4	35124	0	1000	1020	420	0	3	5	1	2	4	1424	1654	1874	2100	2324	6000	5000	1	1	1	1	1	1
7	27	0	5	1000	153020	153021.976	153	967.992	3	2	4	5	1	32451	0	1000	1100	374	0	3	2	4	5	1	1378	1584	1816	2044	2272	6000	5000	1	1	1	1	1	1
7	28	0	5	1000	158020	158021.977	158	965.982	1	3	2	5	4	13254	0	1000	1568	336	0	1	3	2	5	4	1340	1594	2222	2508	2790	6000	5000	1	1	1	1	1	1
7	29	0	5	1000	163020	163021.974	163	964.008	3	2	4	5	1	32451	0	1000	1150	440	0	3	2	4	5	1	1444	1682	1944	2154	2402	6000	5000	1	1	1	1	1	1
7	30	0	5	1000	168020	168022	168	961.988	3	5	1	2	4	35124	0	1000	966	496	0	3	5	1	2	4	1500	1722	1944	2166	2350	6000	5000	1	1	1	1	1	1
7	31	1	5	1000	173020	173020.016	173	960.016	3	5	1	2	4	35124	0	1000	1366	418	0	3	5	1	2	4	1422	1842	2144	2406	2664	6000	5000	1	1	1	1	1	1
7	32	0	5	1000	178020	178022.02	178	960.044	1	3	2	5	4	13254	0	1000	1134	516	0	1	3	2	5	4	1520	1784	2082	2280	2518	6000	5000	1	1	1	1	1	1
7	33	1	5	1000	183020	183021.997	183	957.968	3	2	4	5	1	32451	0	1000	1094	350	0	3	2	4	5	1	1354	1620	1868	2076	2304	6000	5000	1	1	1	1	1	1
7	34	1	5	1000	188020	188021.995	188	955.995	1	4	5	2	3	14523	0	16000	1070	346	0	1	4	5	2	3	1350	1600	1838	2090	2324	6000	5000	1	1	1	1	1	1
7	35	1	5	1000	208020	208021.97	208	949.987	1	4	5	2	3	14523	0	1000	1122	410	0	1	4	5	2	3	1414	1678	1930	2180	2420	6000	5000	1	1	1	1	1	1
7	36	0	5	1000	213020	213021.997	213	948.01	1	3	2	5	4	13254	0	1000	1172	442	0	1	3	2	5	4	1446	1714	2042	2294	2542	6000	5000	1	1	1	1	1	1
7	37	1	5	1000	218020	218021.994	218	945.98	1	4	5	2	3	14523	0	1000	1212	424	0	1	4	5	2	3	1428	1728	2026	2294	2562	6000	5000	1	1	1	1	1	1
7	38	1	5	1000	223020	223021.964	223	943.987	1	4	5	2	3	14523	0	1000	1646	296	0	1	4	5	2	3	1300	1642	1914	2180	2808	6000	5000	1	1	1	1	1	1
7	39	1	5	1000	228020	228021.964	228	941.996	1	3	2	5	4	13254	0	1000	1228	368	0	1	3	2	5	4	1372	1658	1962	2200	2506	6000	5000	1	1	1	1	1	1
7	40	1	5	1000	233020	233021.949	233	939.978	1	4	5	2	3	14523	0	1000	1044	326	0	1	4	5	2	3	1330	1596	1822	2062	2298	6000	5000	1	1	1	1	1	1
7	41	1	5	1000	238020	238021.966	238	940.001	3	5	1	2	4	35124	0	1000	1056	348	0	3	5	1	2	4	1352	1584	1776	2020	2268	6000	5000	1	1	1	1	1	1
7	42	1	5	1000	243020	243021.958	243	937.994	3	2	4	5	1	32451	0	1000	1034	558	0	3	2	4	5	1	1562	1842	2082	2298	2484	6000	5000	1	1	1	1	1	1
7	43	0	5	1000	248020	248021.947	248	935.971	3	2	4	5	1	32451	0	1000	1064	368	0	3	2	4	5	1	1372	1610	1868	2088	2300	6000	5000	1	1	1	1	1	1
7	44	0	5	1000	253020	253021.952	253	933.995	3	2	4	5	1	32451	0	1000	1756	348	0	3	2	4	5	1	1352	1604	2366	2648	2912	6000	5000	1	1	1	1	1	1
7	45	1	5	1000	258020	258021.947	258	934.004	3	5	1	2	4	35124	0	1000	1024	408	0	3	5	1	2	4	1412	1612	1824	2054	2286	6000	5000	1	1	1	1	1	1
7	46	1	5	1000	263020	263021.947	263	929.998	1	4	5	2	3	14523	0	1000	1088	310	0	1	4	5	2	3	1314	1570	1824	2088	2348	6000	5000	1	1	1	1	1	1
7	47	0	5	1000	268020	268021.947	268	929.998	1	4	5	2	3	14523	0	1000	1022	326	0	1	4	5	2	3	1330	1574	1784	2004	2232	6000	5000	1	1	1	1	1	1
7	48	0	5	1000	273020	273021.947	273	927.995	3	5	1	2	4	35124	0	1000	1784	350	0	3	5	1	2	4	1354	1896	2432	2772	3050	6000	5000	1	1	1	1	1	1
7	49	0	5	1000	278020	278021.946	278	926	3	5	1	2	4	35124	0	1000	1116	522	0	3	5	1	2	4	1526	1780	2032	2288	2538	6000	5000	1	1	1	1	1	1
7	50	1	5	1000	283020	283021.948	283	924.002	1	4	5	2	3	14523	0	1000	1174	400	0	1	4	5	2	3	1404	1694	1958	2228	2482	6000	5000	1	1	1	1	1	1
7	51	1	5	1000	288020	288021.947	288	922.001	3	2	4	5	1	32451	0	16000	2052	448	0	3	2	4	5	1	1452	2100	2738	3062	3342	6000	5000	1	1	1	1	1	1
7	52	1	5	1000	308020	308021.964	308	916.01	3	2	4	5	1	32451	0	1000	1152	538	0	3	2	4	5	1	1542	1790	2076	2326	2560	6000	5000	1	1	1	1	1	1
7	53	1	5	1000	313020	313021.977	313	914.013	3	5	1	2	4	35124	0	1000	1018	382	0	3	5	1	2	4	1386	1622	1848	2076	2312	6000	5000	1	1	1	1	1	1
7	54	0	5	1000	318020	318022.003	318	912.041	1	4	5	2	3	14523	0	1000	1470	352	0	1	4	5	2	3	1356	1900	2170	2434	2740	6000	5000	1	1	1	1	1	1
7	55	1	5	1000	323020	323021.948	323	910.006	1	4	5	2	3	14523	0	1000	1482	352	0	1	4	5	2	3	1356	1934	2190	2470	2742	6000	5000	1	1	1	1	1	1
7	56	0	5	1000	328020	328021.963	328	907.994	3	2	4	5	1	32451	0	1000	1218	446	0	3	2	4	5	1	1450	1734	1978	2198	2526	6000	5000	1	1	1	1	1	1
7	57	1	5	1000	333020	333021.975	333	908.006	1	4	5	2	3	14523	0	1000	1066	406	0	1	4	5	2	3	1410	1650	1902	2154	2376	6000	5000	1	1	1	1	1	1
7	58	0	5	1000	338020	338021.969	338	905.995	3	5	1	2	4	35124	0	1000	1052	488	0	3	5	1	2	4	1492	1690	1944	2202	2440	6000	5000	1	1	1	1	1	1
7	59	0	5	1000	343020	343021.97	343	903.993	1	3	2	5	4	13254	0	1000	2090	444	1	1	3	2	4	4	1448	1728	2420	2786	3410	6000	5000	0	1	1	1	1	1
7	60	0	5	1000	348020	348021.975	348	902.004	1	4	5	2	3	14523	0	1000	1170	444	0	1	4	5	2	3	1448	1728	1992	2246	2500	6000	5000	1	1	1	1	1	1
7	61	0	5	1000	353020	353021.962	353	899.978	1	3	2	5	4	13254	0	1000	1136	346	0	1	3	2	5	4	1350	1600	1880	2126	2390	6000	5000	1	1	1	1	1	1
7	62	0	5	1000	358020	358020.054	358	896.108	1	3	2	5	4	13254	0	1000	1040	374	0	1	3	2	5	4	1378	1606	1862	2066	2312	6000	5000	1	1	1	1	1	1
7	63	0	5	1000	363020	363021.962	363	896.005	3	5	1	2	4	35124	0	1000	1072	424	0	3	5	1	2	4	1428	1658	1886	2136	2404	6000	5000	1	1	1	1	1	1
7	64	0	5	1000	368020	368021.985	368	895.974	1	4	5	2	3	14523	0	1000	1804	390	0	1	4	5	2	3	1394	2072	2374	2672	3096	6000	5000	1	1	1	1	1	1
7	65	0	5	1000	373020	373021.972	373	894.008	1	4	5	2	3	14523	0	1000	1318	418	0	1	4	5	2	3	1422	1692	1976	2364	2672	6000	5000	1	1	1	1	1	1
7	66	1	5	1000	378020	378021.967	378	892.002	3	2	4	5	1	32451	0	1000	1200	384	0	3	2	4	5	1	1388	1644	1920	2184	2468	6000	5000	1	1	1	1	1	1
7	67	0	5	1000	383020	383021.969	383	890.005	1	4	5	2	3	14523	0	1000	1134	446	0	1	4	5	2	3	1450	1708	1986	2280	2560	6000	5000	1	1	1	1	1	1
7	68	0	5	1000	388020	388021.976	388	888.033	3	2	4	5	1	32451	0	16000	1176	658	0	3	2	4	5	1	1662	1940	2226	2466	2764	6000	5000	1	1	1	1	1	1
8	1	1	5	1000	8020	8022.073	9	18.05	1	3	2	5	4	13254	0	1000	1264	518	0	1	3	2	5	4	1522	1844	2158	2418	2734	6000	5000	1	1	1	1	1	1
8	2	0	5	1000	13020	13020.034	14	14.011	1	3	2	5	4	13254	0	1000	1206	668	0	1	3	2	5	4	1672	1968	2258	2490	2794	6000	5000	1	1	1	1	1	1
8	3	0	5	1000	18020	18022.022	19	13.998	1	3	2	5	4	13254	0	1000	1618	418	0	1	3	2	5	4	1422	1678	2358	2670	2986	6000	5000	1	1	1	1	1	1
8	4	1	5	1000	23020	23020.001	24	9.982	3	2	4	5	1	32451	0	1000	1070	328	0	3	2	4	5	1	1332	1582	1822	2046	2300	6000	5000	1	1	1	1	1	1
8	5	0	5	1000	28020	28021.996	29	9.999	1	3	2	5	4	13254	0	1000	990	364	0	1	3	2	5	4	1368	1602	1850	2050	2306	6000	5000	1	1	1	1	1	1
8	6	1	5	1000	33020	33022.022	34	9.998	3	5	1	2	4	35124	0	1000	972	352	0	3	5	1	2	4	1356	1556	1790	2024	2272	6000	5000	1	1	1	1	1	1
8	7	0	5	1000	38020	38020.03	39	6.001	3	2	4	5	1	32451	0	1000	1498	464	0	3	2	4	5	1	1468	1718	1972	2186	2826	6000	5000	1	1	1	1	1	1
8	8	1	5	1000	43020	43020.006	44	4.007	3	5	1	2	4	35124	0	1000	1434	404	0	3	5	1	2	4	1408	1618	1856	2464	2814	6000	5000	1	1	1	1	1	1
8	9	0	5	1000	48020	48021.984	49	3.984	3	5	1	2	4	35124	0	1000	1074	428	0	3	5	1	2	4	1432	1658	1916	2172	2422	6000	5000	1	1	1	1	1	1
8	10	1	5	1000	53020	53020.015	54	0	1	4	5	2	3	14523	0	1000	2140	372	0	1	4	5	2	3	1376	2000	2314	2674	3410	6000	5000	1	1	1	1	1	1
8	11	1	5	1000	58020	58022.013	59	0	1	4	5	2	3	14523	0	1000	1268	400	0	1	4	5	2	3	1404	1678	1960	2248	2518	6000	5000	1	1	1	1	1	1
8	12	0	5	1000	63020	63020.01	63	998.001	3	5	1	2	4	35124	0	1000	1368	924	0	3	5	1	2	4	1928	2252	2572	2882	3174	6000	5000	1	1	1	1	1	1
8	13	0	5	1000	68020	68020	68	995.977	1	3	2	5	4	13254	0	1000	1172	454	0	1	3	2	5	4	1458	1732	2008	2246	2550	6000	5000	1	1	1	1	1	1
8	14	1	5	1000	73020	73020.022	73	993.998	1	3	2	5	4	13254	0	1000	1500	366	0	1	3	2	5	4	1370	1928	2242	2498	2772	6000	5000	1	1	1	1	1	1
8	15	1	5	1000	78020	78020	78	991.99	1	3	2	5	4	13254	0	1000	1114	368	0	1	3	2	5	4	1372	1626	1912	2142	2400	6000	5000	1	1	1	1	1	1
8	16	1	5	1000	83020	83020.062	83	990.055	1	4	5	2	3	14523	0	1000	1142	398	0	1	4	5	2	3	1402	1640	1930	2198	2448	6000	5000	1	1	1	1	1	1
8	17	0	5	1000	88020	88020.012	88	987.992	1	4	5	2	3	14523	0	16000	1218	532	0	1	4	5	2	3	1536	1810	2132	2414	2682	6000	5000	1	1	1	1	1	1
8	18	0	5	1000	108020	108020.021	108	981.971	1	4	5	2	3	14523	0	1000	1266	480	0	1	4	5	2	3	1484	1804	2110	2400	2664	6000	5000	1	1	1	1	1	1
8	19	1	5	1000	113020	113022.124	113	982.1	1	4	5	2	3	14523	0	1000	1082	400	0	1	4	5	2	3	1404	1664	1896	2136	2384	6000	5000	1	1	1	1	1	1
8	20	1	5	1000	118020	118020.03	118	978.032	3	5	1	2	4	35124	0	1000	1206	394	0	3	5	1	2	4	1398	1724	2026	2290	2520	6000	5000	1	1	1	1	1	1
8	21	1	5	1000	123020	123022.001	123	977.985	3	2	4	5	1	32451	0	1000	1096	488	0	3	2	4	5	1	1492	1740	1996	2240	2504	6000	5000	1	1	1	1	1	1
8	22	1	5	1000	128020	128021.987	128	977.964	1	3	2	5	4	13254	0	1000	1594	512	0	1	3	2	5	4	1516	1778	2410	2728	3032	6000	5000	1	1	1	1	1	1
8	23	1	5	1000	133020	133020.012	133	974.022	3	5	1	2	4	35124	0	1000	1032	504	0	3	5	1	2	4	1508	1722	1990	2234	2480	6000	5000	1	1	1	1	1	1
8	24	1	5	1000	138020	138020.008	138	972.013	3	5	1	2	4	35124	0	1000	1230	968	0	3	5	1	2	4	1972	2290	2586	2872	3150	6000	5000	1	1	1	1	1	1
8	25	0	5	1000	143020	143020.025	143	970.022	1	4	5	2	3	14523	0	1000	2310	440	1	1	4	5	1	2	1444	2186	2846	3252	3590	6000	5000	0	1	1	1	1	1
8	26	0	5	1000	148020	148020.021	148	968	3	2	4	5	1	32451	0	1000	1140	524	0	3	2	4	5	1	1528	1808	2058	2294	2546	6000	5000	1	1	1	1	1	1
8	27	1	5	1000	153020	153021.999	153	968.004	1	4	5	2	3	14523	0	1000	1082	418	0	1	4	5	2	3	1422	1684	1930	2178	2434	6000	5000	1	1	1	1	1	1
8	28	0	5	1000	158020	158020.002	158	965.904	3	2	4	5	1	32451	0	1000	1054	454	0	3	2	4	5	1	1458	1698	1944	2142	2390	6000	5000	1	1	1	1	1	1
8	29	0	5	1000	163020	163020.007	163	963.996	1	4	5	2	3	14523	0	1000	1034	430	0	1	4	5	2	3	1434	1678	1918	2154	2402	6000	5000	1	1	1	1	1	1
8	30	1	5	1000	168020	168020.024	168	961.993	1	3	2	5	4	13254	0	1000	1112	440	0	1	3	2	5	4	1444	1690	1962	2198	2454	6000	5000	1	1	1	1	1	1
8	31	0	5	1000	173020	173020.032	173	960.031	3	2	4	5	1	32451	0	1000	1050	432	0	3	2	4	5	1	1436	1650	1900	2122	2342	6000	5000	1	1	1	1	1	1
8	32	1	5	1000	178020	178022.001	178	959.991	1	3	2	5	4	13254	0	1000	982	338	0	1	3	2	5	4	1342	1568	1810	2006	2222	6000	5000	1	1	1	1	1	1
8	33	0	5	1000	183020	183020.023	183	956	3	5	1	2	4	35124	0	1000	1228	346	0	3	5	1	2	4	1350	1550	1952	2220	2458	6000	5000	1	1	1	1	1	1
8	34	0	5	1000	188020	188020.012	188	954.013	3	2	4	5	1	32451	0	16000	1028	560	0	3	2	4	5	1	1564	1802	2036	2248	2480	6000	5000	1	1	1	1	1	1
8	35	0	5	1000	208020	208021.999	208	949.975	3	2	4	5	1	32451	0	1000	2028	456	0	3	2	4	5	1	1460	2304	2690	3002	3366	6000	5000	1	1	1	1	1	1
8	36	0	5	1000	213020	213020.012	213	945.931	3	2	4	5	1	32451	0	1000	1610	542	0	3	2	4	5	1	1546	2170	2564	2840	3088	6000	5000	1	1	1	1	1	1
8	37	0	5	1000	218020	218020.022	218	944.014	1	3	2	5	4	13254	0	1000	1026	536	0	1	3	2	5	4	1540	1798	2064	2268	2518	6000	5000	1	1	1	1	1	1
8	38	0	5	1000	223020	223020.024	223	943.998	3	5	1	2	4	35124	0	1000	2520	458	1	3	5	2	2	4	1462	1710	2330	3380	3852	6000	5000	0	1	1	1	1	1
8	39	1	5	1000	228020	228021.998	228	944.012	3	5	1	2	4	35124	0	1000	1066	478	0	3	5	1	2	4	1482	1740	1980	2228	2478	6000	5000	1	1	1	1	1	1
8	40	0	5	1000	233020	233022.001	233	942.013	1	3	2	5	4	13254	0	1000	1020	440	0	1	3	2	5	4	1444	1712	1974	2166	2384	6000	5000	1	1	1	1	1	1
8	41	1	5	1000	238020	238020.018	238	937.996	1	4	5	2	3	14523	0	1000	1008	376	0	1	4	5	2	3	1380	1608	1866	2104	2336	6000	5000	1	1	1	1	1	1
8	42	1	5	1000	243020	243020.001	243	935.999	3	2	4	5	1	32451	0	1000	1064	368	0	3	2	4	5	1	1372	1614	1876	2104	2342	6000	5000	1	1	1	1	1	1
8	43	0	5	1000	248020	248021.989	248	935.997	3	2	4	5	1	32451	0	1000	1006	296	0	3	2	4	5	1	1300	1528	1790	1998	2236	6000	5000	1	1	1	1	1	1
8	44	0	5	1000	253020	253020.007	253	932.005	3	5	1	2	4	35124	0	1000	1124	426	0	3	5	1	2	4	1430	1648	1992	2258	2514	6000	5000	1	1	1	1	1	1
8	45	1	5	1000	258020	258022.004	258	934.004	3	2	4	5	1	32451	0	1000	1600	632	0	3	2	4	5	1	1636	2216	2560	2826	3126	6000	5000	1	1	1	1	1	1
8	46	1	5	1000	263020	263021.99	263	932.005	3	2	4	5	1	32451	0	1000	1154	452	0	3	2	4	5	1	1456	1712	2004	2272	2546	6000	5000	1	1	1	1	1	1
8	47	1	5	1000	268020	268021.998	268	929.997	1	4	5	2	3	14523	0	1000	2058	884	0	1	4	5	2	3	1888	2556	2876	3184	3828	6000	5000	1	1	1	1	1	1
8	48	0	5	1000	273020	273020.004	273	926.036	1	3	2	5	4	13254	0	1000	1562	482	0	1	3	2	5	4	1486	1780	2068	2294	2906	6000	5000	1	1	1	1	1	1
8	49	0	5	1000	278020	278022.007	278	926	1	4	5	2	3	14523	0	1000	1344	478	0	1	4	5	2	3	1482	1772	2126	2436	2712	6000	5000	1	1	1	1	1	1
8	50	0	5	1000	283020	283020.018	283	922.025	1	3	2	5	4	13254	0	1000	1074	418	0	1	3	2	5	4	1422	1692	1956	2172	2436	6000	5000	1	1	1	1	1	1
8	51	0	5	1000	288020	288021.982	288	923.994	3	2	4	5	1	32451	0	16000	1160	504	0	3	2	4	5	1	1508	1764	2034	2280	2536	6000	5000	1	1	1	1	1	1
8	52	0	5	1000	308020	308021.988	308	915.99	3	2	4	5	1	32451	0	1000	1210	564	0	3	2	4	5	1	1568	1870	2164	2444	2726	6000	5000	1	1	1	1	1	1
8	53	1	5	1000	313020	313021.988	313	913.99	3	2	4	5	1	32451	0	1000	1548	380	0	3	2	4	5	1	1384	1626	1892	2128	2738	6000	5000	1	1	1	1	1	1
8	54	1	5	1000	318020	318020.003	318	910.016	3	5	1	2	4	35124	0	1000	1084	332	0	3	5	1	2	4	1336	1574	1814	2070	2316	6000	5000	1	1	1	1	1	1
8	55	1	5	1000	323020	323020.002	323	909.999	1	4	5	2	3	14523	0	1000	1086	320	0	1	4	5	2	3	1324	1612	1876	2114	2338	6000	5000	1	1	1	1	1	1
8	56	1	5	1000	328020	328021.997	328	909.997	1	3	2	5	4	13254	0	1000	1438	326	0	1	3	2	5	4	1330	1906	2202	2456	2708	6000	5000	1	1	1	1	1	1
8	57	0	5	1000	333020	333020.003	333	906.017	1	4	5	2	3	14523	0	1000	1640	304	0	1	4	5	2	3	1308	1994	2338	2626	2886	6000	5000	1	1	1	1	1	1
8	58	1	5	1000	338020	338020.003	338	903.988	3	5	1	2	4	35124	0	1000	1256	294	0	3	5	1	2	4	1298	1544	1922	2214	2484	6000	5000	1	1	1	1	1	1
8	59	1	5	1000	343020	343021.99	343	904.006	1	3	2	5	4	13254	0	1000	1458	272	0	1	3	2	5	4	1276	1536	1816	2064	2638	6000	5000	1	1	1	1	1	1
8	60	1	5	1000	348020	348021.998	348	902.012	3	2	4	5	1	32451	0	1000	1146	330	0	3	2	4	5	1	1334	1598	1866	2120	2370	6000	5000	1	1	1	1	1	1
8	61	0	5	1000	353020	353022.009	353	902.009	1	4	5	2	3	14523	0	1000	1366	366	0	1	4	5	2	3	1370	1632	1904	2334	2640	6000	5000	1	1	1	1	1	1
8	62	1	5	1000	358020	358020.003	358	898.012	3	2	4	5	1	32451	0	1000	1014	344	0	3	2	4	5	1	1348	1572	1836	2018	2316	6000	5000	1	1	1	1	1	1
8	63	0	5	1000	363020	363020.001	363	896.015	3	5	1	2	4	35124	0	1000	1754	376	0	3	5	1	2	4	1380	1552	1776	2678	3030	6000	5000	1	1	1	1	1	1
8	64	0	5	1000	368020	368021.999	368	896.011	1	4	5	2	3	14523	0	1000	1074	368	0	1	4	5	2	3	1372	1626	1880	2126	2356	6000	5000	1	1	1	1	1	1
8	65	0	5	1000	373020	373021.999	373	894.01	1	4	5	2	3	14523	0	1000	1042	334	0	1	4	5	2	3	1338	1570	1818	2048	2278	6000	5000	1	1	1	1	1	1
8	66	0	5	1000	378020	378020.019	378	890.033	3	5	1	2	4	35124	0	1000	1052	446	0	3	5	1	2	4	1450	1660	1936	2200	2414	6000	5000	1	1	1	1	1	1
8	67	0	5	1000	383020	383021.991	383	889.977	3	5	1	2	4	35124	0	1000	1066	440	0	3	5	1	2	4	1444	1702	1940	2206	2448	6000	5000	1	1	1	1	1	1
8	68	1	5	1000	388020	388021.991	388	889.992	1	3	2	5	4	13254	0	16000	1008	390	0	1	3	2	5	4	1394	1624	1880	2098	2332	6000	5000	1	1	1	1	1	1
9	1	0	5	1000	8020	8021.975	9	17.974	3	2	4	5	1	32451	0	12000	1750	832	0	3	2	4	5	1	1836	2302	2778	3098	3378	6000	5000	1	1	1	1	1	1
9	2	1	5	1000	24020	24021.986	25	11.981	3	5	1	2	4	35124	0	18000	1158	382	0	3	5	1	2	4	1386	1666	1952	2204	2450	6000	5000	1	1	1	1	1	1
9	3	0	5	1000	46020	46020.013	47	4.026	1	3	2	5	4	13254	0	21000	1434	390	0	1	3	2	5	4	1394	1666	2090	2436	2712	6000	5000	1	1	1	1	1	1
9	4	1	5	1000	71020	71022.014	71	998.002	1	4	5	2	3	14523	0	24000	1396	348	0	1	4	5	2	3	1352	1840	2130	2394	2664	6000	5000	1	1	1	1	1	1
9	5	0	5	1000	99020	99020.012	99	986.024	3	5	1	2	4	35124	0	30000	1210	420	0	3	5	1	2	4	1424	1720	2006	2266	2534	6000	5000	1	1	1	1	1	1
9	6	1	5	1000	133020	133020	133	974.001	3	2	4	5	1	32451	0	15000	1268	394	0	3	2	4	5	1	1398	1680	1992	2268	2534	6000	5000	1	1	1	1	1	1
9	7	0	5	1000	152020	152021.974	152	969.963	1	4	5	2	3	14523	0	9000	1172	460	0	1	4	5	2	3	1464	1752	2018	2280	2534	6000	5000	1	1	1	1	1	1
9	8	1	5	1000	165020	165020	165	964.011	1	3	2	5	4	13254	0	27000	1110	318	0	1	3	2	5	4	1322	1602	1872	2104	2328	6000	5000	1	1	1	1	1	1
9	9	0	5	1000	196020	196020.008	196	951.997	3	2	4	5	1	32451	0	21000	1460	716	0	3	2	4	5	1	1720	2118	2474	2756	3020	6000	5000	1	1	1	1	1	1
9	10	1	5	1000	221020	221021.975	221	945.978	3	5	1	2	4	35124	0	24000	1218	332	0	3	5	1	2	4	1336	1604	1904	2190	2458	6000	5000	1	1	1	1	1	1
9	11	0	5	1000	249020	249020.006	249	934.018	1	3	2	5	4	13254	0	27000	1178	680	0	1	3	2	5	4	1684	1990	2268	2530	2760	6000	5000	1	1	1	1	1	1
9	12	1	5	1000	280020	280021.976	280	926.001	1	4	5	2	3	14523	0	15000	1406	400	0	1	4	5	2	3	1404	1888	2194	2472	2716	6000	5000	1	1	1	1	1	1
9	13	0	5	1000	299020	299022.012	299	920.025	3	5	1	2	4	35124	0	30000	1094	456	0	3	5	1	2	4	1460	1714	1980	2218	2486	6000	5000	1	1	1	1	1	1
9	14	1	5	1000	333020	333020.009	333	906.03	3	2	4	5	1	32451	0	9000	1126	442	0	3	2	4	5	1	1446	1686	1960	2212	2438	6000	5000	1	1	1	1	1	1
9	15	0	5	1000	346020	346021.976	346	903.996	1	4	5	2	3	14523	0	18000	1162	338	0	1	4	5	2	3	1342	1654	1914	2176	2446	6000	5000	1	1	1	1	1	1
9	16	1	5	1000	368020	368021.998	368	898.005	1	3	2	5	4	13254	0	12000	1194	496	0	1	3	2	5	4	1500	1776	2044	2300	2606	6000	5000	1	1	1	1	1	1