BN	TN	seqType	Horizon	PrepTime	startTime	startTimeReal	startTRReal	startTRtime	press0	press1	press2	press3	press4	cueP	complete	iti	MT	RT	isError	response0	response1	response2	response3	response4	pressTime0	pressTime1	pressTime2	pressTime3	pressTime4	timeThreshold	timeThresholdSuper	points	Gain1	Gain2	Gain3	Gain4	Gain5
1	1	1	5	1000	8020	8020.011	9	16.025	1	3	2	5	4	13254	0	1000	1224	388	0	1	3	2	5	4	1392	1666	1948	2174	2422	6000	5000	1	1	1	1	1	1
1	2	0	5	1000	13020	13021.997	14	15.983	1	3	2	5	4	13254	0	1000	1564	388	0	1	3	2	5	4	1392	1754	2110	2438	2724	6000	5000	1	1	1	1	1	1
1	3	0	5	1000	18020	18021.998	19	14	1	3	2	5	4	13254	0	1000	1284	306	0	1	3	2	5	4	1310	1606	1854	2120	2376	6000	5000	1	1	1	1	1	1
1	4	0	5	1000	23020	23020.007	24	10.026	3	2	4	5	1	32451	0	1000	1254	330	0	3	2	4	5	1	1334	1586	1840	2084	2360	6000	5000	1	1	1	1	1	1
1	5	1	5	1000	28020	28021.984	29	11.99	3	5	1	2	4	35124	0	1000	1196	296	0	3	5	1	2	4	1300	1528	1788	2056	2298	6000	5000	1	1	1	1	1	1
1	6	0	5	1000	33020	33022.011	34	10.025	1	3	2	5	4	13254	0	1000	1228	288	0	1	3	2	5	4	1292	1548	1792	2050	2324	6000	5000	1	1	1	1	1	1
1	7	1	5	1000	38020	38021.981	39	7.985	1	4	5	2	3	14523	0	1000	1256	304	0	1	4	5	2	3	1308	1568	1850	2132	2416	6000	5000	1	1	1	1	1	1
1	8	1	5	1000	43020	43021.987	44	6	3	5	1	2	4	35124	0	1000	1160	240	0	3	5	1	2	4	1244	1486	1742	2018	2248	6000	5000	1	1	1	1	1	1
1	9	0	5	1000	48020	48021.984	49	3.998	3	5	1	2	4	35124	0	1000	1252	254	0	3	5	1	2	4	1258	1532	1812	2114	2346	6000	5000	1	1	1	1	1	1
1	10	0	5	1000	53020	53021.993	54	2.005	1	3	2	5	4	13254	0	1000	1206	238	0	1	3	2	5	4	1242	1486	1758	2012	2284	6000	5000	1	1	1	1	1	1
1	11	1	5	1000	58020	58020.014	58	1000.014	3	5	1	2	4	35124	0	1000	1252	276	0	3	5	1	2	4	1280	1574	1858	2152	2402	6000	5000	1	1	1	1	1	1
1	12	1	5	1000	63020	63022.014	64	0	3	2	4	5	1	32451	0	1000	1228	130	0	3	2	4	5	1	1134	1428	1684	1948	2244	6000	5000	1	1	1	1	1	1
1	13	1	5	1000	68020	68021.985	68	997.95	3	2	4	5	1	32451	0	1000	1356	296	0	3	2	4	5	1	1300	1570	1864	2126	2436	6000	5000	1	1	1	1	1	1
1	14	1	5	1000	73020	73022.001	73	996.002	1	4	5	2	3	14523	0	1000	1202	380	0	1	4	5	2	3	1384	1656	1908	2192	2442	6000	5000	1	1	1	1	1	1
1	15	0	5	1000	78020	78020.024	78	992.026	3	5	1	2	4	35124	0	1000	1262	394	0	3	5	1	2	4	1398	1672	1972	2260	2496	6000	5000	1	1	1	1	1	1
1	16	1	5	1000	83020	83020.014	83	990.016	3	5	1	2	4	35124	0	1000	1230	334	0	3	5	1	2	4	1338	1630	1894	2160	2394	6000	5000	1	1	1	1	1	1
1	17	1	5	1000	88020	88021.984	88	991.963	1	4	5	2	3	14523	0	16000	1166	266	0	1	4	5	2	3	1270	1492	1754	2008	2248	6000	5000	1	1	1	1	1	1
1	18	1	5	1000	108020	108021.996	108	984.002	1	4	5	2	3	14523	0	1000	1126	392	0	1	4	5	2	3	1396	1620	1864	2126	2344	6000	5000	1	1	1	1	1	1
1	19	1	5	1000	113020	113021.998	113	982.004	3	2	4	5	1	32451	0	1000	1206	312	0	3	2	4	5	1	1316	1544	1814	2034	2288	6000	5000	1	1	1	1	1	1
1	20	1	5	1000	118020	118021.996	118	979.998	1	3	2	5	4	13254	0	1000	1188	376	0	1	3	2	5	4	1380	1626	1876	2102	2346	6000	5000	1	1	1	1	1	1
1	21	1	5	1000	123020	123021.986	123	977.961	3	5	1	2	4	35124	0	1000	1166	388	0	3	5	1	2	4	1392	1634	1876	2102	2332	6000	5000	1	1	1	1	1	1
1	22	0	5	1000	128020	128021.993	128	977.975	3	2	4	5	1	32451	0	1000	1220	314	0	3	2	4	5	1	1318	1580	1828	2048	2300	6000	5000	1	1	1	1	1	1
1	23	1	5	1000	133020	133021.984	133	975.971	1	3	2	5	4	13254	0	1000	1174	270	0	1	3	2	5	4	1274	1536	1778	2022	2264	6000	5000	1	1	1	1	1	1
1	24	1	5	1000	138020	138022.031	138	974.012	1	3	2	5	4	13254	0	1000	1214	300	0	1	3	2	5	4	1304	1574	1822	2056	2306	6000	5000	1	1	1	1	1	1
1	25	1	5	1000	143020	143021.987	143	971.992	3	2	4	5	1	32451	0	1000	1292	296	0	3	2	4	5	1	1300	1558	1828	2066	2378	6000	5000	1	1	1	1	1	1
1	26	1	5	1000	148020	148022.012	148	970.016	3	5	1	2	4	35124	0	1000	1292	460	0	3	5	1	2	4	1464	1734	2030	2282	2552	6000	5000	1	1	1	1	1	1
1	27	0	5	1000	153020	153022.002	153	967.979	1	4	5	2	3	14523	0	1000	1238	306	0	1	4	5	2	3	1310	1568	1818	2100	2350	6000	5000	1	1	1	1	1	1
1	28	1	5	1000	158020	158021.985	158	965.998	1	4	5	2	3	14523	0	1000	1244	386	0	1	4	5	2	3	1390	1652	1904	2172	2424	6000	5000	1	1	1	1	1	1
1	29	0	5	1000	163020	163021.999	163	966.013	1	3	2	5	4	13254	0	1000	1172	324	0	1	3	2	5	4	1328	1586	1846	2070	2296	6000	5000	1	1	1	1	1	1
1	30	1	5	1000	168020	168021.998	168	963.993	1	3	2	5	4	13254	0	1000	1270	320	0	1	3	2	5	4	1324	1574	1830	2112	2386	6000	5000	1	1	1	1	1	1
1	31	0	5	1000	173020	173021.994	173	962.002	1	4	5	2	3	14523	0	1000	1276	356	0	1	4	5	2	3	1360	1602	1882	2130	2432	6000	5000	1	1	1	1	1	1
1	32	0	5	1000	178020	178020.001	178	958.001	1	4	5	2	3	14523	0	1000	1276	312	0	1	4	5	2	3	1316	1590	1848	2130	2398	6000	5000	1	1	1	1	1	1
1	33	1	5	1000	183020	183022.019	183	958.019	3	2	4	5	1	32451	0	1000	1210	278	0	3	2	4	5	1	1282	1542	1800	2048	2316	6000	5000	1	1	1	1	1	1
1	34	0	5	1000	188020	188021.987	188	955.997	1	4	5	2	3	14523	0	16000	1268	326	0	1	4	5	2	3	1330	1580	1834	2108	2394	6000	5000	1	1	1	1	1	1
1	35	0	5	1000	208020	208022	208	950.001	1	4	5	2	3	14523	0	1000	1164	348	0	1	4	5	2	3	1352	1606	1856	2110	2370	6000	5000	1	1	1	1	1	1
1	36	1	5	1000	213020	213020.019	213	946.003	1	3	2	5	4	13254	0	1000	1168	378	0	1	3	2	5	4	1382	1634	1870	2120	2400	6000	5000	1	1	1	1	1	1
1	37	1	5	1000	218020	218020.014	218	943.993	1	4	5	2	3	14523	0	1000	1108	342	0	1	4	5	2	3	1346	1568	1794	2046	2282	6000	5000	1	1	1	1	1	1
1	38	1	5	1000	223020	223021.998	223	943.987	1	3	2	5	4	13254	0	1000	1110	286	0	1	3	2	5	4	1290	1538	1772	2006	2204	6000	5000	1	1	1	1	1	1
1	39	0	5	1000	228020	228021.971	228	941.976	3	5	1	2	4	35124	0	1000	1142	308	0	3	5	1	2	4	1312	1542	1820	2038	2270	6000	5000	1	1	1	1	1	1
1	40	0	5	1000	233020	233021.985	233	942.007	3	5	1	2	4	35124	0	1000	1072	308	0	3	5	1	2	4	1312	1518	1790	1990	2214	6000	5000	1	1	1	1	1	1
1	41	0	5	1000	238020	238021.989	238	940.002	3	2	4	5	1	32451	0	1000	1148	344	0	3	2	4	5	1	1348	1582	1828	2052	2280	6000	5000	1	1	1	1	1	1
1	42	0	5	1000	243020	243020.01	243	936.013	3	5	1	2	4	35124	0	1000	1012	306	0	3	5	1	2	4	1310	1502	1756	1922	2152	6000	5000	1	1	1	1	1	1
1	43	0	5	1000	248020	248020.038	248	934.041	1	4	5	2	3	14523	0	1000	1132	320	0	1	4	5	2	3	1324	1548	1752	1992	2266	6000	5000	1	1	1	1	1	1
1	44	0	5	1000	253020	253020.004	253	932.007	1	3	2	5	4	13254	0	1000	1048	554	0	1	3	2	5	4	1558	1800	2034	2222	2434	6000	5000	1	1	1	1	1	1
1	45	0	5	1000	258020	258021.988	258	931.999	3	5	1	2	4	35124	0	1000	978	344	0	3	5	1	2	4	1348	1552	1772	1940	2148	6000	5000	1	1	1	1	1	1
1	46	1	5	1000	263020	263021.987	263	930.001	1	4	5	2	3	14523	0	1000	1018	346	0	1	4	5	2	3	1350	1574	1780	1998	2226	6000	5000	1	1	1	1	1	1
1	47	0	5	1000	268020	268021.998	268	930.03	1	4	5	2	3	14523	0	1000	1072	330	0	1	4	5	2	3	1334	1576	1772	2020	2250	6000	5000	1	1	1	1	1	1
1	48	0	5	1000	273020	273020.003	273	926.006	3	2	4	5	1	32451	0	1000	1072	384	0	3	2	4	5	1	1388	1620	1852	2032	2242	6000	5000	1	1	1	1	1	1
1	49	0	5	1000	278020	278021.97	278	925.983	1	3	2	5	4	13254	0	1000	1064	432	0	1	3	2	5	4	1436	1688	1910	2116	2304	6000	5000	1	1	1	1	1	1
1	50	0	5	1000	283020	283021.984	283	924.014	1	4	5	2	3	14523	0	1000	1142	314	0	1	4	5	2	3	1318	1556	1760	1974	2196	6000	5000	1	1	1	1	1	1
1	51	0	5	1000	288020	288021.986	288	922.003	3	5	1	2	4	35124	0	16000	998	354	1	3	5	1	5	2	1358	1576	1808	1886	1986	6000	5000	0	1	1	1	1	1
1	52	0	5	1000	308020	308021.972	308	915.975	3	5	1	2	4	35124	0	1000	1074	330	0	3	5	1	2	4	1334	1574	1838	2056	2238	6000	5000	1	1	1	1	1	1
1	53	1	5	1000	313020	313021.995	313	914.008	3	2	4	5	1	32451	0	1000	1154	310	0	3	2	4	5	1	1314	1570	1806	2022	2264	6000	5000	1	1	1	1	1	1
1	54	0	5	1000	318020	318021.978	318	914.011	1	3	2	5	4	13254	0	1000	1224	350	0	1	3	2	5	4	1354	1610	1864	2112	2376	6000	5000	1	1	1	1	1	1
1	55	1	5	1000	323020	323021.975	323	910	3	2	4	5	1	32451	0	1000	1240	332	0	3	2	4	5	1	1336	1562	1830	2078	2352	6000	5000	1	1	1	1	1	1
1	56	0	5	1000	328020	328021.977	328	908.005	3	2	4	5	1	32451	0	1000	1264	350	0	3	2	4	5	1	1354	1638	1900	2150	2404	6000	5000	1	1	1	1	1	1
1	57	0	5	1000	333020	333021.97	333	905.977	3	2	4	5	1	32451	0	1000	1212	326	0	3	2	4	5	1	1330	1586	1850	2096	2328	6000	5000	1	1	1	1	1	1
1	58	1	5	1000	338020	338021.973	338	905.98	1	4	5	2	3	14523	0	1000	1218	308	0	1	4	5	2	3	1312	1598	1848	2108	2374	6000	5000	1	1	1	1	1	1
1	59	1	5	1000	343020	343021.97	343	903.978	1	4	5	2	3	14523	0	1000	1312	342	0	1	4	5	2	3	1346	1640	1914	2182	2468	6000	5000	1	1	1	1	1	1
1	60	0	5	1000	348020	348021.974	348	902.002	3	2	4	5	1	32451	0	1000	1308	300	0	3	2	4	5	1	1304	1606	1948	2204	2452	6000	5000	1	1	1	1	1	1
1	61	1	5	1000	353020	353021.981	353	900.01	3	2	4	5	1	32451	0	1000	1242	372	0	3	2	4	5	1	1376	1622	1910	2190	2440	6000	5000	1	1	1	1	1	1
1	62	0	5	1000	358020	358021.989	358	898.014	3	5	1	2	4	35124	0	1000	1308	286	0	3	5	1	2	4	1290	1536	1816	2122	2402	6000	5000	1	1	1	1	1	1
1	63	1	5	1000	363020	363021.971	363	895.997	1	3	2	5	4	13254	0	1000	1306	312	0	1	3	2	5	4	1316	1586	1852	2106	2398	6000	5000	1	1	1	1	1	1
1	64	0	5	1000	368020	368021.967	368	893.997	3	2	4	5	1	32451	0	1000	1326	238	0	3	2	4	5	1	1242	1484	1762	2028	2316	6000	5000	1	1	1	1	1	1
1	65	0	5	1000	373020	373021.988	373	894.019	1	4	5	2	3	14523	0	1000	1246	426	0	1	4	5	2	3	1430	1720	1960	2234	2498	6000	5000	1	1	1	1	1	1
1	66	1	5	1000	378020	378021.971	378	891.986	3	5	1	2	4	35124	0	1000	1216	328	0	3	5	1	2	4	1332	1576	1860	2106	2344	6000	5000	1	1	1	1	1	1
1	67	1	5	1000	383020	383021.994	383	890.008	3	5	1	2	4	35124	0	1000	1248	306	0	3	5	1	2	4	1310	1552	1836	2080	2338	6000	5000	1	1	1	1	1	1
1	68	1	5	1000	388020	388021.968	388	887.998	1	3	2	5	4	13254	0	16000	1326	282	0	1	3	2	5	4	1286	1576	1834	2098	2382	6000	5000	1	1	1	1	1	1
2	1	0	5	1000	8020	8020.037	9	14.028	1	4	5	2	3	14523	0	1000	1126	464	0	1	4	5	2	3	1468	1700	1946	2192	2432	6000	5000	1	1	1	1	1	1
2	2	1	5	1000	13020	13020.016	14	12.004	1	3	2	5	4	13254	0	1000	1262	320	0	1	3	2	5	4	1324	1634	1908	2152	2382	6000	5000	1	1	1	1	1	1
2	3	1	5	1000	18020	18020.007	19	9.999	3	5	1	2	4	35124	0	1000	1280	364	0	3	5	1	2	4	1368	1640	1928	2216	2478	6000	5000	1	1	1	1	1	1
2	4	0	5	1000	23020	23020.011	24	9.996	3	2	4	5	1	32451	0	1000	1226	292	0	3	2	4	5	1	1296	1534	1812	2052	2304	6000	5000	1	1	1	1	1	1
2	5	0	5	1000	28020	28020.01	29	7.982	3	5	1	2	4	35124	0	1000	1150	244	0	3	5	1	2	4	1248	1482	1748	2012	2212	6000	5000	1	1	1	1	1	1
2	6	1	5	1000	33020	33020.013	34	5.999	1	3	2	5	4	13254	0	1000	1176	312	0	1	3	2	5	4	1316	1584	1848	2082	2314	6000	5000	1	1	1	1	1	1
2	7	0	5	1000	38020	38020.007	39	3.998	3	2	4	5	1	32451	0	1000	1184	182	0	3	2	4	5	1	1186	1434	1680	1934	2180	6000	5000	1	1	1	1	1	1
2	8	1	5	1000	43020	43020.008	44	2.001	3	2	4	5	1	32451	0	1000	1194	346	0	3	2	4	5	1	1350	1606	1840	2072	2324	6000	5000	1	1	1	1	1	1
2	9	0	5	1000	48020	48020.016	49	0	3	5	1	2	4	35124	0	1000	1376	334	0	3	5	1	2	4	1338	1614	1998	2288	2560	6000	5000	1	1	1	1	1	1
2	10	0	5	1000	53020	53022	54	0	3	5	1	2	4	35124	0	1000	1248	356	0	3	5	1	2	4	1360	1580	1866	2156	2414	6000	5000	1	1	1	1	1	1
2	11	1	5	1000	58020	58020.011	58	997.988	1	4	5	2	3	14523	0	1000	1242	324	0	1	4	5	2	3	1328	1600	1848	2144	2438	6000	5000	1	1	1	1	1	1
2	12	1	5	1000	63020	63020.024	63	996.015	3	5	1	2	4	35124	0	1000	1226	344	0	3	5	1	2	4	1348	1606	1886	2126	2364	6000	5000	1	1	1	1	1	1
2	13	1	5	1000	68020	68020.001	68	993.996	1	4	5	2	3	14523	0	1000	1256	424	0	1	4	5	2	3	1428	1692	1934	2204	2522	6000	5000	1	1	1	1	1	1
2	14	1	5	1000	73020	73020.009	73	992.001	1	4	5	2	3	14523	0	1000	1124	486	0	1	4	5	2	3	1490	1718	1952	2208	2442	6000	5000	1	1	1	1	1	1
2	15	0	5	1000	78020	78020.007	78	989.995	1	3	2	5	4	13254	0	1000	1192	390	0	1	3	2	5	4	1394	1656	1922	2138	2388	6000	5000	1	1	1	1	1	1
2	16	1	5	1000	83020	83020.008	83	987.999	1	4	5	2	3	14523	0	1000	1198	548	0	1	4	5	2	3	1552	1840	2066	2326	2584	6000	5000	1	1	1	1	1	1
2	17	1	5	1000	88020	88021.998	88	989.992	3	2	4	5	1	32451	0	16000	1270	354	0	3	2	4	5	1	1358	1630	1884	2124	2400	6000	5000	1	1	1	1	1	1
2	18	1	5	1000	108020	108022.01	108	983.946	3	2	4	5	1	32451	0	1000	1180	380	0	3	2	4	5	1	1384	1652	1902	2144	2372	6000	5000	1	1	1	1	1	1
2	19	1	5	1000	113020	113020.011	113	978.005	1	3	2	5	4	13254	0	1000	1142	366	0	1	3	2	5	4	1370	1622	1868	2088	2330	6000	5000	1	1	1	1	1	1
2	20	0	5	1000	118020	118020.007	118	975.904	1	3	2	5	4	13254	0	1000	1122	236	0	1	3	2	5	4	1240	1508	1760	1976	2212	6000	5000	1	1	1	1	1	1
2	21	1	5	1000	123020	123020.017	123	976.019	3	5	1	2	4	35124	0	1000	1096	428	0	3	5	1	2	4	1432	1648	1922	2148	2372	6000	5000	1	1	1	1	1	1
2	22	0	5	1000	128020	128020.01	128	973.985	1	3	2	5	4	13254	0	1000	1070	378	0	1	3	2	5	4	1382	1604	1828	2018	2252	6000	5000	1	1	1	1	1	1
2	23	0	5	1000	133020	133022.03	133	974.025	1	4	5	2	3	14523	0	1000	1084	320	0	1	4	5	2	3	1324	1568	1780	2022	2272	6000	5000	1	1	1	1	1	1
2	24	0	5	1000	138020	138020.008	138	970.001	3	5	1	2	4	35124	0	1000	1124	300	0	3	5	1	2	4	1304	1546	1792	2034	2236	6000	5000	1	1	1	1	1	1
2	25	0	5	1000	143020	143020.027	143	968.018	1	4	5	2	3	14523	0	1000	1102	380	0	1	4	5	2	3	1384	1604	1812	2068	2352	6000	5000	1	1	1	1	1	1
2	26	1	5	1000	148020	148020.007	148	966.008	3	5	1	2	4	35124	0	1000	1092	344	0	3	5	1	2	4	1348	1580	1842	2086	2274	6000	5000	1	1	1	1	1	1
2	27	0	5	1000	153020	153020.007	153	963.997	3	5	1	2	4	35124	0	1000	1056	362	0	3	5	1	2	4	1366	1560	1826	2058	2246	6000	5000	1	1	1	1	1	1
2	28	1	5	1000	158020	158020.002	158	963.992	3	2	4	5	1	32451	0	1000	1176	392	0	3	2	4	5	1	1396	1644	1900	2120	2374	6000	5000	1	1	1	1	1	1
2	29	1	5	1000	163020	163020.01	163	962.001	3	5	1	2	4	35124	0	1000	1094	560	0	3	5	1	2	4	1564	1820	2048	2292	2500	6000	5000	1	1	1	1	1	1
2	30	1	5	1000	168020	168020.046	168	960.046	1	3	2	5	4	13254	0	1000	1232	370	0	1	3	2	5	4	1374	1664	1888	2176	2410	6000	5000	1	1	1	1	1	1
2	31	0	5	1000	173020	173020.01	173	958.023	3	5	1	2	4	35124	0	1000	1078	296	0	3	5	1	2	4	1300	1544	1796	2020	2240	6000	5000	1	1	1	1	1	1
2	32	0	5	1000	178020	178020.01	178	956.01	1	3	2	5	4	13254	0	1000	1216	328	0	1	3	2	5	4	1332	1576	1822	2086	2338	6000	5000	1	1	1	1	1	1
2	33	0	5	1000	183020	183020.007	183	953.998	3	5	1	2	4	35124	0	1000	1088	366	0	3	5	1	2	4	1370	1584	1862	2084	2300	6000	5000	1	1	1	1	1	1
2	34	0	5	1000	188020	188020.01	188	952.004	3	2	4	5	1	32451	0	16000	1130	352	0	3	2	4	5	1	1356	1582	1836	2038	2290	6000	5000	1	1	1	1	1	1
2	35	0	5	1000	208020	208020.007	208	946	3	2	4	5	1	32451	0	1000	1234	396	0	3	2	4	5	1	1400	1650	1904	2152	2436	6000	5000	1	1	1	1	1	1
2	36	0	5	1000	213020	213020.012	213	944.011	3	2	4	5	1	32451	0	1000	1280	454	0	3	2	4	5	1	1458	1710	1986	2220	2506	6000	5000	1	1	1	1	1	1
2	37	0	5	1000	218020	218020.003	218	941.997	1	4	5	2	3	14523	0	1000	1232	300	0	1	4	5	2	3	1304	1584	1840	2120	2372	6000	5000	1	1	1	1	1	1
2	38	0	5	1000	223020	223020.007	223	940.009	1	3	2	5	4	13254	0	1000	1248	284	0	1	3	2	5	4	1288	1552	1808	2104	2350	6000	5000	1	1	1	1	1	1
2	39	1	5	1000	228020	228021.998	228	942	1	3	2	5	4	13254	0	1000	1158	348	0	1	3	2	5	4	1352	1620	1858	2076	2314	6000	5000	1	1	1	1	1	1
2	40	1	5	1000	233020	233022.001	233	939.989	1	3	2	5	4	13254	0	1000	1226	400	0	1	3	2	5	4	1404	1656	1930	2158	2422	6000	5000	1	1	1	1	1	1
2	41	0	5	1000	238020	238022.002	238	938.002	1	4	5	2	3	14523	0	1000	1196	350	0	1	4	5	2	3	1354	1630	1864	2142	2406	6000	5000	1	1	1	1	1	1
2	42	0	5	1000	243020	243022.001	243	935.979	1	4	5	2	3	14523	0	1000	1106	1010	0	1	4	5	2	3	2014	2230	2504	2748	2982	6000	5000	1	1	1	1	1	1
2	43	1	5	1000	248020	248021.982	248	934.002	3	2	4	5	1	32451	0	1000	1230	346	0	3	2	4	5	1	1350	1588	1822	2092	2368	6000	5000	1	1	1	1	1	1
2	44	0	5	1000	253020	253021.977	253	933.996	3	2	4	5	1	32451	0	1000	1188	398	0	3	2	4	5	1	1402	1672	1928	2178	2414	6000	5000	1	1	1	1	1	1
2	45	1	5	1000	258020	258021.983	258	930.003	1	3	2	5	4	13254	0	1000	1104	334	0	1	3	2	5	4	1338	1586	1812	2064	2276	6000	5000	1	1	1	1	1	1
2	46	1	5	1000	263020	263021.981	263	930.001	3	2	4	5	1	32451	0	1000	1576	360	0	3	2	4	5	1	1364	1578	1862	2092	2338	6000	5000	1	1	1	1	1	1
2	47	0	5	1000	268020	268021.98	268	927.998	1	3	2	5	4	13254	0	1000	1146	318	0	1	3	2	5	4	1322	1604	1838	2072	2290	6000	5000	1	1	1	1	1	1
2	48	0	5	1000	273020	273021.98	273	926.002	1	3	2	5	4	13254	0	1000	1108	348	0	1	3	2	5	4	1352	1614	1850	2058	2312	6000	5000	1	1	1	1	1	1
2	49	0	5	1000	278020	278021.979	278	923.996	3	2	4	5	1	32451	0	1000	1166	412	0	3	2	4	5	1	1416	1670	1926	2126	2350	6000	5000	1	1	1	1	1	1
2	50	0	5	1000	283020	283021.977	283	921.994	1	3	2	5	4	13254	0	1000	1226	338	0	1	3	2	5	4	1342	1606	1876	2102	2396	6000	5000	1	1	1	1	1	1
2	51	1	5	1000	288020	288021.984	288	920.005	3	2	4	5	1	32451	0	16000	1188	512	0	3	2	4	5	1	1516	1754	2072	2286	2580	6000	5000	1	1	1	1	1	1
2	52	1	5	1000	308020	308021.984	308	913.989	3	2	4	5	1	32451	0	1000	1138	340	0	3	2	4	5	1	1344	1578	1834	2034	2294	6000	5000	1	1	1	1	1	1
2	53	1	5	1000	313020	313022.004	313	912.022	3	2	4	5	1	32451	0	1000	1422	474	0	3	2	4	5	1	1478	1730	2048	2432	2750	6000	5000	1	1	1	1	1	1
2	54	1	5	1000	318020	318020.008	318	908.029	1	4	5	2	3	14523	0	1000	1126	414	0	1	4	5	2	3	1418	1664	1876	2134	2386	6000	5000	1	1	1	1	1	1
2	55	0	5	1000	323020	323021.991	323	907.994	3	2	4	5	1	32451	0	1000	0	0	0	0	0	0	0	0	0	0	0	0	0	6000	5000	0	1	1	1	1	1
2	56	1	5	1000	328020	328021.997	328	906.018	1	4	5	2	3	14523	0	1000	1040	402	0	1	4	5	2	3	1406	1658	1870	2108	2310	6000	5000	1	1	1	1	1	1
2	57	1	5	1000	333020	333021.979	333	905.982	1	3	2	5	4	13254	0	1000	1102	308	0	1	3	2	5	4	1312	1580	1820	2016	2248	6000	5000	1	1	1	1	1	1
2	58	1	5	1000	338020	338021.998	338	903.999	1	4	5	2	3	14523	0	1000	1068	306	0	1	4	5	2	3	1310	1550	1774	2000	2238	6000	5000	1	1	1	1	1	1
2	59	0	5	1000	343020	343020.01	343	900.01	1	4	5	2	3	14523	0	1000	1266	406	0	1	4	5	2	3	1410	1680	2024	2300	2556	6000	5000	1	1	1	1	1	1
2	60	1	5	1000	348020	348021.997	348	899.988	1	4	5	2	3	14523	0	1000	1110	308	0	1	4	5	2	3	1312	1538	1770	1996	2276	6000	5000	1	1	1	1	1	1
2	61	0	5	1000	353020	353020.01	353	896.01	3	5	1	2	4	35124	0	1000	1076	270	1	3	5	1	5	2	1274	1520	1754	1836	1980	6000	5000	0	1	1	1	1	1
2	62	1	5	1000	358020	358021.997	358	895.996	3	5	1	2	4	35124	0	1000	1058	272	0	3	5	1	2	4	1276	1510	1760	2000	2184	6000	5000	1	1	1	1	1	1
2	63	0	5	1000	363020	363020.007	363	892.012	1	4	5	2	3	14523	0	1000	1242	328	0	1	4	5	2	3	1332	1674	1944	2220	2424	6000	5000	1	1	1	1	1	1
2	64	0	5	1000	368020	368021.996	368	894.001	3	2	4	5	1	32451	0	1000	1232	338	0	3	2	4	5	1	1342	1602	1848	2080	2354	6000	5000	1	1	1	1	1	1
2	65	1	5	1000	373020	373022	373	892.003	3	5	1	2	4	35124	0	1000	1266	320	0	3	5	1	2	4	1324	1564	1844	2154	2390	6000	5000	1	1	1	1	1	1
2	66	1	5	1000	378020	378020.005	378	888.011	3	5	1	2	4	35124	0	1000	1418	272	0	3	5	1	2	4	1276	1596	1892	2216	2488	6000	5000	1	1	1	1	1	1
2	67	1	5	1000	383020	383021.995	383	887.986	3	2	4	5	1	32451	0	1000	1276	224	0	3	2	4	5	1	1228	1494	1774	2004	2256	6000	5000	1	1	1	1	1	1
2	68	0	5	1000	388020	388021.997	388	885.995	1	4	5	2	3	14523	0	16000	1294	272	0	1	4	5	2	3	1276	1564	1830	2118	2400	6000	5000	1	1	1	1	1	1
3	1	0	5	1000	8020	8021.995	9	15.996	3	5	1	2	4	35124	0	1000	1162	362	0	3	5	1	2	4	1366	1644	1910	2154	2358	6000	5000	1	1	1	1	1	1
3	2	0	5	1000	13020	13021.999	14	13.984	1	4	5	2	3	14523	0	1000	1242	250	0	1	4	5	2	3	1254	1538	1798	2068	2326	6000	5000	1	1	1	1	1	1
3	3	1	5	1000	18020	18020.002	19	11.985	1	4	5	2	3	14523	0	1000	1302	252	0	1	4	5	2	3	1256	1550	1832	2112	2394	6000	5000	1	1	1	1	1	1
3	4	0	5	1000	23020	23020.007	24	10.009	1	3	2	5	4	13254	0	1000	1284	174	0	1	3	2	5	4	1178	1454	1742	2008	2236	6000	5000	1	1	1	1	1	1
3	5	0	5	1000	28020	28021.996	29	9.998	3	2	4	5	1	32451	0	1000	1240	324	0	3	2	4	5	1	1328	1586	1858	2112	2396	6000	5000	1	1	1	1	1	1
3	6	1	5	1000	33020	33021.999	34	7.998	3	2	4	5	1	32451	0	1000	1550	310	0	3	2	4	5	1	1314	1660	2010	2346	2632	6000	5000	1	1	1	1	1	1
3	7	0	5	1000	38020	38021.999	39	8.001	3	2	4	5	1	32451	0	1000	1342	250	0	3	2	4	5	1	1254	1500	1756	2044	2342	6000	5000	1	1	1	1	1	1
3	8	1	5	1000	43020	43020.001	44	2.002	1	3	2	5	4	13254	0	1000	1336	298	0	1	3	2	5	4	1302	1596	1846	2110	2412	6000	5000	1	1	1	1	1	1
3	9	1	5	1000	48020	48021.99	49	2.001	3	5	1	2	4	35124	0	1000	1270	332	0	3	5	1	2	4	1336	1646	1910	2204	2426	6000	5000	1	1	1	1	1	1
3	10	1	5	1000	53020	53021.985	54	1.998	1	4	5	2	3	14523	0	1000	1372	278	0	1	4	5	2	3	1282	1588	1858	2160	2472	6000	5000	1	1	1	1	1	1
3	11	1	5	1000	58020	58021.999	59	0	3	2	4	5	1	32451	0	1000	1512	220	0	3	2	4	5	1	1224	1530	1870	2220	2510	6000	5000	1	1	1	1	1	1
3	12	1	5	1000	63020	63020.021	63	996.032	1	4	5	2	3	14523	0	1000	1606	310	0	1	4	5	2	3	1314	1686	2024	2394	2746	6000	5000	1	1	1	1	1	1
3	13	1	5	1000	68020	68021.997	68	998.01	1	3	2	5	4	13254	0	1000	1626	332	0	1	3	2	5	4	1336	1694	2032	2412	2764	6000	5000	1	1	1	1	1	1
3	14	0	5	1000	73020	73021.999	73	994	1	4	5	2	3	14523	0	1000	1610	392	0	1	4	5	2	3	1396	1726	2060	2436	2828	6000	5000	1	1	1	1	1	1
3	15	1	5	1000	78020	78022.005	78	992.008	3	5	1	2	4	35124	0	1000	1476	734	0	3	5	1	2	4	1738	2066	2374	2726	3042	6000	5000	1	1	1	1	1	1
3	16	0	5	1000	83020	83021.989	83	991.993	1	4	5	2	3	14523	0	1000	1466	290	0	1	4	5	2	3	1294	1616	1940	2256	2588	6000	5000	1	1	1	1	1	1
3	17	0	5	1000	88020	88020.014	88	988.018	3	5	1	2	4	35124	0	16000	1396	354	0	3	5	1	2	4	1358	1672	1964	2286	2590	6000	5000	1	1	1	1	1	1
3	18	0	5	1000	108020	108021.997	108	982.008	3	5	1	2	4	35124	0	1000	1432	342	0	3	5	1	2	4	1346	1670	1972	2300	2602	6000	5000	1	1	1	1	1	1
3	19	0	5	1000	113020	113021.985	113	979.985	3	5	1	2	4	35124	0	1000	1546	362	0	3	5	1	2	4	1366	1690	1998	2376	2702	6000	5000	1	1	1	1	1	1
3	20	0	5	1000	118020	118021.997	118	980.005	3	2	4	5	1	32451	0	1000	1506	392	0	3	2	4	5	1	1396	1688	2010	2308	2630	6000	5000	1	1	1	1	1	1
3	21	0	5	1000	123020	123021.996	123	978.011	1	4	5	2	3	14523	0	1000	1518	274	0	1	4	5	2	3	1278	1596	1926	2250	2614	6000	5000	1	1	1	1	1	1
3	22	1	5	1000	128020	128021.996	128	975.995	3	2	4	5	1	32451	0	1000	1460	378	0	3	2	4	5	1	1382	1656	2002	2314	2590	6000	5000	1	1	1	1	1	1
3	23	1	5	1000	133020	133022	133	974.005	3	2	4	5	1	32451	0	1000	1474	354	0	3	2	4	5	1	1358	1636	1990	2284	2588	6000	5000	1	1	1	1	1	1
3	24	0	5	1000	138020	138022.011	138	972.013	3	5	1	2	4	35124	0	1000	1440	332	0	3	5	1	2	4	1336	1664	1998	2314	2568	6000	5000	1	1	1	1	1	1
3	25	1	5	1000	143020	143021.998	143	970	1	3	2	5	4	13254	0	1000	1374	336	0	1	3	2	5	4	1340	1640	1914	2214	2496	6000	5000	1	1	1	1	1	1
3	26	0	5	1000	148020	148021.998	148	968.002	1	3	2	5	4	13254	0	1000	1316	542	0	1	3	2	5	4	1546	1840	2104	2376	2674	6000	5000	1	1	1	1	1	1
3	27	0	5	1000	153020	153020.008	153	966.012	1	3	2	5	4	13254	0	1000	1388	396	0	1	3	2	5	4	1400	1670	1964	2248	2544	6000	5000	1	1	1	1	1	1
3	28	1	5	1000	158020	158020	158	964.004	1	3	2	5	4	13254	0	1000	1342	382	0	1	3	2	5	4	1386	1668	1938	2216	2506	6000	5000	1	1	1	1	1	1
3	29	1	5	1000	163020	163021.996	163	963.998	1	4	5	2	3	14523	0	1000	1326	460	0	1	4	5	2	3	1464	1766	2020	2282	2624	6000	5000	1	1	1	1	1	1
3	30	0	5	1000	168020	168021.999	168	961.99	3	2	4	5	1	32451	0	1000	1326	418	0	3	2	4	5	1	1422	1684	1964	2226	2480	6000	5000	1	1	1	1	1	1
3	31	0	5	1000	173020	173021.999	173	961.986	1	3	2	5	4	13254	0	1000	1360	170	0	1	3	2	5	4	1174	1464	1742	2066	2326	6000	5000	1	1	1	1	1	1
3	32	1	5	1000	178020	178021.999	178	958.002	3	5	1	2	4	35124	0	1000	1294	366	0	3	5	1	2	4	1370	1666	1904	2186	2452	6000	5000	1	1	1	1	1	1
3	33	1	5	1000	183020	183021.999	183	956	3	5	1	2	4	35124	0	1000	1286	490	0	3	5	1	2	4	1494	1764	2046	2332	2606	6000	5000	1	1	1	1	1	1
3	34	1	5	1000	188020	188022.026	188	954.001	3	2	4	5	1	32451	0	16000	1382	372	0	3	2	4	5	1	1376	1660	1972	2234	2504	6000	5000	1	1	1	1	1	1
3	35	1	5	1000	208020	208021.995	208	947.997	3	2	4	5	1	32451	0	1000	1348	334	0	3	2	4	5	1	1338	1628	1918	2164	2430	6000	5000	1	1	1	1	1	1
3	36	0	5	1000	213020	213021.999	213	945.999	1	3	2	5	4	13254	0	1000	1270	356	0	1	3	2	5	4	1360	1628	1892	2154	2432	6000	5000	1	1	1	1	1	1
3	37	1	5	1000	218020	218022.033	218	944.012	1	4	5	2	3	14523	0	1000	1198	366	0	1	4	5	2	3	1370	1642	1864	2138	2406	6000	5000	1	1	1	1	1	1
3	38	1	5	1000	223020	223022.011	223	942.013	1	4	5	2	3	14523	0	1000	1350	390	0	1	4	5	2	3	1394	1676	1924	2238	2628	6000	5000	1	1	1	1	1	1
3	39	0	5	1000	228020	228021.985	228	941.999	1	4	5	2	3	14523	0	1000	1214	446	0	1	4	5	2	3	1450	1728	1986	2246	2512	6000	5000	1	1	1	1	1	1
3	40	0	5	1000	233020	233022.035	233	940.037	3	2	4	5	1	32451	0	1000	1338	420	0	3	2	4	5	1	1424	1728	1980	2228	2484	6000	5000	1	1	1	1	1	1
3	41	0	5	1000	238020	238020.017	238	936.015	3	2	4	5	1	32451	0	1000	1302	398	0	3	2	4	5	1	1402	1704	1956	2202	2470	6000	5000	1	1	1	1	1	1
3	42	1	5	1000	243020	243021.991	243	936.004	3	5	1	2	4	35124	0	1000	1304	368	0	3	5	1	2	4	1372	1644	1918	2202	2496	6000	5000	1	1	1	1	1	1
3	43	1	5	1000	248020	248020	248	932.005	1	3	2	5	4	13254	0	1000	1356	334	0	1	3	2	5	4	1338	1608	1874	2192	2504	6000	5000	1	1	1	1	1	1
3	44	1	5	1000	253020	253021.989	253	931.999	3	2	4	5	1	32451	0	1000	1280	238	0	3	2	4	5	1	1242	1516	1800	2052	2310	6000	5000	1	1	1	1	1	1
3	45	1	5	1000	258020	258021.977	258	929.991	3	5	1	2	4	35124	0	1000	1282	388	0	3	5	1	2	4	1392	1634	1914	2200	2496	6000	5000	1	1	1	1	1	1
3	46	0	5	1000	263020	263021.987	263	929.97	3	5	1	2	4	35124	0	1000	1312	400	0	3	5	1	2	4	1404	1680	1936	2226	2522	6000	5000	1	1	1	1	1	1
3	47	1	5	1000	268020	268022.002	268	928.005	3	2	4	5	1	32451	0	1000	1334	276	0	3	2	4	5	1	1280	1546	1848	2086	2376	6000	5000	1	1	1	1	1	1
3	48	0	5	1000	273020	273022.008	273	926.024	1	4	5	2	3	14523	0	1000	1404	336	0	1	4	5	2	3	1340	1642	1922	2210	2520	6000	5000	1	1	1	1	1	1
3	49	0	5	1000	278020	278020.008	278	922.009	1	3	2	5	4	13254	0	1000	1332	294	0	1	3	2	5	4	1298	1588	1872	2140	2446	6000	5000	1	1	1	1	1	1
3	50	1	5	1000	283020	283020.002	283	920.017	3	2	4	5	1	32451	0	1000	1258	502	0	3	2	4	5	1	1506	1758	2050	2280	2546	6000	5000	1	1	1	1	1	1
3	51	1	5	1000	288020	288020	288	920.002	1	3	2	5	4	13254	0	16000	1248	420	0	1	3	2	5	4	1424	1686	1948	2234	2490	6000	5000	1	1	1	1	1	1
3	52	1	5	1000	308020	308022.016	308	914.029	1	3	2	5	4	13254	0	1000	1280	418	0	1	3	2	5	4	1422	1722	1996	2262	2536	6000	5000	1	1	1	1	1	1
3	53	0	5	1000	313020	313021.983	313	911.995	3	2	4	5	1	32451	0	1000	1202	950	0	3	2	4	5	1	1954	2238	2502	2748	2980	6000	5000	1	1	1	1	1	1
3	54	1	5	1000	318020	318021.991	318	909.99	1	4	5	2	3	14523	0	1000	1234	448	0	1	4	5	2	3	1452	1720	1992	2260	2542	6000	5000	1	1	1	1	1	1
3	55	0	5	1000	323020	323021.985	323	909.998	3	5	1	2	4	35124	0	1000	1278	332	0	3	5	1	2	4	1336	1630	1884	2176	2458	6000	5000	1	1	1	1	1	1
3	56	1	5	1000	328020	328021.993	328	905.993	3	5	1	2	4	35124	0	1000	1194	424	0	3	5	1	2	4	1428	1682	1952	2216	2430	6000	5000	1	1	1	1	1	1
3	57	0	5	1000	333020	333022.014	333	906.025	1	3	2	5	4	13254	0	1000	1210	478	0	1	3	2	5	4	1482	1748	2018	2256	2504	6000	5000	1	1	1	1	1	1
3	58	0	5	1000	338020	338022.006	338	903.996	3	5	1	2	4	35124	0	1000	1164	360	0	3	5	1	2	4	1364	1630	1890	2136	2356	6000	5000	1	1	1	1	1	1
3	59	1	5	1000	343020	343021.989	343	901.995	1	4	5	2	3	14523	0	1000	1212	438	0	1	4	5	2	3	1442	1706	1954	2216	2506	6000	5000	1	1	1	1	1	1
3	60	1	5	1000	348020	348021.987	348	899.959	3	5	1	2	4	35124	0	1000	0	0	0	0	0	0	0	0	0	0	0	0	0	6000	5000	0	1	1	1	1	1
3	61	0	5	1000	353020	353021.987	353	897.988	3	2	4	5	1	32451	0	1000	1274	322	0	3	2	4	5	1	1326	1586	1832	2098	2390	6000	5000	1	1	1	1	1	1
3	62	0	5	1000	358020	358021.996	358	895.998	3	5	1	2	4	35124	0	1000	1426	370	0	3	5	1	2	4	1374	1682	1978	2312	2620	6000	5000	1	1	1	1	1	1
3	63	0	5	1000	363020	363021.988	363	893.992	1	3	2	5	4	13254	0	1000	1346	394	0	1	3	2	5	4	1398	1708	1992	2274	2560	6000	5000	1	1	1	1	1	1
3	64	0	5	1000	368020	368020.002	368	892.002	1	4	5	2	3	14523	0	1000	1328	350	0	1	4	5	2	3	1354	1636	1908	2218	2518	6000	5000	1	1	1	1	1	1
3	65	0	5	1000	373020	373021.985	373	891.99	1	4	5	2	3	14523	0	1000	1240	322	0	1	4	5	2	3	1326	1618	1894	2158	2430	6000	5000	1	1	1	1	1	1
3	66	1	5	1000	378020	378021.998	378	889.999	1	3	2	5	4	13254	0	1000	1270	490	0	1	3	2	5	4	1494	1780	2028	2296	2538	6000	5000	1	1	1	1	1	1
3	67	1	5	1000	383020	383021.999	383	888.005	1	3	2	5	4	13254	0	1000	1256	384	0	1	3	2	5	4	1388	1652	1902	2152	2422	6000	5000	1	1	1	1	1	1
3	68	0	5	1000	388020	388021.987	388	886.003	3	5	1	2	4	35124	0	16000	1250	452	0	3	5	1	2	4	1456	1710	1986	2272	2514	6000	5000	1	1	1	1	1	1
4	1	1	5	1000	8020	8020.015	9	16.012	3	5	1	2	4	35124	0	1000	1342	482	0	3	5	1	2	4	1486	1800	2092	2386	2648	6000	5000	1	1	1	1	1	1
4	2	1	5	1000	13020	13020.012	14	14.002	1	4	5	2	3	14523	0	1000	1268	344	0	1	4	5	2	3	1348	1642	1908	2174	2436	6000	5000	1	1	1	1	1	1
4	3	1	5	1000	18020	18020.001	19	13.987	3	2	4	5	1	32451	0	1000	1310	420	0	3	2	4	5	1	1424	1710	1968	2230	2492	6000	5000	1	1	1	1	1	1
4	4	0	5	1000	23020	23020.104	24	10.093	3	5	1	2	4	35124	0	1000	1288	694	0	3	5	1	2	4	1698	1964	2216	2540	2810	6000	5000	1	1	1	1	1	1
4	5	1	5	1000	28020	28020.001	29	7.978	1	4	5	2	3	14523	0	1000	1216	320	0	1	4	5	2	3	1324	1568	1842	2130	2400	6000	5000	1	1	1	1	1	1
4	6	1	5	1000	33020	33020.011	34	5.999	3	5	1	2	4	35124	0	1000	1230	316	0	3	5	1	2	4	1320	1566	1836	2108	2374	6000	5000	1	1	1	1	1	1
4	7	0	5	1000	38020	38020.044	39	6.034	3	2	4	5	1	32451	0	1000	1306	366	0	3	2	4	5	1	1370	1636	1928	2166	2446	6000	5000	1	1	1	1	1	1
4	8	1	5	1000	43020	43020.044	44	4.031	3	2	4	5	1	32451	0	1000	1300	540	0	3	2	4	5	1	1544	1802	2072	2318	2608	6000	5000	1	1	1	1	1	1
4	9	1	5	1000	48020	48020.009	49	1.999	3	2	4	5	1	32451	0	1000	1338	404	0	3	2	4	5	1	1408	1678	1960	2242	2530	6000	5000	1	1	1	1	1	1
4	10	1	5	1000	53020	53020.012	54	0	1	4	5	2	3	14523	0	1000	1200	434	0	1	4	5	2	3	1438	1710	1958	2206	2458	6000	5000	1	1	1	1	1	1
4	11	0	5	1000	58020	58020.012	58	997.998	3	2	4	5	1	32451	0	1000	1354	330	0	3	2	4	5	1	1334	1628	1928	2162	2452	6000	5000	1	1	1	1	1	1
4	12	1	5	1000	63020	63020.012	63	998.002	1	4	5	2	3	14523	0	1000	1260	384	0	1	4	5	2	3	1388	1684	1940	2228	2516	6000	5000	1	1	1	1	1	1
4	13	1	5	1000	68020	68020.002	68	996.009	1	4	5	2	3	14523	0	1000	1316	350	0	1	4	5	2	3	1354	1630	1886	2164	2474	6000	5000	1	1	1	1	1	1
4	14	0	5	1000	73020	73020.013	73	994.001	1	3	2	5	4	13254	0	1000	1292	386	0	1	3	2	5	4	1390	1656	1934	2216	2468	6000	5000	1	1	1	1	1	1
4	15	0	5	1000	78020	78020.013	78	991.999	3	2	4	5	1	32451	0	1000	1258	494	0	3	2	4	5	1	1498	1768	2052	2272	2528	6000	5000	1	1	1	1	1	1
4	16	1	5	1000	83020	83020.001	83	989.988	1	3	2	5	4	13254	0	1000	1352	458	0	1	3	2	5	4	1462	1716	1984	2282	2570	6000	5000	1	1	1	1	1	1
4	17	0	5	1000	88020	88020.013	88	987.982	1	4	5	2	3	14523	0	16000	1212	344	0	1	4	5	2	3	1348	1606	1862	2144	2412	6000	5000	1	1	1	1	1	1
4	18	0	5	1000	108020	108020.012	108	981.998	1	4	5	2	3	14523	0	1000	1180	946	0	1	4	5	2	3	1950	2206	2474	2714	2972	6000	5000	1	1	1	1	1	1
4	19	1	5	1000	113020	113020.012	113	979.998	3	2	4	5	1	32451	0	1000	1372	344	0	3	2	4	5	1	1348	1634	1934	2210	2506	6000	5000	1	1	1	1	1	1
4	20	1	5	1000	118020	118020.013	118	978.003	1	3	2	5	4	13254	0	1000	1308	312	0	1	3	2	5	4	1316	1612	1888	2152	2422	6000	5000	1	1	1	1	1	1
4	21	0	5	1000	123020	123020.024	123	976.018	3	5	1	2	4	35124	0	1000	1282	350	0	3	5	1	2	4	1354	1630	1912	2198	2464	6000	5000	1	1	1	1	1	1
4	22	1	5	1000	128020	128020.015	128	974	3	5	1	2	4	35124	0	1000	1224	414	0	3	5	1	2	4	1418	1674	1936	2202	2460	6000	5000	1	1	1	1	1	1
4	23	1	5	1000	133020	133020.01	133	971.986	1	3	2	5	4	13254	0	1000	1338	406	0	1	3	2	5	4	1410	1710	1980	2268	2540	6000	5000	1	1	1	1	1	1
4	24	1	5	1000	138020	138022.001	138	973.906	3	2	4	5	1	32451	0	1000	1350	170	0	3	2	4	5	1	1174	1462	1736	2010	2262	6000	5000	1	1	1	1	1	1
4	25	0	5	1000	143020	143020.024	143	970.023	1	4	5	2	3	14523	0	1000	1262	394	0	1	4	5	2	3	1398	1700	1970	2246	2498	6000	5000	1	1	1	1	1	1
4	26	0	5	1000	148020	148020.011	148	967.998	1	4	5	2	3	14523	0	1000	1196	432	0	1	4	5	2	3	1436	1716	1980	2238	2474	6000	5000	1	1	1	1	1	1
4	27	0	5	1000	153020	153020.009	153	965.998	3	2	4	5	1	32451	0	1000	1232	364	0	3	2	4	5	1	1368	1616	1864	2112	2374	6000	5000	1	1	1	1	1	1
4	28	0	5	1000	158020	158020.024	158	964.008	3	2	4	5	1	32451	0	1000	1248	382	0	3	2	4	5	1	1386	1646	1900	2154	2418	6000	5000	1	1	1	1	1	1
4	29	0	5	1000	163020	163020.027	163	962.012	1	3	2	5	4	13254	0	1000	1242	816	0	1	3	2	5	4	1820	2102	2366	2612	2852	6000	5000	1	1	1	1	1	1
4	30	0	5	1000	168020	168020.013	168	959.984	1	3	2	5	4	13254	0	1000	1240	424	0	1	3	2	5	4	1428	1702	1976	2212	2492	6000	5000	1	1	1	1	1	1
4	31	1	5	1000	173020	173020.093	173	960.072	1	4	5	2	3	14523	0	1000	1258	484	0	1	4	5	2	3	1488	1762	2034	2306	2602	6000	5000	1	1	1	1	1	1
4	32	1	5	1000	178020	178020.013	178	957.97	1	3	2	5	4	13254	0	1000	1334	646	0	1	3	2	5	4	1650	1900	2182	2438	2762	6000	5000	1	1	1	1	1	1
4	33	1	5	1000	183020	183020.013	183	956	1	4	5	2	3	14523	0	1000	1342	358	0	1	4	5	2	3	1362	1652	1924	2228	2536	6000	5000	1	1	1	1	1	1
4	34	0	5	1000	188020	188020.035	188	954.035	1	4	5	2	3	14523	0	16000	1588	884	1	2	1	5	2	3	1888	1942	2650	3128	3340	6000	5000	0	1	1	1	1	1
4	35	0	5	1000	208020	208020.013	208	948.009	1	4	5	2	3	14523	0	1000	1408	700	0	1	4	5	2	3	1704	2054	2356	2660	2928	6000	5000	1	1	1	1	1	1
4	36	0	5	1000	213020	213022	213	947.987	1	3	2	5	4	13254	0	1000	1310	374	0	1	3	2	5	4	1378	1658	1944	2242	2526	6000	5000	1	1	1	1	1	1
4	37	1	5	1000	218020	218020.01	218	944.012	1	3	2	5	4	13254	0	1000	1388	350	0	1	3	2	5	4	1354	1664	1948	2234	2574	6000	5000	1	1	1	1	1	1
4	38	1	5	1000	223020	223020.001	223	941.989	3	5	1	2	4	35124	0	1000	1238	392	0	3	5	1	2	4	1396	1666	1918	2180	2476	6000	5000	1	1	1	1	1	1
4	39	1	5	1000	228020	228020.052	228	940.048	3	2	4	5	1	32451	0	1000	1174	368	0	3	2	4	5	1	1372	1608	1884	2104	2348	6000	5000	1	1	1	1	1	1
4	40	0	5	1000	233020	233020.001	233	938	1	3	2	5	4	13254	0	1000	1222	378	0	1	3	2	5	4	1382	1644	1890	2172	2434	6000	5000	1	1	1	1	1	1
4	41	1	5	1000	238020	238021.999	238	938.005	3	2	4	5	1	32451	0	1000	1156	526	0	3	2	4	5	1	1530	1754	2024	2232	2456	6000	5000	1	1	1	1	1	1
4	42	0	5	1000	243020	243022.002	243	938	3	2	4	5	1	32451	0	1000	1186	476	0	3	2	4	5	1	1480	1744	1988	2212	2464	6000	5000	1	1	1	1	1	1
4	43	0	5	1000	248020	248020.001	248	934.022	1	4	5	2	3	14523	0	1000	1122	352	0	1	4	5	2	3	1356	1626	1862	2122	2350	6000	5000	1	1	1	1	1	1
4	44	1	5	1000	253020	253020.024	253	932.013	1	4	5	2	3	14523	0	1000	1112	512	0	1	4	5	2	3	1516	1766	2002	2250	2490	6000	5000	1	1	1	1	1	1
4	45	0	5	1000	258020	258020.005	258	930.002	3	5	1	2	4	35124	0	1000	1116	352	0	3	5	1	2	4	1356	1594	1838	2108	2308	6000	5000	1	1	1	1	1	1
4	46	1	5	1000	263020	263020.001	263	927.991	3	2	4	5	1	32451	0	1000	1112	402	0	3	2	4	5	1	1406	1648	1882	2068	2316	6000	5000	1	1	1	1	1	1
4	47	1	5	1000	268020	268020.012	268	926	3	5	1	2	4	35124	0	1000	1146	412	0	3	5	1	2	4	1416	1658	1890	2190	2400	6000	5000	1	1	1	1	1	1
4	48	1	5	1000	273020	273020.033	273	926.023	3	5	1	2	4	35124	0	1000	1138	384	0	3	5	1	2	4	1388	1630	1882	2132	2336	6000	5000	1	1	1	1	1	1
4	49	0	5	1000	278020	278022.003	278	925.99	1	4	5	2	3	14523	0	1000	1156	482	0	1	4	5	2	3	1486	1784	2000	2250	2486	6000	5000	1	1	1	1	1	1
4	50	1	5	1000	283020	283020.01	283	921.997	3	5	1	2	4	35124	0	1000	1182	438	0	3	5	1	2	4	1442	1698	1952	2198	2412	6000	5000	1	1	1	1	1	1
4	51	0	5	1000	288020	288020.011	288	920.01	3	5	1	2	4	35124	0	16000	1300	390	0	3	5	1	2	4	1394	1732	2024	2310	2514	6000	5000	1	1	1	1	1	1
4	52	0	5	1000	308020	308020.002	308	912.002	3	5	1	2	4	35124	0	1000	1170	382	0	3	5	1	2	4	1386	1654	1922	2186	2410	6000	5000	1	1	1	1	1	1
4	53	0	5	1000	313020	313020	313	911.996	3	5	1	2	4	35124	0	1000	1238	364	0	3	5	1	2	4	1368	1634	1882	2148	2406	6000	5000	1	1	1	1	1	1
4	54	0	5	1000	318020	318020.025	318	910.024	1	3	2	5	4	13254	0	1000	1234	364	0	1	3	2	5	4	1368	1638	1910	2140	2396	6000	5000	1	1	1	1	1	1
4	55	1	5	1000	323020	323022.002	323	909.985	3	5	1	2	4	35124	0	1000	1134	394	0	3	5	1	2	4	1398	1642	1896	2130	2328	6000	5000	1	1	1	1	1	1
4	56	0	5	1000	328020	328020.005	328	905.994	1	3	2	5	4	13254	0	1000	1166	172	0	1	3	2	5	4	1176	1450	1694	1896	2158	6000	5000	1	1	1	1	1	1
4	57	0	5	1000	333020	333020.011	333	903.998	3	5	1	2	4	35124	0	1000	1118	334	0	3	5	1	2	4	1338	1588	1830	2088	2312	6000	5000	1	1	1	1	1	1
4	58	0	5	1000	338020	338020.001	338	901.979	1	4	5	2	3	14523	0	1000	1116	394	0	1	4	5	2	3	1398	1642	1874	2126	2354	6000	5000	1	1	1	1	1	1
4	59	1	5	1000	343020	343022.01	343	902.013	1	3	2	5	4	13254	0	1000	1194	392	0	1	3	2	5	4	1396	1666	1916	2152	2410	6000	5000	1	1	1	1	1	1
4	60	1	5	1000	348020	348020.002	348	899.999	1	3	2	5	4	13254	0	1000	1254	444	0	1	3	2	5	4	1448	1708	1988	2204	2496	6000	5000	1	1	1	1	1	1
4	61	0	5	1000	353020	353020.007	353	897.997	1	3	2	5	4	13254	0	1000	0	2612	0	1	3	0	0	0	3616	3928	0	0	0	6000	5000	0	1	1	1	1	1
4	62	0	5	1000	358020	358020.015	358	896.005	1	4	5	2	3	14523	0	1000	1234	418	0	1	4	5	2	3	1422	1694	1950	2206	2492	6000	5000	1	1	1	1	1	1
4	63	0	5	1000	363020	363020.027	363	894.019	3	5	1	2	4	35124	0	1000	1216	366	0	3	5	1	2	4	1370	1610	1872	2160	2388	6000	5000	1	1	1	1	1	1
4	64	0	5	1000	368020	368020.013	368	892.004	3	2	4	5	1	32451	0	1000	1222	432	0	3	2	4	5	1	1436	1680	1950	2206	2438	6000	5000	1	1	1	1	1	1
4	65	0	5	1000	373020	373020.012	373	890.001	3	5	1	2	4	35124	0	1000	1142	354	0	3	5	1	2	4	1358	1586	1836	2126	2344	6000	5000	1	1	1	1	1	1
4	66	1	5	1000	378020	378020.339	378	888.339	1	3	2	5	4	13254	0	1000	1258	392	0	1	3	2	5	4	1396	1652	1934	2192	2480	6000	5000	1	1	1	1	1	1
4	67	0	5	1000	383020	383020.013	383	888.008	3	2	4	5	1	32451	0	1000	1230	440	0	3	2	4	5	1	1444	1706	1984	2204	2462	6000	5000	1	1	1	1	1	1
4	68	1	5	1000	388020	388021.999	388	888.001	3	5	1	2	4	35124	0	16000	1442	398	0	3	5	1	2	4	1402	1620	1902	2240	2670	6000	5000	1	1	1	1	1	1
5	1	1	5	1000	8020	8020.001	9	15.99	1	4	5	2	3	14523	0	1000	1302	468	0	1	4	5	2	3	1472	1794	2060	2340	2606	6000	5000	1	1	1	1	1	1
5	2	1	5	1000	13020	13020	14	13.981	1	3	2	5	4	13254	0	1000	1272	506	0	1	3	2	5	4	1510	1780	2050	2324	2612	6000	5000	1	1	1	1	1	1
5	3	1	5	1000	18020	18020.002	19	12.004	1	3	2	5	4	13254	0	1000	1270	412	0	1	3	2	5	4	1416	1696	1982	2246	2514	6000	5000	1	1	1	1	1	1
5	4	0	5	1000	23020	23022	24	11.989	3	2	4	5	1	32451	0	1000	1400	442	0	3	2	4	5	1	1446	1724	2006	2310	2582	6000	5000	1	1	1	1	1	1
5	5	0	5	1000	28020	28020.023	29	8.033	3	2	4	5	1	32451	0	1000	1432	432	0	3	2	4	5	1	1436	1758	2084	2392	2678	6000	5000	1	1	1	1	1	1
5	6	1	5	1000	33020	33020.002	34	8	1	4	5	2	3	14523	0	1000	1250	444	0	1	4	5	2	3	1448	1752	2016	2308	2576	6000	5000	1	1	1	1	1	1
5	7	0	5	1000	38020	38020.042	39	6.043	1	4	5	2	3	14523	0	1000	1266	236	0	1	4	5	2	3	1240	1534	1816	2088	2364	6000	5000	1	1	1	1	1	1
5	8	0	5	1000	43020	43020.001	44	3.995	1	4	5	2	3	14523	0	1000	1268	474	0	1	4	5	2	3	1478	1788	2030	2314	2592	6000	5000	1	1	1	1	1	1
5	9	0	5	1000	48020	48020	49	1.998	3	5	1	2	4	35124	0	1000	1216	400	0	3	5	1	2	4	1404	1674	1944	2206	2418	6000	5000	1	1	1	1	1	1
5	10	0	5	1000	53020	53022.003	54	2.006	3	5	1	2	4	35124	0	1000	1294	132	0	3	5	1	2	4	1136	1438	1698	1970	2234	6000	5000	1	1	1	1	1	1
5	11	1	5	1000	58020	58020.001	58	997.99	1	4	5	2	3	14523	0	1000	1288	472	0	1	4	5	2	3	1476	1756	2048	2342	2610	6000	5000	1	1	1	1	1	1
5	12	0	5	1000	63020	63020	63	998.005	3	2	4	5	1	32451	0	1000	1284	400	0	3	2	4	5	1	1404	1682	1992	2268	2506	6000	5000	1	1	1	1	1	1
5	13	0	5	1000	68020	68020.001	68	995.981	1	4	5	2	3	14523	0	1000	1266	586	0	1	4	5	2	3	1590	1878	2182	2456	2716	6000	5000	1	1	1	1	1	1
5	14	0	5	1000	73020	73020.013	73	994.013	3	2	4	5	1	32451	0	1000	1300	774	0	3	2	4	5	1	1778	2042	2330	2586	2888	6000	5000	1	1	1	1	1	1
5	15	0	5	1000	78020	78020.002	78	992.002	1	3	2	5	4	13254	0	1000	0	0	0	0	0	0	0	0	0	0	0	0	0	6000	5000	0	1	1	1	1	1
5	16	0	5	1000	83020	83022.003	83	992.029	3	5	1	2	4	35124	0	1000	1178	380	0	3	5	1	2	4	1384	1624	1894	2152	2388	6000	5000	1	1	1	1	1	1
5	17	1	5	1000	88020	88020.001	88	988.015	1	3	2	5	4	13254	0	16000	1270	376	0	1	3	2	5	4	1380	1664	1946	2172	2478	6000	5000	1	1	1	1	1	1
5	18	1	5	1000	108020	108020.011	108	982.011	1	3	2	5	4	13254	0	1000	1274	582	0	1	3	2	5	4	1586	1882	2160	2418	2700	6000	5000	1	1	1	1	1	1
5	19	0	5	1000	113020	113020.013	113	980.01	3	5	1	2	4	35124	0	1000	1182	754	0	3	5	1	2	4	1758	2010	2260	2542	2802	6000	5000	1	1	1	1	1	1
5	20	1	5	1000	118020	118022.005	118	979.982	3	5	1	2	4	35124	0	1000	1190	408	0	3	5	1	2	4	1412	1678	1932	2186	2432	6000	5000	1	1	1	1	1	1
5	21	0	5	1000	123020	123021.995	123	977.976	3	2	4	5	1	32451	0	1000	1270	348	0	3	2	4	5	1	1352	1602	1866	2082	2342	6000	5000	1	1	1	1	1	1
5	22	1	5	1000	128020	128020.011	128	974.008	1	3	2	5	4	13254	0	1000	1334	614	0	1	3	2	5	4	1618	1912	2174	2400	2708	6000	5000	1	1	1	1	1	1
5	23	0	5	1000	133020	133022.036	133	974.035	1	3	2	5	4	13254	0	1000	1580	860	1	3	3	2	5	4	1864	2572	2874	3080	3292	6000	5000	0	1	1	1	1	1
5	24	1	5	1000	138020	138021.993	138	973.989	3	2	4	5	1	32451	0	1000	1244	422	0	3	2	4	5	1	1426	1696	1982	2212	2474	6000	5000	1	1	1	1	1	1
5	25	1	5	1000	143020	143021.995	143	971.991	3	5	1	2	4	35124	0	1000	1340	366	0	3	5	1	2	4	1370	1634	1908	2200	2488	6000	5000	1	1	1	1	1	1
5	26	0	5	1000	148020	148020.004	148	967.999	1	4	5	2	3	14523	0	1000	1314	334	0	1	4	5	2	3	1338	1614	1892	2190	2462	6000	5000	1	1	1	1	1	1
5	27	0	5	1000	153020	153022	153	967.997	1	3	2	5	4	13254	0	1000	1266	406	0	1	3	2	5	4	1410	1688	1978	2262	2518	6000	5000	1	1	1	1	1	1
5	28	0	5	1000	158020	158022.003	158	966.012	3	2	4	5	1	32451	0	1000	1254	388	0	3	2	4	5	1	1392	1670	1926	2160	2418	6000	5000	1	1	1	1	1	1
5	29	1	5	1000	163020	163021.993	163	963.98	3	5	1	2	4	35124	0	1000	1170	348	0	3	5	1	2	4	1352	1602	1876	2148	2336	6000	5000	1	1	1	1	1	1
5	30	1	5	1000	168020	168022.003	168	961.999	3	5	1	2	4	35124	0	1000	1266	338	0	3	5	1	2	4	1342	1606	1894	2170	2410	6000	5000	1	1	1	1	1	1
5	31	1	5	1000	173020	173022	173	961.997	1	3	2	5	4	13254	0	1000	1164	344	0	1	3	2	5	4	1348	1614	1874	2098	2338	6000	5000	1	1	1	1	1	1
5	32	1	5	1000	178020	178020.04	178	958.038	3	5	1	2	4	35124	0	1000	1110	356	0	3	5	1	2	4	1360	1586	1846	2096	2328	6000	5000	1	1	1	1	1	1
5	33	1	5	1000	183020	183022.001	183	958.021	3	2	4	5	1	32451	0	1000	0	2268	0	3	2	4	5	0	3272	3520	3732	3928	0	6000	5000	0	1	1	1	1	1
5	34	1	5	1000	188020	188021.993	188	955.992	1	3	2	5	4	13254	0	16000	1104	324	0	1	3	2	5	4	1328	1578	1832	2046	2282	6000	5000	1	1	1	1	1	1
5	35	1	5	1000	208020	208020	208	947.998	1	3	2	5	4	13254	0	1000	1210	488	0	1	3	2	5	4	1492	1768	2028	2292	2570	6000	5000	1	1	1	1	1	1
5	36	1	5	1000	213020	213022.005	213	947.983	1	4	5	2	3	14523	0	1000	1126	406	0	1	4	5	2	3	1410	1652	1926	2160	2402	6000	5000	1	1	1	1	1	1
5	37	0	5	1000	218020	218020.003	218	944	1	3	2	5	4	13254	0	1000	1192	372	0	1	3	2	5	4	1376	1624	1878	2140	2394	6000	5000	1	1	1	1	1	1
5	38	0	5	1000	223020	223020	223	942.008	1	3	2	5	4	13254	0	1000	1164	364	0	1	3	2	5	4	1368	1638	1878	2134	2388	6000	5000	1	1	1	1	1	1
5	39	1	5	1000	228020	228021.99	228	941.998	3	5	1	2	4	35124	0	1000	1084	364	0	3	5	1	2	4	1368	1592	1828	2052	2236	6000	5000	1	1	1	1	1	1
5	40	0	5	1000	233020	233021.989	233	940.018	3	5	1	2	4	35124	0	1000	1056	438	0	3	5	1	2	4	1442	1662	1902	2124	2314	6000	5000	1	1	1	1	1	1
5	41	0	5	1000	238020	238021.996	238	937.998	3	2	4	5	1	32451	0	1000	1100	386	0	3	2	4	5	1	1390	1644	1904	2098	2326	6000	5000	1	1	1	1	1	1
5	42	0	5	1000	243020	243022.01	243	938.009	3	5	1	2	4	35124	0	1000	946	384	0	3	5	1	2	4	1388	1608	1830	2044	2222	6000	5000	1	1	1	1	1	1
5	43	0	5	1000	248020	248021.981	248	935.993	1	3	2	5	4	13254	0	1000	1158	326	0	1	3	2	5	4	1330	1578	1828	2068	2326	6000	5000	1	1	1	1	1	1
5	44	0	5	1000	253020	253020.004	253	932.013	1	4	5	2	3	14523	0	1000	1066	466	0	1	4	5	2	3	1470	1690	1962	2200	2402	6000	5000	1	1	1	1	1	1
5	45	1	5	1000	258020	258021.981	258	931.978	3	5	1	2	4	35124	0	1000	1088	350	0	3	5	1	2	4	1354	1550	1784	2018	2246	6000	5000	1	1	1	1	1	1
5	46	0	5	1000	263020	263022.043	263	930.044	1	3	2	5	4	13254	0	1000	1140	352	0	1	3	2	5	4	1356	1610	1872	2074	2344	6000	5000	1	1	1	1	1	1
5	47	1	5	1000	268020	268021.994	268	928.003	1	4	5	2	3	14523	0	1000	1060	1188	0	1	4	5	2	3	2192	2424	2656	2902	3118	6000	5000	1	1	1	1	1	1
5	48	1	5	1000	273020	273020.005	273	924.012	1	4	5	2	3	14523	0	1000	1074	498	0	1	4	5	2	3	1502	1750	1994	2232	2438	6000	5000	1	1	1	1	1	1
5	49	1	5	1000	278020	278021.993	278	926.002	3	5	1	2	4	35124	0	1000	1056	582	0	3	5	1	2	4	1586	1774	2032	2286	2472	6000	5000	1	1	1	1	1	1
5	50	1	5	1000	283020	283021.994	283	924.003	1	4	5	2	3	14523	0	1000	1150	436	0	1	4	5	2	3	1440	1682	1920	2144	2360	6000	5000	1	1	1	1	1	1
5	51	0	5	1000	288020	288020.003	288	920.012	3	5	1	2	4	35124	0	16000	1092	406	0	3	5	1	2	4	1410	1580	1840	2076	2298	6000	5000	1	1	1	1	1	1
5	52	0	5	1000	308020	308021.989	308	913.998	3	5	1	2	4	35124	0	1000	1138	366	0	3	5	1	2	4	1370	1640	1884	2124	2334	6000	5000	1	1	1	1	1	1
5	53	0	5	1000	313020	313021.992	313	914.001	1	4	5	2	3	14523	0	1000	1166	396	0	1	4	5	2	3	1400	1672	1914	2176	2418	6000	5000	1	1	1	1	1	1
5	54	1	5	1000	318020	318021.989	318	911.972	1	3	2	5	4	13254	0	1000	1136	634	0	1	3	2	5	4	1638	1904	2154	2370	2610	6000	5000	1	1	1	1	1	1
5	55	0	5	1000	323020	323020.005	323	908.01	1	4	5	2	3	14523	0	1000	1150	480	0	1	4	5	2	3	1484	1766	2012	2250	2462	6000	5000	1	1	1	1	1	1
5	56	1	5	1000	328020	328021.994	328	908.004	3	2	4	5	1	32451	0	1000	1026	946	0	3	2	4	5	1	1950	2188	2430	2626	2808	6000	5000	1	1	1	1	1	1
5	57	0	5	1000	333020	333020.004	333	903.984	3	5	1	2	4	35124	0	1000	994	630	0	3	5	1	2	4	1634	1850	2072	2282	2470	6000	5000	1	1	1	1	1	1
5	58	1	5	1000	338020	338020.003	338	902.011	3	2	4	5	1	32451	0	1000	1126	456	0	3	2	4	5	1	1460	1682	1914	2080	2300	6000	5000	1	1	1	1	1	1
5	59	0	5	1000	343020	343020.022	343	900.034	3	2	4	5	1	32451	0	1000	1044	400	0	3	2	4	5	1	1404	1626	1842	2022	2206	6000	5000	1	1	1	1	1	1
5	60	1	5	1000	348020	348020.022	348	900.032	3	2	4	5	1	32451	0	1000	1086	554	0	3	2	4	5	1	1558	1818	2052	2262	2474	6000	5000	1	1	1	1	1	1
5	61	1	5	1000	353020	353021.992	353	899.986	3	2	4	5	1	32451	0	1000	1008	380	0	3	2	4	5	1	1384	1614	1850	2024	2208	6000	5000	1	1	1	1	1	1
5	62	0	5	1000	358020	358020.004	358	896.013	1	3	2	5	4	13254	0	1000	1004	352	0	1	3	2	5	4	1356	1576	1800	1980	2174	6000	5000	1	1	1	1	1	1
5	63	1	5	1000	363020	363020.016	363	894.024	1	3	2	5	4	13254	0	1000	1028	344	0	1	3	2	5	4	1348	1568	1790	2000	2202	6000	5000	1	1	1	1	1	1
5	64	1	5	1000	368020	368021.993	368	893.99	3	2	4	5	1	32451	0	1000	1032	382	0	3	2	4	5	1	1386	1630	1824	2006	2202	6000	5000	1	1	1	1	1	1
5	65	0	5	1000	373020	373021.988	373	891.997	1	4	5	2	3	14523	0	1000	982	704	0	1	4	5	2	3	1708	1944	2138	2338	2532	6000	5000	1	1	1	1	1	1
5	66	1	5	1000	378020	378022.028	378	890.039	1	4	5	2	3	14523	0	1000	922	360	0	1	4	5	2	3	1364	1584	1756	1952	2134	6000	5000	1	1	1	1	1	1
5	67	1	5	1000	383020	383020.004	383	888.01	3	2	4	5	1	32451	0	1000	952	356	0	3	2	4	5	1	1360	1570	1786	1938	2108	6000	5000	1	1	1	1	1	1
5	68	1	5	1000	388020	388020.008	388	886.016	1	4	5	2	3	14523	0	16000	954	348	0	1	4	5	2	3	1352	1584	1776	1978	2156	6000	5000	1	1	1	1	1	1
6	1	0	5	1000	8020	8021.993	9	15.987	3	2	4	5	1	32451	0	1000	1106	378	0	3	2	4	5	1	1382	1620	1864	2076	2270	6000	5000	1	1	1	1	1	1
6	2	1	5	1000	13020	13020.018	14	14.026	3	2	4	5	1	32451	0	1000	1132	364	0	3	2	4	5	1	1368	1624	1842	2072	2226	6000	5000	1	1	1	1	1	1
6	3	1	5	1000	18020	18022.013	19	14.02	3	5	1	2	4	35124	0	1000	1222	314	0	3	5	1	2	4	1318	1606	1892	2142	2374	6000	5000	1	1	1	1	1	1
6	4	1	5	1000	23020	23020.003	24	10	1	3	2	5	4	13254	0	1000	1236	354	0	1	3	2	5	4	1358	1624	1896	2122	2398	6000	5000	1	1	1	1	1	1
6	5	1	5	1000	28020	28020.002	29	8.013	1	3	2	5	4	13254	0	1000	1146	380	0	1	3	2	5	4	1384	1638	1886	2096	2298	6000	5000	1	1	1	1	1	1
6	6	0	5	1000	33020	33021.993	34	7.985	1	4	5	2	3	14523	0	1000	1100	470	0	1	4	5	2	3	1474	1692	1914	2152	2418	6000	5000	1	1	1	1	1	1
6	7	1	5	1000	38020	38021.972	39	5.982	1	3	2	5	4	13254	0	1000	1076	326	0	1	3	2	5	4	1330	1566	1802	1980	2218	6000	5000	1	1	1	1	1	1
6	8	1	5	1000	43020	43020.003	44	1.984	3	2	4	5	1	32451	0	1000	1088	438	0	3	2	4	5	1	1442	1682	1898	2074	2288	6000	5000	1	1	1	1	1	1
6	9	0	5	1000	48020	48021.989	49	3.996	1	3	2	5	4	13254	0	1000	1466	328	0	1	3	2	5	4	1332	1594	1880	2382	2610	6000	5000	1	1	1	1	1	1
6	10	0	5	1000	53020	53020.034	54	0	1	4	5	2	3	14523	0	1000	994	308	0	1	4	5	2	3	1312	1508	1732	1952	2138	6000	5000	1	1	1	1	1	1
6	11	0	5	1000	58020	58020.001	58	997.985	3	5	1	2	4	35124	0	1000	1010	360	0	3	5	1	2	4	1364	1568	1802	2012	2182	6000	5000	1	1	1	1	1	1
6	12	0	5	1000	63020	63020.006	63	996.003	3	5	1	2	4	35124	0	1000	940	368	0	3	5	1	2	4	1372	1570	1786	1968	2130	6000	5000	1	1	1	1	1	1
6	13	0	5	1000	68020	68020.004	68	994.001	1	4	5	2	3	14523	0	1000	902	264	0	1	4	5	2	3	1268	1494	1672	1856	2010	6000	5000	1	1	1	1	1	1
6	14	1	5	1000	73020	73020.003	73	992.002	1	4	5	2	3	14523	0	1000	930	344	0	1	4	5	2	3	1348	1572	1772	1990	2148	6000	5000	1	1	1	1	1	1
6	15	0	5	1000	78020	78020.001	78	992.002	3	5	1	2	4	35124	0	1000	998	354	0	3	5	1	2	4	1358	1582	1832	2016	2200	6000	5000	1	1	1	1	1	1
6	16	1	5	1000	83020	83020.003	83	990.001	3	5	1	2	4	35124	0	1000	876	416	0	3	5	1	2	4	1420	1596	1838	1996	2142	6000	5000	1	1	1	1	1	1
6	17	0	5	1000	88020	88020.005	88	987.995	1	4	5	2	3	14523	0	16000	938	368	0	1	4	5	2	3	1372	1602	1770	1976	2130	6000	5000	1	1	1	1	1	1
6	18	0	5	1000	108020	108022.001	108	982.008	1	4	5	2	3	14523	0	1000	1014	372	0	1	4	5	2	3	1376	1580	1798	2032	2250	6000	5000	1	1	1	1	1	1
6	19	0	5	1000	113020	113020.04	113	980.001	1	4	5	2	3	14523	0	1000	980	422	0	1	4	5	2	3	1426	1662	1870	2094	2270	6000	5000	1	1	1	1	1	1
6	20	0	5	1000	118020	118021.991	118	979.991	3	2	4	5	1	32451	0	1000	1244	330	0	3	2	4	5	1	1334	1614	1874	2086	2302	6000	5000	1	1	1	1	1	1
6	21	1	5	1000	123020	123020.004	123	976.001	3	5	1	2	4	35124	0	1000	1606	334	0	3	5	1	2	4	1338	1664	2066	2388	2704	6000	5000	1	1	1	1	1	1
6	22	0	5	1000	128020	128020.005	128	974	1	3	2	5	4	13254	0	1000	1544	494	0	1	3	2	5	4	1498	1832	2160	2468	2800	6000	5000	1	1	1	1	1	1
6	23	0	5	1000	133020	133020.003	133	972.003	3	5	1	2	4	35124	0	1000	1406	406	0	3	5	1	2	4	1410	1662	2034	2306	2596	6000	5000	1	1	1	1	1	1
6	24	1	5	1000	138020	138022.001	138	971.998	1	3	2	5	4	13254	0	1000	1320	306	0	1	3	2	5	4	1310	1574	1866	2094	2430	6000	5000	1	1	1	1	1	1
6	25	0	5	1000	143020	143020.027	143	968.036	3	5	1	2	4	35124	0	1000	1238	328	0	3	5	1	2	4	1332	1636	1902	2174	2374	6000	5000	1	1	1	1	1	1
6	26	1	5	1000	148020	148020.005	148	968.004	1	4	5	2	3	14523	0	1000	1178	360	0	1	4	5	2	3	1364	1614	1864	2118	2374	6000	5000	1	1	1	1	1	1
6	27	0	5	1000	153020	153022.004	153	968.001	1	3	2	5	4	13254	0	1000	1142	314	0	1	3	2	5	4	1318	1580	1836	2026	2298	6000	5000	1	1	1	1	1	1
6	28	1	5	1000	158020	158020.001	158	963.996	1	4	5	2	3	14523	0	1000	992	304	0	1	4	5	2	3	1308	1550	1758	1976	2160	6000	5000	1	1	1	1	1	1
6	29	1	5	1000	163020	163022.003	163	964.002	1	3	2	5	4	13254	0	1000	1104	266	0	1	3	2	5	4	1270	1528	1778	1964	2222	6000	5000	1	1	1	1	1	1
6	30	1	5	1000	168020	168022.002	168	962.011	3	5	1	2	4	35124	0	1000	1060	376	0	3	5	1	2	4	1380	1618	1870	2072	2274	6000	5000	1	1	1	1	1	1
6	31	1	5	1000	173020	173020.002	173	957.997	3	5	1	2	4	35124	0	1000	1002	686	0	3	5	1	2	4	1690	1934	2172	2366	2530	6000	5000	1	1	1	1	1	1
6	32	1	5	1000	178020	178020.001	178	956.002	1	4	5	2	3	14523	0	1000	1154	470	0	1	4	5	2	3	1474	1748	1964	2226	2480	6000	5000	1	1	1	1	1	1
6	33	1	5	1000	183020	183020.003	183	955.999	3	2	4	5	1	32451	0	1000	1036	594	0	3	2	4	5	1	1598	1842	2074	2242	2434	6000	5000	1	1	1	1	1	1
6	34	0	5	1000	188020	188021.989	188	955.973	1	4	5	2	3	14523	0	16000	994	312	0	1	4	5	2	3	1316	1562	1782	2010	2206	6000	5000	1	1	1	1	1	1
6	35	0	5	1000	208020	208020.003	208	946.001	1	4	5	2	3	14523	0	1000	1052	416	0	1	4	5	2	3	1420	1670	1888	2112	2326	6000	5000	1	1	1	1	1	1
6	36	1	5	1000	213020	213022.02	213	946.019	3	5	1	2	4	35124	0	1000	1082	324	0	3	5	1	2	4	1328	1534	1784	1996	2218	6000	5000	1	1	1	1	1	1
6	37	0	5	1000	218020	218020.033	218	944.015	3	2	4	5	1	32451	0	1000	1110	456	0	3	2	4	5	1	1460	1676	1918	2072	2320	6000	5000	1	1	1	1	1	1
6	38	0	5	1000	223020	223020.002	223	942.001	3	5	1	2	4	35124	0	1000	978	334	0	3	5	1	2	4	1338	1526	1778	1976	2164	6000	5000	1	1	1	1	1	1
6	39	1	5	1000	228020	228020.005	228	940.004	3	2	4	5	1	32451	0	1000	1060	350	0	3	2	4	5	1	1354	1568	1798	1978	2172	6000	5000	1	1	1	1	1	1
6	40	1	5	1000	233020	233020.005	233	938.002	3	2	4	5	1	32451	0	1000	1104	344	0	3	2	4	5	1	1348	1598	1858	2030	2244	6000	5000	1	1	1	1	1	1
6	41	0	5	1000	238020	238020.003	238	935.983	3	5	1	2	4	35124	0	1000	946	390	0	3	5	1	2	4	1394	1598	1824	2006	2176	6000	5000	1	1	1	1	1	1
6	42	0	5	1000	243020	243020.001	243	933.997	1	3	2	5	4	13254	0	1000	1032	368	0	1	3	2	5	4	1372	1608	1828	2004	2220	6000	5000	1	1	1	1	1	1
6	43	1	5	1000	248020	248020.001	248	931.999	3	2	4	5	1	32451	0	1000	1024	494	0	3	2	4	5	1	1498	1736	1964	2136	2316	6000	5000	1	1	1	1	1	1
6	44	1	5	1000	253020	253020.001	253	931.982	1	3	2	5	4	13254	0	1000	1042	508	0	1	3	2	5	4	1512	1746	1970	2166	2378	6000	5000	1	1	1	1	1	1
6	45	0	5	1000	258020	258021.993	258	932.001	3	2	4	5	1	32451	0	1000	1020	328	0	3	2	4	5	1	1332	1578	1790	1952	2152	6000	5000	1	1	1	1	1	1
6	46	1	5	1000	263020	263022.003	263	930.014	1	4	5	2	3	14523	0	1000	1032	388	0	1	4	5	2	3	1392	1616	1814	2024	2276	6000	5000	1	1	1	1	1	1
6	47	0	5	1000	268020	268020.002	268	925.982	1	4	5	2	3	14523	0	1000	1000	326	0	1	4	5	2	3	1330	1546	1730	1936	2140	6000	5000	1	1	1	1	1	1
6	48	0	5	1000	273020	273021.994	273	925.98	1	3	2	5	4	13254	0	1000	1080	450	0	1	3	2	5	4	1454	1704	1934	2128	2336	6000	5000	1	1	1	1	1	1
6	49	0	5	1000	278020	278021.995	278	923.949	3	2	4	5	1	32451	0	1000	1102	386	0	3	2	4	5	1	1390	1632	1868	2030	2226	6000	5000	1	1	1	1	1	1
6	50	0	5	1000	283020	283021.992	283	922.001	3	2	4	5	1	32451	0	1000	1166	542	0	3	2	4	5	1	1546	1780	2066	2262	2512	6000	5000	1	1	1	1	1	1
6	51	1	5	1000	288020	288020.057	288	920.07	1	3	2	5	4	13254	0	16000	1058	312	0	1	3	2	5	4	1316	1570	1792	2018	2206	6000	5000	1	1	1	1	1	1
6	52	1	5	1000	308020	308021.992	308	914.001	1	3	2	5	4	13254	0	1000	1076	508	0	1	3	2	5	4	1512	1762	1992	2196	2422	6000	5000	1	1	1	1	1	1
6	53	0	5	1000	313020	313021.992	313	911.988	1	3	2	5	4	13254	0	1000	998	258	0	1	3	2	5	4	1262	1476	1696	1878	2098	6000	5000	1	1	1	1	1	1
6	54	1	5	1000	318020	318021.992	318	909.986	1	3	2	5	4	13254	0	1000	1040	358	0	1	3	2	5	4	1362	1602	1832	2068	2248	6000	5000	1	1	1	1	1	1
6	55	1	5	1000	323020	323021.992	323	909.999	1	4	5	2	3	14523	0	1000	1058	384	0	1	4	5	2	3	1388	1610	1884	2098	2336	6000	5000	1	1	1	1	1	1
6	56	1	5	1000	328020	328021.988	328	907.986	3	5	1	2	4	35124	0	1000	1002	394	0	3	5	1	2	4	1398	1592	1810	2034	2238	6000	5000	1	1	1	1	1	1
6	57	1	5	1000	333020	333020.023	333	904.03	3	2	4	5	1	32451	0	1000	1028	378	0	3	2	4	5	1	1382	1596	1834	2020	2192	6000	5000	1	1	1	1	1	1
6	58	1	5	1000	338020	338020.003	338	902.009	1	4	5	2	3	14523	0	1000	1068	380	0	1	4	5	2	3	1384	1628	1860	2088	2338	6000	5000	1	1	1	1	1	1
6	59	1	5	1000	343020	343020.005	343	900.005	1	4	5	2	3	14523	0	1000	886	834	0	1	4	5	2	3	1838	2062	2258	2432	2598	6000	5000	1	1	1	1	1	1
6	60	0	5	1000	348020	348020.007	348	898.005	3	2	4	5	1	32451	0	1000	1092	394	0	3	2	4	5	1	1398	1632	1868	2074	2266	6000	5000	1	1	1	1	1	1
6	61	0	5	1000	353020	353021.994	353	898.001	1	4	5	2	3	14523	0	1000	952	348	0	1	4	5	2	3	1352	1578	1794	1998	2184	6000	5000	1	1	1	1	1	1
6	62	1	5	1000	358020	358021.99	358	897.987	3	2	4	5	1	32451	0	1000	1054	424	0	3	2	4	5	1	1428	1658	1874	2060	2252	6000	5000	1	1	1	1	1	1
6	63	0	5	1000	363020	363021.992	363	895.998	3	2	4	5	1	32451	0	1000	1112	322	0	3	2	4	5	1	1326	1560	1780	1988	2184	6000	5000	1	1	1	1	1	1
6	64	0	5	1000	368020	368021.998	368	894.005	1	3	2	5	4	13254	0	1000	1176	518	0	1	3	2	5	4	1522	1784	2012	2204	2414	6000	5000	1	1	1	1	1	1
6	65	0	5	1000	373020	373020.003	373	889.999	1	3	2	5	4	13254	0	1000	1038	378	0	1	3	2	5	4	1382	1616	1848	2058	2254	6000	5000	1	1	1	1	1	1
6	66	1	5	1000	378020	378022.004	378	890.002	3	5	1	2	4	35124	0	1000	1080	404	0	3	5	1	2	4	1408	1610	1850	2102	2304	6000	5000	1	1	1	1	1	1
6	67	0	5	1000	383020	383021.989	383	887.996	3	5	1	2	4	35124	0	1000	1104	780	0	3	5	1	2	4	1784	2028	2278	2510	2720	6000	5000	1	1	1	1	1	1
6	68	0	5	1000	388020	388020.004	388	883.996	3	2	4	5	1	32451	0	16000	1118	430	0	3	2	4	5	1	1434	1670	1900	2138	2362	6000	5000	1	1	1	1	1	1
7	1	0	5	1000	8020	8021.99	9	17.973	1	3	2	5	4	13254	0	1000	1136	378	0	1	3	2	5	4	1382	1618	1886	2098	2322	6000	5000	1	1	1	1	1	1
7	2	1	5	1000	13020	13021.992	14	16.001	1	3	2	5	4	13254	0	1000	1102	346	0	1	3	2	5	4	1350	1590	1832	2064	2286	6000	5000	1	1	1	1	1	1
7	3	0	5	1000	18020	18021.992	19	13.999	3	2	4	5	1	32451	0	1000	1134	340	0	3	2	4	5	1	1344	1564	1816	2052	2256	6000	5000	1	1	1	1	1	1
7	4	0	5	1000	23020	23021.995	24	11.984	3	5	1	2	4	35124	0	1000	1072	334	0	3	5	1	2	4	1338	1582	1802	2052	2254	6000	5000	1	1	1	1	1	1
7	5	1	5	1000	28020	28021.98	29	10	1	4	5	2	3	14523	0	1000	1104	282	0	1	4	5	2	3	1286	1526	1756	1992	2210	6000	5000	1	1	1	1	1	1
7	6	0	5	1000	33020	33021.992	34	8.001	1	3	2	5	4	13254	0	1000	1076	414	0	1	3	2	5	4	1418	1636	1872	2074	2322	6000	5000	1	1	1	1	1	1
7	7	1	5	1000	38020	38021.992	39	5.966	3	5	1	2	4	35124	0	1000	1122	402	0	3	5	1	2	4	1406	1624	1848	2080	2302	6000	5000	1	1	1	1	1	1
7	8	1	5	1000	43020	43021.996	44	3.978	1	3	2	5	4	13254	0	1000	1082	308	0	1	3	2	5	4	1312	1546	1786	1988	2210	6000	5000	1	1	1	1	1	1
7	9	0	5	1000	48020	48022.007	49	4.016	3	5	1	2	4	35124	0	1000	1010	636	0	3	5	1	2	4	1640	1828	2034	2262	2488	6000	5000	1	1	1	1	1	1
7	10	0	5	1000	53020	53021.99	54	1.996	1	4	5	2	3	14523	0	1000	1052	384	0	1	4	5	2	3	1388	1646	1882	2098	2314	6000	5000	1	1	1	1	1	1
7	11	0	5	1000	58020	58021.979	59	0	1	3	2	5	4	13254	0	1000	1080	406	0	1	3	2	5	4	1410	1640	1888	2146	2344	6000	5000	1	1	1	1	1	1
7	12	0	5	1000	63020	63021.99	63	998.011	3	5	1	2	4	35124	0	1000	1086	358	0	3	5	1	2	4	1362	1550	1790	2062	2252	6000	5000	1	1	1	1	1	1
7	13	1	5	1000	68020	68021.993	68	996.012	1	3	2	5	4	13254	0	1000	1062	272	0	1	3	2	5	4	1276	1520	1748	1978	2186	6000	5000	1	1	1	1	1	1
7	14	1	5	1000	73020	73021.995	73	995.903	3	5	1	2	4	35124	0	1000	1058	432	0	3	5	1	2	4	1436	1654	1898	2126	2316	6000	5000	1	1	1	1	1	1
7	15	0	5	1000	78020	78021.981	78	993.987	1	4	5	2	3	14523	0	1000	1108	554	0	1	4	5	2	3	1558	1772	1996	2250	2500	6000	5000	1	1	1	1	1	1
7	16	1	5	1000	83020	83021.992	83	992.001	3	2	4	5	1	32451	0	1000	1194	754	0	3	2	4	5	1	1758	2024	2288	2538	2752	6000	5000	1	1	1	1	1	1
7	17	0	5	1000	88020	88021.992	88	990.002	3	2	4	5	1	32451	0	16000	1196	426	0	3	2	4	5	1	1430	1674	1924	2176	2386	6000	5000	1	1	1	1	1	1
7	18	0	5	1000	108020	108021.994	108	984	3	2	4	5	1	32451	0	1000	1222	368	0	3	2	4	5	1	1372	1612	1874	2122	2352	6000	5000	1	1	1	1	1	1
7	19	0	5	1000	113020	113021.99	113	981.996	3	2	4	5	1	32451	0	1000	1254	418	0	3	2	4	5	1	1422	1680	1958	2212	2444	6000	5000	1	1	1	1	1	1
7	20	0	5	1000	118020	118021.995	118	980.004	1	3	2	5	4	13254	0	1000	1152	438	0	1	3	2	5	4	1442	1688	1926	2174	2410	6000	5000	1	1	1	1	1	1
7	21	0	5	1000	123020	123021.995	123	978.005	1	3	2	5	4	13254	0	1000	1156	416	0	1	3	2	5	4	1420	1652	1898	2122	2356	6000	5000	1	1	1	1	1	1
7	22	1	5	1000	128020	128021.992	128	977.996	3	2	4	5	1	32451	0	1000	0	0	0	0	0	0	0	0	0	0	0	0	0	6000	5000	0	1	1	1	1	1
7	23	1	5	1000	133020	133020.008	133	972.031	3	5	1	2	4	35124	0	1000	1078	522	0	3	5	1	2	4	1526	1780	2004	2228	2418	6000	5000	1	1	1	1	1	1
7	24	1	5	1000	138020	138021.972	138	971.979	3	5	1	2	4	35124	0	1000	1074	402	0	3	5	1	2	4	1406	1628	1876	2110	2302	6000	5000	1	1	1	1	1	1
7	25	0	5	1000	143020	143020.005	143	968.023	3	5	1	2	4	35124	0	1000	1088	336	0	3	5	1	2	4	1340	1582	1816	2052	2262	6000	5000	1	1	1	1	1	1
7	26	1	5	1000	148020	148021.982	148	969.979	3	2	4	5	1	32451	0	1000	1934	782	1	2	2	4	5	1	1786	2744	3092	3328	3524	6000	5000	0	1	1	1	1	1
7	27	0	5	1000	153020	153021.977	153	967.997	1	4	5	2	3	14523	0	1000	1130	364	0	1	4	5	2	3	1368	1626	1842	2092	2340	6000	5000	1	1	1	1	1	1
7	28	1	5	1000	158020	158021.992	158	966.007	1	3	2	5	4	13254	0	1000	1248	360	0	1	3	2	5	4	1364	1638	1898	2152	2380	6000	5000	1	1	1	1	1	1
7	29	0	5	1000	163020	163020.01	163	962.03	1	4	5	2	3	14523	0	1000	1460	542	0	1	4	5	2	3	1546	1808	2064	2300	2526	6000	5000	1	1	1	1	1	1
7	30	1	5	1000	168020	168020.008	168	960.018	1	4	5	2	3	14523	0	1000	1070	340	0	1	4	5	2	3	1344	1594	1824	2056	2284	6000	5000	1	1	1	1	1	1
7	31	1	5	1000	173020	173021.992	173	960.022	3	5	1	2	4	35124	0	1000	1072	290	0	3	5	1	2	4	1294	1522	1760	1978	2174	6000	5000	1	1	1	1	1	1
7	32	1	5	1000	178020	178021.991	178	957.996	1	4	5	2	3	14523	0	1000	1164	446	0	1	4	5	2	3	1450	1710	1954	2190	2466	6000	5000	1	1	1	1	1	1
7	33	1	5	1000	183020	183021.995	183	958.002	1	4	5	2	3	14523	0	1000	1056	350	0	1	4	5	2	3	1354	1588	1796	2010	2256	6000	5000	1	1	1	1	1	1
7	34	1	5	1000	188020	188021.992	188	955.975	3	2	4	5	1	32451	0	16000	1082	428	0	3	2	4	5	1	1432	1684	1912	2110	2308	6000	5000	1	1	1	1	1	1
7	35	1	5	1000	208020	208021.998	208	947.924	3	2	4	5	1	32451	0	1000	1144	390	0	3	2	4	5	1	1394	1646	1898	2112	2352	6000	5000	1	1	1	1	1	1
7	36	1	5	1000	213020	213021.991	213	946.011	1	4	5	2	3	14523	0	1000	938	1162	0	1	4	5	2	3	2166	2432	2644	2810	2984	6000	5000	1	1	1	1	1	1
7	37	1	5	1000	218020	218021.985	218	945.993	1	3	2	5	4	13254	0	1000	1136	378	0	1	3	2	5	4	1382	1640	1866	2094	2344	6000	5000	1	1	1	1	1	1
7	38	1	5	1000	223020	223021.992	223	943.996	1	4	5	2	3	14523	0	1000	1070	394	0	1	4	5	2	3	1398	1642	1874	2098	2338	6000	5000	1	1	1	1	1	1
7	39	0	5	1000	228020	228021.981	228	941.99	3	5	1	2	4	35124	0	1000	1106	294	0	3	5	1	2	4	1298	1558	1764	1990	2186	6000	5000	1	1	1	1	1	1
7	40	0	5	1000	233020	233020.002	233	938.006	3	2	4	5	1	32451	0	1000	1216	686	0	3	2	4	5	1	1690	1954	2252	2442	2662	6000	5000	1	1	1	1	1	1
7	41	1	5	1000	238020	238021.98	238	937.998	3	2	4	5	1	32451	0	1000	1432	448	0	3	2	4	5	1	1452	1720	2074	2416	2662	6000	5000	1	1	1	1	1	1
7	42	0	5	1000	243020	243021.978	243	935.979	1	3	2	5	4	13254	0	1000	1160	706	0	1	3	2	5	4	1710	1984	2220	2448	2678	6000	5000	1	1	1	1	1	1
7	43	1	5	1000	248020	248021.982	248	934.019	1	4	5	2	3	14523	0	1000	1140	508	0	1	4	5	2	3	1512	1790	2030	2264	2514	6000	5000	1	1	1	1	1	1
7	44	0	5	1000	253020	253021.993	253	934.001	3	2	4	5	1	32451	0	1000	1184	410	0	3	2	4	5	1	1414	1666	1924	2166	2358	6000	5000	1	1	1	1	1	1
7	45	1	5	1000	258020	258021.978	258	931.986	1	4	5	2	3	14523	0	1000	1126	336	0	1	4	5	2	3	1340	1602	1828	2060	2276	6000	5000	1	1	1	1	1	1
7	46	0	5	1000	263020	263021.979	263	929.996	1	4	5	2	3	14523	0	1000	1070	318	0	1	4	5	2	3	1322	1582	1798	2032	2236	6000	5000	1	1	1	1	1	1
7	47	0	5	1000	268020	268022.03	268	928.049	1	4	5	2	3	14523	0	1000	1150	420	0	1	4	5	2	3	1424	1668	1896	2130	2356	6000	5000	1	1	1	1	1	1
7	48	0	5	1000	273020	273021.978	273	925.984	3	5	1	2	4	35124	0	1000	1122	528	0	3	5	1	2	4	1532	1762	2012	2214	2440	6000	5000	1	1	1	1	1	1
7	49	0	5	1000	278020	278022.019	278	924.037	3	5	1	2	4	35124	0	1000	1120	616	0	3	5	1	2	4	1620	1896	2142	2342	2538	6000	5000	1	1	1	1	1	1
7	50	1	5	1000	283020	283020.013	283	920.026	3	5	1	2	4	35124	0	1000	964	1474	0	3	5	1	2	4	2478	2744	2928	3114	3296	6000	5000	1	1	1	1	1	1
7	51	0	5	1000	288020	288020.006	288	920.015	3	2	4	5	1	32451	0	16000	1162	448	0	3	2	4	5	1	1452	1716	1954	2166	2394	6000	5000	1	1	1	1	1	1
7	52	0	5	1000	308020	308021.992	308	914.008	3	2	4	5	1	32451	0	1000	1218	442	0	3	2	4	5	1	1446	1696	1958	2194	2426	6000	5000	1	1	1	1	1	1
7	53	1	5	1000	313020	313021.979	313	911.985	3	5	1	2	4	35124	0	1000	1172	414	0	3	5	1	2	4	1418	1654	1908	2148	2380	6000	5000	1	1	1	1	1	1
7	54	0	5	1000	318020	318021.981	318	909.995	1	3	2	5	4	13254	0	1000	1042	1764	0	1	3	2	5	4	2768	3042	3254	3436	3644	6000	5000	1	1	1	1	1	1
7	55	0	5	1000	323020	323021.994	323	910.001	3	2	4	5	1	32451	0	1000	1058	942	0	3	2	4	5	1	1946	2198	2424	2636	2808	6000	5000	1	1	1	1	1	1
7	56	0	5	1000	328020	328021.981	328	907.988	1	4	5	2	3	14523	0	1000	1010	406	0	1	4	5	2	3	1410	1660	1866	2080	2290	6000	5000	1	1	1	1	1	1
7	57	1	5	1000	333020	333021.979	333	905.998	3	5	1	2	4	35124	0	1000	1146	382	0	3	5	1	2	4	1386	1632	1876	2102	2324	6000	5000	1	1	1	1	1	1
7	58	1	5	1000	338020	338021.982	338	903.965	3	2	4	5	1	32451	0	1000	1140	346	0	3	2	4	5	1	1350	1590	1836	2034	2256	6000	5000	1	1	1	1	1	1
7	59	1	5	1000	343020	343021.999	343	902.012	3	2	4	5	1	32451	0	1000	1162	386	0	3	2	4	5	1	1390	1638	1894	2116	2346	6000	5000	1	1	1	1	1	1
7	60	1	5	1000	348020	348021.984	348	902.003	1	3	2	5	4	13254	0	1000	0	2868	0	1	0	0	0	0	3872	0	0	0	0	6000	5000	0	1	1	1	1	1
7	61	1	5	1000	353020	353022.015	353	898.032	1	3	2	5	4	13254	0	1000	1054	506	0	1	3	2	5	4	1510	1758	2008	2202	2398	6000	5000	1	1	1	1	1	1
7	62	0	5	1000	358020	358021.994	358	898.002	1	3	2	5	4	13254	0	1000	1116	384	0	1	3	2	5	4	1388	1642	1880	2100	2310	6000	5000	1	1	1	1	1	1
7	63	0	5	1000	363020	363021.979	363	895.985	1	4	5	2	3	14523	0	1000	1040	432	0	1	4	5	2	3	1436	1680	1894	2116	2392	6000	5000	1	1	1	1	1	1
7	64	0	5	1000	368020	368021.991	368	893.998	3	2	4	5	1	32451	0	1000	1406	400	0	3	2	4	5	1	1404	1634	1984	2332	2590	6000	5000	1	1	1	1	1	1
7	65	1	5	1000	373020	373021.992	373	892.008	1	3	2	5	4	13254	0	1000	1194	596	0	1	3	2	5	4	1600	1848	2110	2358	2626	6000	5000	1	1	1	1	1	1
7	66	1	5	1000	378020	378021.995	378	890.014	3	2	4	5	1	32451	0	1000	1280	386	0	3	2	4	5	1	1390	1618	1940	2184	2438	6000	5000	1	1	1	1	1	1
7	67	0	5	1000	383020	383021.98	383	887.962	3	5	1	2	4	35124	0	1000	1118	492	0	3	5	1	2	4	1496	1714	1960	2178	2408	6000	5000	1	1	1	1	1	1
7	68	0	5	1000	388020	388021.995	388	886.017	1	3	2	5	4	13254	0	16000	1200	376	0	1	3	2	5	4	1380	1606	1854	2052	2320	6000	5000	1	1	1	1	1	1
8	1	1	5	1000	8020	8021.982	9	17.996	3	2	4	5	1	32451	0	1000	1164	766	0	3	2	4	5	1	1770	2012	2262	2470	2678	6000	5000	1	1	1	1	1	1
8	2	0	5	1000	13020	13021.995	14	16.024	1	4	5	2	3	14523	0	1000	1190	366	0	1	4	5	2	3	1370	1664	1938	2188	2414	6000	5000	1	1	1	1	1	1
8	3	1	5	1000	18020	18021.981	19	13.996	1	3	2	5	4	13254	0	1000	1148	392	0	1	3	2	5	4	1396	1660	1908	2126	2354	6000	5000	1	1	1	1	1	1
8	4	0	5	1000	23020	23021.984	24	11.998	3	5	1	2	4	35124	0	1000	1114	646	0	3	5	1	2	4	1650	1844	2112	2336	2534	6000	5000	1	1	1	1	1	1
8	5	1	5	1000	28020	28021.984	29	10.003	1	4	5	2	3	14523	0	1000	1134	428	0	1	4	5	2	3	1432	1666	1890	2134	2396	6000	5000	1	1	1	1	1	1
8	6	1	5	1000	33020	33021.975	34	7.995	1	3	2	5	4	13254	0	1000	0	0	0	0	0	0	0	0	0	0	0	0	0	6000	5000	0	1	1	1	1	1
8	7	1	5	1000	38020	38021.984	39	8.002	1	4	5	2	3	14523	0	1000	1124	488	0	1	4	5	2	3	1492	1766	1996	2220	2446	6000	5000	1	1	1	1	1	1
8	8	1	5	1000	43020	43021.984	44	6.003	3	2	4	5	1	32451	0	1000	1330	462	0	3	2	4	5	1	1466	1710	1990	2226	2494	6000	5000	1	1	1	1	1	1
8	9	0	5	1000	48020	48021.957	49	3.978	3	5	1	2	4	35124	0	1000	1146	672	0	3	5	1	2	4	1676	1898	2140	2362	2570	6000	5000	1	1	1	1	1	1
8	10	0	5	1000	53020	53020.009	54	0	3	5	1	2	4	35124	0	1000	0	2792	0	3	0	0	0	0	3796	0	0	0	0	6000	5000	0	1	1	1	1	1
8	11	1	5	1000	58020	58021.963	59	0	3	2	4	5	1	32451	0	1000	1202	570	0	3	2	4	5	1	1574	1832	2082	2288	2514	6000	5000	1	1	1	1	1	1
8	12	1	5	1000	63020	63021.961	63	997.995	3	2	4	5	1	32451	0	1000	1146	476	0	3	2	4	5	1	1480	1724	1974	2138	2368	6000	5000	1	1	1	1	1	1
8	13	1	5	1000	68020	68021.977	68	998.006	1	3	2	5	4	13254	0	1000	1148	370	0	1	3	2	5	4	1374	1624	1872	2076	2314	6000	5000	1	1	1	1	1	1
8	14	0	5	1000	73020	73021.992	73	995.899	3	2	4	5	1	32451	0	1000	1236	340	0	3	2	4	5	1	1344	1572	1846	2088	2320	6000	5000	1	1	1	1	1	1
8	15	1	5	1000	78020	78021.982	78	993.982	3	2	4	5	1	32451	0	1000	1550	426	1	2	2	4	5	1	1720	2350	2656	2880	3066	6000	5000	0	1	1	1	1	1
8	16	1	5	1000	83020	83021.984	83	991.986	1	4	5	2	3	14523	0	1000	1050	336	0	1	4	5	2	3	1340	1608	1834	2054	2236	6000	5000	1	1	1	1	1	1
8	17	1	5	1000	88020	88021.982	88	990.013	1	4	5	2	3	14523	0	16000	1118	338	0	1	4	5	2	3	1342	1610	1834	2068	2316	6000	5000	1	1	1	1	1	1
8	18	1	5	1000	108020	108021.984	108	984.001	1	4	5	2	3	14523	0	1000	1496	582	1	1	4	4	5	3	1586	1888	2200	2278	2932	6000	5000	0	1	1	1	1	1
8	19	0	5	1000	113020	113021.975	113	981.993	1	3	2	5	4	13254	0	1000	1302	588	0	1	3	2	5	4	1592	1864	2194	2494	2722	6000	5000	1	1	1	1	1	1
8	20	0	5	1000	118020	118021.982	118	980.004	1	4	5	2	3	14523	0	1000	1190	410	0	1	4	5	2	3	1414	1676	1916	2184	2424	6000	5000	1	1	1	1	1	1
8	21	1	5	1000	123020	123021.994	123	978.01	3	5	1	2	4	35124	0	1000	1262	372	0	3	5	1	2	4	1376	1650	1932	2196	2446	6000	5000	1	1	1	1	1	1
8	22	0	5	1000	128020	128021.986	128	976.001	1	3	2	5	4	13254	0	1000	1430	504	0	1	3	2	5	4	1508	1794	2148	2464	2758	6000	5000	1	1	1	1	1	1
8	23	0	5	1000	133020	133021.984	133	974.017	3	5	1	2	4	35124	0	1000	1324	562	0	3	5	1	2	4	1566	1848	2138	2410	2678	6000	5000	1	1	1	1	1	1
8	24	1	5	1000	138020	138022	138	974.015	3	5	1	2	4	35124	0	1000	1348	342	0	3	5	1	2	4	1346	1674	1968	2252	2510	6000	5000	1	1	1	1	1	1
8	25	0	5	1000	143020	143020.007	143	970.035	3	5	1	2	4	35124	0	1000	1402	284	0	3	5	1	2	4	1288	1596	1890	2176	2456	6000	5000	1	1	1	1	1	1
8	26	0	5	1000	148020	148021.971	148	969.999	1	4	5	2	3	14523	0	1000	1264	440	0	1	4	5	2	3	1444	1722	1992	2266	2536	6000	5000	1	1	1	1	1	1
8	27	1	5	1000	153020	153021.984	153	968.002	1	4	5	2	3	14523	0	1000	1132	382	0	1	4	5	2	3	1386	1660	1896	2142	2350	6000	5000	1	1	1	1	1	1
8	28	1	5	1000	158020	158021.975	158	965.991	3	5	1	2	4	35124	0	1000	1190	448	0	3	5	1	2	4	1452	1728	2000	2232	2440	6000	5000	1	1	1	1	1	1
8	29	1	5	1000	163020	163021.983	163	963.974	1	3	2	5	4	13254	0	1000	1150	254	0	1	3	2	5	4	1258	1546	1802	1990	2212	6000	5000	1	1	1	1	1	1
8	30	0	5	1000	168020	168021.965	168	961.992	1	3	2	5	4	13254	0	1000	1220	378	0	1	3	2	5	4	1382	1638	1904	2144	2424	6000	5000	1	1	1	1	1	1
8	31	0	5	1000	173020	173021.984	173	962	3	2	4	5	1	32451	0	1000	1276	474	0	3	2	4	5	1	1478	1732	2006	2290	2504	6000	5000	1	1	1	1	1	1
8	32	0	5	1000	178020	178021.982	178	960	3	2	4	5	1	32451	0	1000	0	0	0	0	0	0	0	0	0	0	0	0	0	6000	5000	0	1	1	1	1	1
8	33	1	5	1000	183020	183021.985	183	958.003	1	4	5	2	3	14523	0	1000	1034	104	0	1	4	5	2	3	1108	1366	1596	1800	1986	6000	5000	1	1	1	1	1	1
8	34	0	5	1000	188020	188021.981	188	956.009	3	2	4	5	1	32451	0	16000	1338	360	0	3	2	4	5	1	1364	1632	1896	2188	2510	6000	5000	1	1	1	1	1	1
8	35	0	5	1000	208020	208021.98	208	949.996	3	2	4	5	1	32451	0	1000	1320	400	0	3	2	4	5	1	1404	1670	1944	2228	2466	6000	5000	1	1	1	1	1	1
8	36	0	5	1000	213020	213021.973	213	947.991	1	4	5	2	3	14523	0	1000	1176	434	0	1	4	5	2	3	1438	1716	1956	2198	2426	6000	5000	1	1	1	1	1	1
8	37	0	5	1000	218020	218021.971	218	945.999	1	3	2	5	4	13254	0	1000	1156	756	0	1	3	2	5	4	1760	2052	2316	2516	2754	6000	5000	1	1	1	1	1	1
8	38	0	5	1000	223020	223021.981	223	943.998	1	3	2	5	4	13254	0	1000	1214	578	0	1	3	2	5	4	1582	1862	2128	2354	2610	6000	5000	1	1	1	1	1	1
8	39	1	5	1000	228020	228021.988	228	942.013	1	3	2	5	4	13254	0	1000	1212	402	0	1	3	2	5	4	1406	1654	1930	2180	2436	6000	5000	1	1	1	1	1	1
8	40	1	5	1000	233020	233021.988	233	942.009	3	2	4	5	1	32451	0	1000	1266	352	0	3	2	4	5	1	1356	1604	1878	2174	2418	6000	5000	1	1	1	1	1	1
8	41	1	5	1000	238020	238021.986	238	938.011	3	5	1	2	4	35124	0	1000	1142	262	0	3	5	1	2	4	1266	1530	1782	2028	2244	6000	5000	1	1	1	1	1	1
8	42	0	5	1000	243020	243021.973	243	937.993	1	4	5	2	3	14523	0	1000	1136	374	0	1	4	5	2	3	1378	1624	1872	2128	2368	6000	5000	1	1	1	1	1	1
8	43	0	5	1000	248020	248021.986	248	936.003	3	5	1	2	4	35124	0	1000	1052	500	0	3	5	1	2	4	1504	1750	2006	2216	2408	6000	5000	1	1	1	1	1	1
8	44	0	5	1000	253020	253021.975	253	933.971	3	2	4	5	1	32451	0	1000	1100	1038	0	3	2	4	5	1	2042	2298	2534	2712	2926	6000	5000	1	1	1	1	1	1
8	45	1	5	1000	258020	258021.972	258	931.991	1	3	2	5	4	13254	0	1000	1076	398	0	1	3	2	5	4	1402	1636	1884	2054	2274	6000	5000	1	1	1	1	1	1
8	46	1	5	1000	263020	263021.984	263	930.009	3	5	1	2	4	35124	0	1000	1036	1418	0	3	5	1	2	4	2422	2658	2894	3106	3292	6000	5000	1	1	1	1	1	1
8	47	1	5	1000	268020	268021.972	268	927.984	3	5	1	2	4	35124	0	1000	1336	570	0	3	5	1	2	4	1574	1858	2182	2456	2708	6000	5000	1	1	1	1	1	1
8	48	0	5	1000	273020	273021.982	273	926.01	3	2	4	5	1	32451	0	1000	1276	424	0	3	2	4	5	1	1428	1676	1966	2264	2512	6000	5000	1	1	1	1	1	1
8	49	1	5	1000	278020	278021.97	278	925.995	3	5	1	2	4	35124	0	1000	1166	530	0	3	5	1	2	4	1534	1770	2062	2240	2472	6000	5000	1	1	1	1	1	1
8	50	1	5	1000	283020	283021.973	283	923.988	3	2	4	5	1	32451	0	1000	1202	342	0	3	2	4	5	1	1346	1598	1848	2080	2326	6000	5000	1	1	1	1	1	1
8	51	0	5	1000	288020	288022.001	288	922.026	1	3	2	5	4	13254	0	16000	1102	942	0	1	3	2	5	4	1946	2210	2446	2640	2856	6000	5000	1	1	1	1	1	1
8	52	0	5	1000	308020	308021.97	308	913.999	1	3	2	5	4	13254	0	1000	1330	532	0	1	3	2	5	4	1536	1818	2090	2388	2666	6000	5000	1	1	1	1	1	1
8	53	1	5	1000	313020	313021.969	313	913.998	1	4	5	2	3	14523	0	1000	1404	412	0	1	4	5	2	3	1416	1722	2056	2352	2648	6000	5000	1	1	1	1	1	1
8	54	0	5	1000	318020	318021.984	318	912.011	3	5	1	2	4	35124	0	1000	1262	438	0	3	5	1	2	4	1442	1740	2020	2304	2542	6000	5000	1	1	1	1	1	1
8	55	0	5	1000	323020	323021.984	323	910.011	1	3	2	5	4	13254	0	1000	1334	366	0	1	3	2	5	4	1370	1642	1948	2198	2496	6000	5000	1	1	1	1	1	1
8	56	1	5	1000	328020	328021.992	328	908.016	3	2	4	5	1	32451	0	1000	0	0	0	0	0	0	0	0	0	0	0	0	0	6000	5000	0	1	1	1	1	1
8	57	0	5	1000	333020	333021.971	333	905.996	3	2	4	5	1	32451	0	1000	1330	356	0	3	2	4	5	1	1360	1622	1892	2158	2410	6000	5000	1	1	1	1	1	1
8	58	0	5	1000	338020	338021.976	338	903.941	3	5	1	2	4	35124	0	1000	1168	1300	0	3	5	1	2	4	2304	2592	2838	3052	3278	6000	5000	1	1	1	1	1	1
8	59	1	5	1000	343020	343021.982	343	901.997	1	3	2	5	4	13254	0	1000	1336	570	0	1	3	2	5	4	1574	1870	2156	2440	2708	6000	5000	1	1	1	1	1	1
8	60	1	5	1000	348020	348021.971	348	901.996	1	3	2	5	4	13254	0	1000	1254	508	0	1	3	2	5	4	1512	1776	2054	2322	2578	6000	5000	1	1	1	1	1	1
8	61	0	5	1000	353020	353021.969	353	899.972	1	4	5	2	3	14523	0	1000	988	1368	0	1	4	5	2	3	2372	2666	2868	3068	3226	6000	5000	1	1	1	1	1	1
8	62	0	5	1000	358020	358022.029	358	898.057	1	4	5	2	3	14523	0	1000	1296	368	0	1	4	5	2	3	1372	1650	1948	2240	2532	6000	5000	1	1	1	1	1	1
8	63	0	5	1000	363020	363021.973	363	896.003	3	2	4	5	1	32451	0	1000	1158	620	0	3	2	4	5	1	1624	1906	2152	2360	2554	6000	5000	1	1	1	1	1	1
8	64	0	5	1000	368020	368021.994	368	894.026	1	3	2	5	4	13254	0	1000	1108	590	0	1	3	2	5	4	1594	1852	2102	2292	2512	6000	5000	1	1	1	1	1	1
8	65	1	5	1000	373020	373021.976	373	891.992	3	5	1	2	4	35124	0	1000	1140	420	0	3	5	1	2	4	1424	1638	1902	2126	2348	6000	5000	1	1	1	1	1	1
8	66	1	5	1000	378020	378021.982	378	890.01	1	4	5	2	3	14523	0	1000	1062	386	0	1	4	5	2	3	1390	1646	1854	2086	2280	6000	5000	1	1	1	1	1	1
8	67	0	5	1000	383020	383021.984	383	890.014	1	4	5	2	3	14523	0	1000	1166	500	0	1	4	5	2	3	1504	1754	1998	2240	2472	6000	5000	1	1	1	1	1	1
8	68	1	5	1000	388020	388021.987	388	888.013	3	2	4	5	1	32451	0	16000	1248	594	0	3	2	4	5	1	1598	1838	2088	2330	2586	6000	5000	1	1	1	1	1	1