BN	TN	seqType	Horizon	PrepTime	startTime	startTimeReal	startTRReal	startTRtime	press0	press1	press2	press3	press4	cueP	complete	iti	MT	RT	isError	response0	response1	response2	response3	response4	pressTime0	pressTime1	pressTime2	pressTime3	pressTime4	timeThreshold	timeThresholdSuper	points	Gain1	Gain2	Gain3	Gain4	Gain5
1	1	1	5	1000	8020	8020.01	9	15.985	1	4	5	2	3	14523	0	1000	754	428	0	1	4	5	2	3	1432	1538	1712	1874	2032	6000	5000	1	1	1	1	1	1
1	2	1	5	1000	13020	13020.002	14	13.909	1	4	5	2	3	14523	0	1000	760	474	0	1	4	5	2	3	1478	1614	1766	1902	2036	6000	5000	1	1	1	1	1	1
1	3	0	5	1000	18020	18020.012	19	11.989	3	2	4	5	1	32451	0	1000	812	518	0	3	2	4	5	1	1522	1700	1812	2000	2154	6000	5000	1	1	1	1	1	1
1	4	1	5	1000	23020	23020.019	24	9.987	1	3	2	5	4	13254	0	1000	736	506	0	1	3	2	5	4	1510	1646	1772	1922	2030	6000	5000	1	1	1	1	1	1
1	5	0	5	1000	28020	28022.012	29	10.002	3	5	1	2	4	35124	0	1000	748	530	0	3	5	1	2	4	1534	1638	1784	1946	2056	6000	5000	1	1	1	1	1	1
1	6	1	5	1000	33020	33020.015	34	5.992	1	4	5	2	3	14523	0	1000	706	452	0	1	4	5	2	3	1456	1576	1724	1860	2012	6000	5000	1	1	1	1	1	1
1	7	1	5	1000	38020	38022	39	5.977	3	2	4	5	1	32451	0	1000	748	416	0	3	2	4	5	1	1420	1566	1650	1854	1990	6000	5000	1	1	1	1	1	1
1	8	1	5	1000	43020	43020.017	44	3.864	1	3	2	5	4	13254	0	1000	730	536	0	1	3	2	5	4	1540	1664	1810	1954	2088	6000	5000	1	1	1	1	1	1
1	9	1	5	1000	48020	48020.034	49	2.008	3	5	1	2	4	35124	0	1000	668	452	0	3	5	1	2	4	1456	1566	1712	1826	1944	6000	5000	1	1	1	1	1	1
1	10	1	5	1000	53020	53020.012	54	0	3	5	1	2	4	35124	0	1000	678	468	0	3	5	1	2	4	1472	1610	1732	1870	1970	6000	5000	1	1	1	1	1	1
1	11	1	5	1000	58020	58020.011	58	997.985	3	2	4	5	1	32451	0	1000	732	534	0	3	2	4	5	1	1538	1688	1776	1972	2086	6000	5000	1	1	1	1	1	1
1	12	0	5	1000	63020	63020.011	63	995.998	1	3	2	5	4	13254	0	1000	720	588	0	1	3	2	5	4	1592	1730	1858	1986	2104	6000	5000	1	1	1	1	1	1
1	13	0	5	1000	68020	68020.024	68	996.012	3	5	1	2	4	35124	0	1000	690	642	0	3	5	1	2	4	1646	1774	1890	2058	2150	6000	5000	1	1	1	1	1	1
1	14	1	5	1000	73020	73020.002	73	993.994	3	2	4	5	1	32451	0	1000	692	494	0	3	2	4	5	1	1498	1646	1728	1904	2012	6000	5000	1	1	1	1	1	1
1	15	1	5	1000	78020	78022.025	78	993.999	3	5	1	2	4	35124	0	1000	662	578	0	3	5	1	2	4	1582	1710	1820	1970	2076	6000	5000	1	1	1	1	1	1
1	16	1	5	1000	83020	83020.013	83	990.002	1	4	5	2	3	14523	0	1000	698	396	0	1	4	5	2	3	1400	1544	1696	1796	1936	6000	5000	1	1	1	1	1	1
1	17	0	5	1000	88020	88020.013	88	988.002	3	5	1	2	4	35124	0	16000	684	602	0	3	5	1	2	4	1606	1740	1860	1980	2074	6000	5000	1	1	1	1	1	1
1	18	0	5	1000	108020	108020.019	108	981.995	3	5	1	2	4	35124	0	1000	728	698	1	3	5	1	2	5	1702	1842	1962	2118	2130	6000	5000	0	1	1	1	1	1
1	19	0	5	1000	113020	113020	113	979.977	1	3	2	5	4	13254	0	1000	854	656	0	1	3	2	5	4	1660	1842	1994	2218	2324	6000	5000	1	1	1	1	1	1
1	20	1	5	1000	118020	118020.021	118	978.023	3	5	1	2	4	35124	0	1000	716	578	0	3	5	1	2	4	1582	1750	1878	2036	2144	6000	5000	1	1	1	1	1	1
1	21	0	5	1000	123020	123020.042	123	976.031	3	5	1	2	4	35124	0	1000	718	652	0	3	5	1	2	4	1656	1806	1944	2094	2208	6000	5000	1	1	1	1	1	1
1	22	0	5	1000	128020	128022.021	128	976.027	3	5	1	2	4	35124	0	1000	686	590	0	3	5	1	2	4	1594	1728	1866	2006	2110	6000	5000	1	1	1	1	1	1
1	23	1	5	1000	133020	133020.002	133	971.968	1	3	2	5	4	13254	0	1000	736	532	0	1	3	2	5	4	1536	1664	1816	1954	2070	6000	5000	1	1	1	1	1	1
1	24	1	5	1000	138020	138020.024	138	970.012	1	4	5	2	3	14523	0	1000	686	566	0	1	4	5	2	3	1570	1680	1854	1960	2104	6000	5000	1	1	1	1	1	1
1	25	0	5	1000	143020	143021.998	143	971.965	1	4	5	2	3	14523	0	1000	738	564	0	1	4	5	2	3	1568	1698	1880	1998	2134	6000	5000	1	1	1	1	1	1
1	26	1	5	1000	148020	148020.012	148	967.979	1	3	2	5	4	13254	0	1000	716	528	0	1	3	2	5	4	1532	1638	1764	1914	1984	6000	5000	1	1	1	1	1	1
1	27	0	5	1000	153020	153020.012	153	966.001	3	2	4	5	1	32451	0	1000	706	516	0	3	2	4	5	1	1520	1648	1746	1914	2052	6000	5000	1	1	1	1	1	1
1	28	0	5	1000	158020	158020.035	158	964.022	1	4	5	2	3	14523	0	1000	618	414	0	1	4	5	2	3	1418	1524	1680	1768	1880	6000	5000	1	1	1	1	1	1
1	29	0	5	1000	163020	163020.024	163	961.914	1	4	5	2	3	14523	0	1000	648	590	0	1	4	5	2	3	1594	1712	1868	1952	2090	6000	5000	1	1	1	1	1	1
1	30	0	5	1000	168020	168020.009	168	959.969	3	5	1	2	4	35124	0	1000	646	562	0	3	5	1	2	4	1566	1704	1808	1950	2066	6000	5000	1	1	1	1	1	1
1	31	0	5	1000	173020	173020.024	173	957.988	1	4	5	2	3	14523	0	1000	636	562	0	1	4	5	2	3	1566	1690	1838	1908	2054	6000	5000	1	1	1	1	1	1
1	32	1	5	1000	178020	178020.035	178	958.022	1	4	5	2	3	14523	0	1000	636	480	0	1	4	5	2	3	1484	1608	1758	1828	1956	6000	5000	1	1	1	1	1	1
1	33	1	5	1000	183020	183020.022	183	956.017	1	3	2	5	4	13254	0	1000	644	502	0	1	3	2	5	4	1506	1628	1730	1874	1952	6000	5000	1	1	1	1	1	1
1	34	0	5	1000	188020	188020.012	188	954.002	1	4	5	2	3	14523	0	16000	596	462	0	1	4	5	2	3	1466	1562	1708	1788	1900	6000	5000	1	1	1	1	1	1
1	35	0	5	1000	208020	208020.016	208	946.005	1	4	5	2	3	14523	0	1000	664	484	0	1	4	5	2	3	1488	1632	1792	1886	2020	6000	5000	1	1	1	1	1	1
1	36	0	5	1000	213020	213020.046	213	946.016	3	2	4	5	1	32451	0	1000	700	550	0	3	2	4	5	1	1554	1664	1776	1940	2066	6000	5000	1	1	1	1	1	1
1	37	1	5	1000	218020	218020.012	218	944.001	3	5	1	2	4	35124	0	1000	600	434	0	3	5	1	2	4	1438	1552	1652	1768	1882	6000	5000	1	1	1	1	1	1
1	38	0	5	1000	223020	223020.012	223	941.958	3	2	4	5	1	32451	0	1000	690	554	0	3	2	4	5	1	1558	1686	1762	1958	2076	6000	5000	1	1	1	1	1	1
1	39	1	5	1000	228020	228022.001	228	941.979	3	2	4	5	1	32451	0	1000	614	552	0	3	2	4	5	1	1556	1672	1758	1900	1968	6000	5000	1	1	1	1	1	1
1	40	0	5	1000	233020	233022.001	233	940.019	1	4	5	2	3	14523	0	1000	630	458	0	1	4	5	2	3	1462	1600	1726	1818	1922	6000	5000	1	1	1	1	1	1
1	41	1	5	1000	238020	238020.001	238	935.997	3	5	1	2	4	35124	0	1000	574	460	0	3	5	1	2	4	1464	1576	1654	1758	1856	6000	5000	1	1	1	1	1	1
1	42	0	5	1000	243020	243022.002	243	936.001	1	3	2	5	4	13254	0	1000	772	456	0	1	3	2	5	4	1460	1620	1776	1946	2054	6000	5000	1	1	1	1	1	1
1	43	1	5	1000	248020	248020.001	248	934.013	1	4	5	2	3	14523	0	1000	596	522	0	1	4	5	2	3	1526	1664	1810	1868	1986	6000	5000	1	1	1	1	1	1
1	44	0	5	1000	253020	253020.004	253	932.001	1	3	2	5	4	13254	0	1000	732	406	0	1	3	2	5	4	1410	1564	1674	1838	1928	6000	5000	1	1	1	1	1	1
1	45	1	5	1000	258020	258020.001	258	930.016	1	3	2	5	4	13254	0	1000	720	432	0	1	3	2	5	4	1436	1580	1678	1830	1930	6000	5000	1	1	1	1	1	1
1	46	1	5	1000	263020	263021.982	263	929.968	1	3	2	5	4	13254	0	1000	658	462	0	1	3	2	5	4	1466	1610	1700	1834	1902	6000	5000	1	1	1	1	1	1
1	47	0	5	1000	268020	268020.006	268	926.004	1	3	2	5	4	13254	0	1000	668	526	0	1	3	2	5	4	1530	1674	1780	1910	1986	6000	5000	1	1	1	1	1	1
1	48	1	5	1000	273020	273020.006	273	926.024	3	2	4	5	1	32451	0	1000	668	448	0	3	2	4	5	1	1452	1560	1650	1824	1948	6000	5000	1	1	1	1	1	1
1	49	1	5	1000	278020	278021.986	278	926.001	3	2	4	5	1	32451	0	1000	664	512	0	3	2	4	5	1	1516	1642	1716	1864	2000	6000	5000	1	1	1	1	1	1
1	50	0	5	1000	283020	283021.982	283	924	3	5	1	2	4	35124	0	1000	644	526	0	3	5	1	2	4	1530	1664	1776	1916	2008	6000	5000	1	1	1	1	1	1
1	51	0	5	1000	288020	288021.984	288	921.984	3	2	4	5	1	32451	0	16000	756	568	0	3	2	4	5	1	1572	1724	1832	1998	2142	6000	5000	1	1	1	1	1	1
1	52	0	5	1000	308020	308021.984	308	914	3	2	4	5	1	32451	0	1000	786	636	0	3	2	4	5	1	1640	1802	1898	2092	2226	6000	5000	1	1	1	1	1	1
1	53	0	5	1000	313020	313021.984	313	911.999	1	3	2	5	4	13254	0	1000	696	580	0	1	3	2	5	4	1584	1708	1838	1982	2074	6000	5000	1	1	1	1	1	1
1	54	0	5	1000	318020	318020.007	318	910.009	1	3	2	5	4	13254	0	1000	680	500	0	1	3	2	5	4	1504	1636	1740	1870	1952	6000	5000	1	1	1	1	1	1
1	55	0	5	1000	323020	323020	323	908.012	1	4	5	2	3	14523	0	1000	738	342	0	1	4	5	2	3	1346	1486	1656	1778	1898	6000	5000	1	1	1	1	1	1
1	56	1	5	1000	328020	328021.981	328	907.998	3	2	4	5	1	32451	0	1000	712	464	0	3	2	4	5	1	1468	1612	1684	1856	1986	6000	5000	1	1	1	1	1	1
1	57	0	5	1000	333020	333021.984	333	905.996	3	2	4	5	1	32451	0	1000	712	492	0	3	2	4	5	1	1496	1632	1722	1896	2002	6000	5000	1	1	1	1	1	1
1	58	0	5	1000	338020	338021.985	338	904	3	2	4	5	1	32451	0	1000	678	484	0	3	2	4	5	1	1488	1610	1692	1866	1960	6000	5000	1	1	1	1	1	1
1	59	0	5	1000	343020	343021.985	343	901.986	3	5	1	2	4	35124	0	1000	618	414	0	3	5	1	2	4	1418	1562	1654	1778	1864	6000	5000	1	1	1	1	1	1
1	60	1	5	1000	348020	348021.982	348	899.997	3	5	1	2	4	35124	0	1000	588	418	0	3	5	1	2	4	1422	1546	1640	1758	1840	6000	5000	1	1	1	1	1	1
1	61	1	5	1000	353020	353021.986	353	900.003	1	3	2	5	4	13254	0	1000	716	416	0	1	3	2	5	4	1420	1558	1692	1810	1908	6000	5000	1	1	1	1	1	1
1	62	1	5	1000	358020	358022.008	358	898.005	3	2	4	5	1	32451	0	1000	658	456	0	3	2	4	5	1	1460	1580	1650	1802	1924	6000	5000	1	1	1	1	1	1
1	63	1	5	1000	363020	363022.012	363	896.01	1	4	5	2	3	14523	0	1000	670	478	0	1	4	5	2	3	1482	1606	1746	1850	1956	6000	5000	1	1	1	1	1	1
1	64	1	5	1000	368020	368021.986	368	893.998	3	5	1	2	4	35124	0	1000	604	514	0	3	5	1	2	4	1518	1640	1754	1860	1950	6000	5000	1	1	1	1	1	1
1	65	0	5	1000	373020	373022.249	373	892.266	1	4	5	2	3	14523	0	1000	676	496	0	1	4	5	2	3	1500	1648	1796	1914	2032	6000	5000	1	1	1	1	1	1
1	66	0	5	1000	378020	378021.986	378	890.005	1	3	2	5	4	13254	0	1000	666	520	0	1	3	2	5	4	1524	1640	1766	1902	1984	6000	5000	1	1	1	1	1	1
1	67	0	5	1000	383020	383020.003	383	886.021	3	2	4	5	1	32451	0	1000	718	578	0	3	2	4	5	1	1582	1728	1782	1958	2078	6000	5000	1	1	1	1	1	1
1	68	1	5	1000	388020	388021.984	388	885.999	1	4	5	2	3	14523	0	16000	576	436	0	1	4	5	2	3	1440	1554	1678	1760	1868	6000	5000	1	1	1	1	1	1
2	1	1	5	1000	8020	8020.017	9	14.028	1	3	2	5	4	13254	0	1000	746	406	0	1	3	2	5	4	1410	1558	1692	1818	1906	6000	5000	1	1	1	1	1	1
2	2	0	5	1000	13020	13020.001	14	11.994	3	2	4	5	1	32451	0	1000	664	552	0	3	2	4	5	1	1556	1690	1774	1940	2046	6000	5000	1	1	1	1	1	1
2	3	1	5	1000	18020	18020.012	19	11.994	1	3	2	5	4	13254	0	1000	648	400	0	1	3	2	5	4	1404	1498	1614	1714	1802	6000	5000	1	1	1	1	1	1
2	4	0	5	1000	23020	23020.012	24	10.011	1	4	5	2	3	14523	0	1000	634	444	0	1	4	5	2	3	1448	1568	1704	1820	1918	6000	5000	1	1	1	1	1	1
2	5	1	5	1000	28020	28020.024	29	8.021	1	4	5	2	3	14523	0	1000	652	392	0	1	4	5	2	3	1396	1522	1662	1776	1894	6000	5000	1	1	1	1	1	1
2	6	0	5	1000	33020	33020.002	34	6	3	5	1	2	4	35124	0	1000	642	470	0	3	5	1	2	4	1474	1630	1736	1866	1934	6000	5000	1	1	1	1	1	1
2	7	0	5	1000	38020	38020.028	39	3.999	1	3	2	5	4	13254	0	1000	784	548	0	1	3	2	5	4	1552	1680	1812	1988	2148	6000	5000	1	1	1	1	1	1
2	8	0	5	1000	43020	43020.06	44	2.07	1	3	2	5	4	13254	0	1000	640	460	0	1	3	2	5	4	1464	1584	1700	1798	1878	6000	5000	1	1	1	1	1	1
2	9	0	5	1000	48020	48020.059	49	0	1	4	5	2	3	14523	0	1000	658	486	0	1	4	5	2	3	1490	1622	1770	1890	1990	6000	5000	1	1	1	1	1	1
2	10	1	5	1000	53020	53022.148	54	2.158	1	3	2	5	4	13254	0	1000	682	508	0	1	3	2	5	4	1512	1624	1766	1874	1988	6000	5000	1	1	1	1	1	1
2	11	1	5	1000	58020	58020.004	58	997.98	3	2	4	5	1	32451	0	1000	672	514	0	3	2	4	5	1	1518	1652	1718	1876	1988	6000	5000	1	1	1	1	1	1
2	12	0	5	1000	63020	63020.004	63	996.003	1	3	2	5	4	13254	0	1000	644	486	0	1	3	2	5	4	1490	1596	1722	1836	1910	6000	5000	1	1	1	1	1	1
2	13	1	5	1000	68020	68022	68	995.893	3	2	4	5	1	32451	0	1000	642	474	0	3	2	4	5	1	1478	1588	1658	1832	1928	6000	5000	1	1	1	1	1	1
2	14	0	5	1000	73020	73020.014	73	992.01	1	4	5	2	3	14523	0	1000	636	516	0	1	4	5	2	3	1520	1648	1774	1884	1986	6000	5000	1	1	1	1	1	1
2	15	0	5	1000	78020	78020.014	78	990.002	1	3	2	5	4	13254	0	1000	730	596	1	1	3	2	4	5	1600	1720	1838	1930	2118	6000	5000	0	1	1	1	1	1
2	16	1	5	1000	83020	83020.012	83	990.012	1	4	5	2	3	14523	0	1000	638	524	0	1	4	5	2	3	1528	1640	1772	1888	1990	6000	5000	1	1	1	1	1	1
2	17	1	5	1000	88020	88022.123	88	990.131	1	4	5	2	3	14523	0	16000	634	496	0	1	4	5	2	3	1500	1610	1746	1862	1960	6000	5000	1	1	1	1	1	1
2	18	1	5	1000	108020	108020.025	108	980.012	1	4	5	2	3	14523	0	1000	654	566	0	1	4	5	2	3	1570	1702	1842	1970	2080	6000	5000	1	1	1	1	1	1
2	19	1	5	1000	113020	113020.009	113	978	3	5	1	2	4	35124	0	1000	634	504	0	3	5	1	2	4	1508	1624	1756	1856	1962	6000	5000	1	1	1	1	1	1
2	20	0	5	1000	118020	118021.992	118	979.988	3	2	4	5	1	32451	0	1000	920	650	0	3	2	4	5	1	1654	1872	2068	2244	2382	6000	5000	1	1	1	1	1	1
2	21	0	5	1000	123020	123020.011	123	975.935	1	3	2	5	4	13254	0	1000	668	594	0	1	3	2	5	4	1598	1712	1844	1980	2082	6000	5000	1	1	1	1	1	1
2	22	0	5	1000	128020	128020.023	128	973.971	3	5	1	2	4	35124	0	1000	618	580	0	3	5	1	2	4	1584	1710	1830	1954	2042	6000	5000	1	1	1	1	1	1
2	23	0	5	1000	133020	133020.005	133	971.992	3	2	4	5	1	32451	0	1000	704	512	0	3	2	4	5	1	1516	1644	1746	1912	2010	6000	5000	1	1	1	1	1	1
2	24	1	5	1000	138020	138020.015	138	969.988	3	2	4	5	1	32451	0	1000	698	404	0	3	2	4	5	1	1408	1544	1606	1760	1878	6000	5000	1	1	1	1	1	1
2	25	1	5	1000	143020	143020.014	143	968.002	3	2	4	5	1	32451	0	1000	628	408	0	3	2	4	5	1	1412	1516	1594	1758	1844	6000	5000	1	1	1	1	1	1
2	26	0	5	1000	148020	148020.012	148	968.01	3	2	4	5	1	32451	0	1000	656	530	0	3	2	4	5	1	1534	1656	1734	1880	1990	6000	5000	1	1	1	1	1	1
2	27	0	5	1000	153020	153020	153	965.997	3	5	1	2	4	35124	0	1000	554	476	0	3	5	1	2	4	1480	1592	1704	1796	1846	6000	5000	1	1	1	1	1	1
2	28	1	5	1000	158020	158020.022	158	964.012	3	5	1	2	4	35124	0	1000	566	432	0	3	5	1	2	4	1436	1540	1646	1728	1806	6000	5000	1	1	1	1	1	1
2	29	1	5	1000	163020	163022.008	163	964.006	1	4	5	2	3	14523	0	1000	608	370	0	1	4	5	2	3	1374	1496	1628	1708	1822	6000	5000	1	1	1	1	1	1
2	30	1	5	1000	168020	168020.008	168	959.894	3	2	4	5	1	32451	0	1000	678	328	0	3	2	4	5	1	1332	1454	1532	1702	1802	6000	5000	1	1	1	1	1	1
2	31	1	5	1000	173020	173021.988	173	959.993	3	5	1	2	4	35124	0	1000	582	436	0	3	5	1	2	4	1440	1560	1674	1770	1852	6000	5000	1	1	1	1	1	1
2	32	0	5	1000	178020	178022.003	178	958.003	1	3	2	5	4	13254	0	1000	636	566	0	1	3	2	5	4	1570	1668	1784	1916	2020	6000	5000	1	1	1	1	1	1
2	33	1	5	1000	183020	183020.001	183	953.984	1	3	2	5	4	13254	0	1000	722	480	0	1	3	2	5	4	1484	1598	1710	1852	1992	6000	5000	1	1	1	1	1	1
2	34	1	5	1000	188020	188021.99	188	955.976	1	3	2	5	4	13254	0	16000	630	490	0	1	3	2	5	4	1494	1596	1720	1838	1932	6000	5000	1	1	1	1	1	1
2	35	1	5	1000	208020	208020.121	208	946.106	1	3	2	5	4	13254	0	1000	774	482	0	1	3	2	5	4	1486	1640	1786	1932	2072	6000	5000	1	1	1	1	1	1
2	36	1	5	1000	213020	213021.988	213	945.841	1	4	5	2	3	14523	0	1000	656	470	0	1	4	5	2	3	1474	1606	1734	1824	1934	6000	5000	1	1	1	1	1	1
2	37	0	5	1000	218020	218022.002	218	943.975	3	2	4	5	1	32451	0	1000	656	502	0	3	2	4	5	1	1506	1608	1712	1862	1976	6000	5000	1	1	1	1	1	1
2	38	1	5	1000	223020	223020.012	223	942.001	3	5	1	2	4	35124	0	1000	584	504	0	3	5	1	2	4	1508	1626	1724	1836	1924	6000	5000	1	1	1	1	1	1
2	39	1	5	1000	228020	228021.99	228	942	3	2	4	5	1	32451	0	1000	676	438	0	3	2	4	5	1	1442	1570	1656	1828	1934	6000	5000	1	1	1	1	1	1
2	40	1	5	1000	233020	233020.005	233	938.002	1	3	2	5	4	13254	0	1000	678	570	0	1	3	2	5	4	1574	1682	1800	1922	2034	6000	5000	1	1	1	1	1	1
2	41	0	5	1000	238020	238021.991	238	937.99	3	5	1	2	4	35124	0	1000	602	432	0	3	5	1	2	4	1436	1560	1674	1778	1850	6000	5000	1	1	1	1	1	1
2	42	1	5	1000	243020	243020.004	243	934.016	3	2	4	5	1	32451	0	1000	700	416	0	3	2	4	5	1	1420	1532	1606	1794	1910	6000	5000	1	1	1	1	1	1
2	43	1	5	1000	248020	248021.979	248	933.999	1	4	5	2	3	14523	0	1000	680	510	0	1	4	5	2	3	1514	1648	1790	1890	2028	6000	5000	1	1	1	1	1	1
2	44	0	5	1000	253020	253021.976	253	931.998	1	3	2	5	4	13254	0	1000	688	540	0	1	3	2	5	4	1544	1660	1768	1920	2026	6000	5000	1	1	1	1	1	1
2	45	1	5	1000	258020	258021.976	258	932	3	5	1	2	4	35124	0	1000	568	480	0	3	5	1	2	4	1484	1606	1692	1792	1884	6000	5000	1	1	1	1	1	1
2	46	0	5	1000	263020	263021.977	263	929.997	3	5	1	2	4	35124	0	1000	576	510	0	3	5	1	2	4	1514	1642	1730	1836	1918	6000	5000	1	1	1	1	1	1
2	47	0	5	1000	268020	268021.976	268	927.998	1	4	5	2	3	14523	0	1000	636	426	0	1	4	5	2	3	1430	1556	1690	1780	1884	6000	5000	1	1	1	1	1	1
2	48	0	5	1000	273020	273021.988	273	926.015	3	5	1	2	4	35124	0	1000	558	522	0	3	5	1	2	4	1526	1652	1720	1846	1912	6000	5000	1	1	1	1	1	1
2	49	0	5	1000	278020	278021.997	278	924.018	3	5	1	2	4	35124	0	1000	602	366	0	3	5	1	2	4	1370	1514	1614	1722	1820	6000	5000	1	1	1	1	1	1
2	50	1	5	1000	283020	283021.977	283	922.004	1	4	5	2	3	14523	0	1000	574	574	0	1	4	5	2	3	1578	1684	1816	1874	1996	6000	5000	1	1	1	1	1	1
2	51	0	5	1000	288020	288021.974	288	919.999	1	4	5	2	3	14523	0	16000	574	442	0	1	4	5	2	3	1446	1556	1678	1760	1848	6000	5000	1	1	1	1	1	1
2	52	0	5	1000	308020	308020.001	308	912.008	1	4	5	2	3	14523	0	1000	612	498	0	1	4	5	2	3	1502	1626	1780	1842	1946	6000	5000	1	1	1	1	1	1
2	53	0	5	1000	313020	313021.976	313	912.005	3	2	4	5	1	32451	0	1000	610	608	0	3	2	4	5	1	1612	1726	1798	1944	2034	6000	5000	1	1	1	1	1	1
2	54	0	5	1000	318020	318020.024	318	908.019	1	4	5	2	3	14523	0	1000	574	522	0	1	4	5	2	3	1526	1644	1768	1848	1944	6000	5000	1	1	1	1	1	1
2	55	1	5	1000	323020	323020.001	323	905.956	3	5	1	2	4	35124	0	1000	550	450	0	3	5	1	2	4	1454	1560	1636	1726	1808	6000	5000	1	1	1	1	1	1
2	56	1	5	1000	328020	328022.001	328	905.998	3	5	1	2	4	35124	0	1000	502	416	0	3	5	1	2	4	1420	1528	1610	1688	1758	6000	5000	1	1	1	1	1	1
2	57	1	5	1000	333020	333020.012	333	904.01	1	3	2	5	4	13254	0	1000	638	402	0	1	3	2	5	4	1406	1530	1624	1740	1826	6000	5000	1	1	1	1	1	1
2	58	1	5	1000	338020	338020.001	338	901.886	3	5	1	2	4	35124	0	1000	480	512	0	3	5	1	2	4	1516	1608	1694	1776	1830	6000	5000	1	1	1	1	1	1
2	59	0	5	1000	343020	343020.011	343	899.987	1	4	5	2	3	14523	0	1000	558	338	0	1	4	5	2	3	1342	1438	1556	1650	1738	6000	5000	1	1	1	1	1	1
2	60	0	5	1000	348020	348020.003	348	897.982	1	4	5	2	3	14523	0	1000	546	458	0	1	4	5	2	3	1462	1576	1698	1752	1846	6000	5000	1	1	1	1	1	1
2	61	1	5	1000	353020	353020.003	353	896.002	3	2	4	5	1	32451	0	1000	546	422	0	3	2	4	5	1	1426	1536	1604	1718	1806	6000	5000	1	1	1	1	1	1
2	62	0	5	1000	358020	358020.11	358	894.08	3	5	1	2	4	35124	0	1000	496	404	0	3	5	1	2	4	1408	1518	1594	1672	1742	6000	5000	1	1	1	1	1	1
2	63	1	5	1000	363020	363021.998	363	894	1	3	2	5	4	13254	0	1000	584	488	0	1	3	2	5	4	1492	1576	1680	1798	1882	6000	5000	1	1	1	1	1	1
2	64	0	5	1000	368020	368020.028	368	891.998	1	3	2	5	4	13254	0	1000	594	456	0	1	3	2	5	4	1460	1572	1676	1792	1860	6000	5000	1	1	1	1	1	1
2	65	0	5	1000	373020	373020.014	373	890.001	3	2	4	5	1	32451	0	1000	574	548	0	3	2	4	5	1	1552	1642	1722	1860	1948	6000	5000	1	1	1	1	1	1
2	66	0	5	1000	378020	378020.007	378	887.995	3	2	4	5	1	32451	0	1000	544	396	0	3	2	4	5	1	1400	1494	1570	1688	1772	6000	5000	1	1	1	1	1	1
2	67	1	5	1000	383020	383020.001	383	885.967	1	4	5	2	3	14523	0	1000	540	438	0	1	4	5	2	3	1442	1548	1656	1740	1844	6000	5000	1	1	1	1	1	1
2	68	1	5	1000	388020	388020.003	388	883.988	1	3	2	5	4	13254	0	16000	614	418	0	1	3	2	5	4	1422	1534	1632	1754	1854	6000	5000	1	1	1	1	1	1
3	1	1	5	1000	8020	8020.01	9	15.978	3	5	1	2	4	35124	0	1000	588	392	0	3	5	1	2	4	1396	1516	1622	1736	1814	6000	5000	1	1	1	1	1	1
3	2	1	5	1000	13020	13020.016	14	13.996	1	4	5	2	3	14523	0	1000	586	506	0	1	4	5	2	3	1510	1624	1762	1848	1956	6000	5000	1	1	1	1	1	1
3	3	1	5	1000	18020	18022	19	13.956	3	5	1	2	4	35124	0	1000	554	424	0	3	5	1	2	4	1428	1548	1642	1730	1814	6000	5000	1	1	1	1	1	1
3	4	0	5	1000	23020	23020.023	24	10.001	1	4	5	2	3	14523	0	1000	552	372	0	1	4	5	2	3	1376	1490	1612	1692	1788	6000	5000	1	1	1	1	1	1
3	5	0	5	1000	28020	28020.022	29	10.009	1	4	5	2	3	14523	0	1000	570	264	0	1	4	5	2	3	1268	1374	1492	1576	1668	6000	5000	1	1	1	1	1	1
3	6	0	5	1000	33020	33020.023	34	7.995	3	5	1	2	4	35124	0	1000	602	488	0	3	5	1	2	4	1492	1622	1726	1868	1976	6000	5000	1	1	1	1	1	1
3	7	0	5	1000	38020	38020.022	39	5.955	3	2	4	5	1	32451	0	1000	576	546	0	3	2	4	5	1	1550	1652	1738	1860	1944	6000	5000	1	1	1	1	1	1
3	8	1	5	1000	43020	43020.008	44	3.998	3	5	1	2	4	35124	0	1000	474	426	0	3	5	1	2	4	1430	1530	1602	1696	1770	6000	5000	1	1	1	1	1	1
3	9	0	5	1000	48020	48020.016	49	2.007	1	3	2	5	4	13254	0	1000	620	490	0	1	3	2	5	4	1494	1590	1712	1858	1964	6000	5000	1	1	1	1	1	1
3	10	1	5	1000	53020	53020.012	54	0	1	4	5	2	3	14523	0	1000	568	452	0	1	4	5	2	3	1456	1562	1680	1778	1920	6000	5000	1	1	1	1	1	1
3	11	0	5	1000	58020	58020.029	58	999.997	3	2	4	5	1	32451	0	1000	612	506	0	3	2	4	5	1	1510	1636	1722	1852	1956	6000	5000	1	1	1	1	1	1
3	12	0	5	1000	63020	63020.01	63	997.975	3	5	1	2	4	35124	0	1000	530	574	0	3	5	1	2	4	1578	1694	1772	1872	1944	6000	5000	1	1	1	1	1	1
3	13	0	5	1000	68020	68021.999	68	997.982	1	4	5	2	3	14523	0	1000	594	74	0	1	4	5	2	3	1078	1202	1344	1440	1544	6000	5000	1	1	1	1	1	1
3	14	1	5	1000	73020	73020.022	73	994.025	3	5	1	2	4	35124	0	1000	500	440	0	3	5	1	2	4	1444	1560	1642	1714	1778	6000	5000	1	1	1	1	1	1
3	15	1	5	1000	78020	78020.029	78	991.993	1	3	2	5	4	13254	0	1000	600	434	0	1	3	2	5	4	1438	1548	1656	1776	1868	6000	5000	1	1	1	1	1	1
3	16	0	5	1000	83020	83020.013	83	989.944	1	3	2	5	4	13254	0	1000	632	496	0	1	3	2	5	4	1500	1616	1726	1858	1938	6000	5000	1	1	1	1	1	1
3	17	1	5	1000	88020	88020.088	88	988.076	3	5	1	2	4	35124	0	16000	608	454	0	3	5	1	2	4	1458	1570	1680	1778	1908	6000	5000	1	1	1	1	1	1
3	18	1	5	1000	108020	108020.035	108	981.988	3	5	1	2	4	35124	0	1000	548	444	0	3	5	1	2	4	1448	1576	1668	1756	1850	6000	5000	1	1	1	1	1	1
3	19	0	5	1000	113020	113020.035	113	980.012	3	2	4	5	1	32451	0	1000	636	516	0	3	2	4	5	1	1520	1638	1728	1878	1968	6000	5000	1	1	1	1	1	1
3	20	1	5	1000	118020	118020.02	118	980.007	1	3	2	5	4	13254	0	1000	602	372	0	1	3	2	5	4	1376	1488	1608	1702	1844	6000	5000	1	1	1	1	1	1
3	21	0	5	1000	123020	123020.009	123	975.988	1	4	5	2	3	14523	0	1000	560	484	0	1	4	5	2	3	1488	1604	1718	1806	1912	6000	5000	1	1	1	1	1	1
3	22	1	5	1000	128020	128021.999	128	978	1	4	5	2	3	14523	0	1000	502	436	0	1	4	5	2	3	1440	1542	1636	1706	1822	6000	5000	1	1	1	1	1	1
3	23	1	5	1000	133020	133020.024	133	974.015	1	4	5	2	3	14523	0	1000	506	460	0	1	4	5	2	3	1464	1562	1662	1746	1842	6000	5000	1	1	1	1	1	1
3	24	0	5	1000	138020	138020.036	138	972.024	1	4	5	2	3	14523	0	1000	560	456	0	1	4	5	2	3	1460	1574	1710	1788	1898	6000	5000	1	1	1	1	1	1
3	25	1	5	1000	143020	143020.037	143	970.036	3	2	4	5	1	32451	0	1000	630	426	0	3	2	4	5	1	1430	1526	1610	1748	1864	6000	5000	1	1	1	1	1	1
3	26	0	5	1000	148020	148020.021	148	968.01	1	4	5	2	3	14523	0	1000	588	392	0	1	4	5	2	3	1396	1516	1692	1772	1838	6000	5000	1	1	1	1	1	1
3	27	0	5	1000	153020	153020.009	153	965.981	3	2	4	5	1	32451	0	1000	606	554	0	3	2	4	5	1	1558	1660	1754	1904	1978	6000	5000	1	1	1	1	1	1
3	28	0	5	1000	158020	158021.999	158	965.988	1	3	2	5	4	13254	0	1000	600	474	0	1	3	2	5	4	1478	1550	1646	1804	1906	6000	5000	1	1	1	1	1	1
3	29	0	5	1000	163020	163020.013	163	964.002	1	3	2	5	4	13254	0	1000	556	374	0	1	3	2	5	4	1378	1466	1560	1690	1756	6000	5000	1	1	1	1	1	1
3	30	0	5	1000	168020	168020.022	168	961.995	3	2	4	5	1	32451	0	1000	556	506	0	3	2	4	5	1	1510	1618	1680	1824	1866	6000	5000	1	1	1	1	1	1
3	31	1	5	1000	173020	173020.01	173	960.002	1	4	5	2	3	14523	0	1000	524	382	0	1	4	5	2	3	1386	1492	1596	1684	1778	6000	5000	1	1	1	1	1	1
3	32	0	5	1000	178020	178020.021	178	958.022	1	3	2	5	4	13254	0	1000	604	404	0	1	3	2	5	4	1408	1500	1606	1776	1862	6000	5000	1	1	1	1	1	1
3	33	1	5	1000	183020	183020.019	183	955.996	1	3	2	5	4	13254	0	1000	574	354	0	1	3	2	5	4	1358	1448	1572	1658	1750	6000	5000	1	1	1	1	1	1
3	34	1	5	1000	188020	188020.011	188	953.986	3	2	4	5	1	32451	0	16000	580	378	0	3	2	4	5	1	1382	1486	1564	1696	1798	6000	5000	1	1	1	1	1	1
3	35	1	5	1000	208020	208020.02	208	948.008	3	2	4	5	1	32451	0	1000	576	402	0	3	2	4	5	1	1406	1522	1618	1782	1806	6000	5000	1	1	1	1	1	1
3	36	0	5	1000	213020	213020.021	213	945.988	3	2	4	5	1	32451	0	1000	564	576	0	3	2	4	5	1	1580	1666	1780	1946	1974	6000	5000	1	1	1	1	1	1
3	37	1	5	1000	218020	218020.003	218	943.981	3	2	4	5	1	32451	0	1000	600	578	0	3	2	4	5	1	1582	1674	1780	1920	2004	6000	5000	1	1	1	1	1	1
3	38	1	5	1000	223020	223020.011	223	941.999	3	5	1	2	4	35124	0	1000	544	404	0	3	5	1	2	4	1408	1528	1618	1702	1792	6000	5000	1	1	1	1	1	1
3	39	1	5	1000	228020	228020.013	228	939.974	3	5	1	2	4	35124	0	1000	544	434	0	3	5	1	2	4	1438	1560	1646	1744	1838	6000	5000	1	1	1	1	1	1
3	40	1	5	1000	233020	233020.041	233	938.029	3	2	4	5	1	32451	0	1000	682	632	0	3	2	4	5	1	1636	1668	1872	2006	2094	6000	5000	1	1	1	1	1	1
3	41	0	5	1000	238020	238022.002	238	939.99	3	5	1	2	4	35124	0	1000	538	512	0	3	5	1	2	4	1516	1654	1746	1818	1902	6000	5000	1	1	1	1	1	1
3	42	1	5	1000	243020	243020.011	243	936.002	1	4	5	2	3	14523	0	1000	624	498	0	1	4	5	2	3	1502	1632	1764	1838	1950	6000	5000	1	1	1	1	1	1
3	43	1	5	1000	248020	248020.02	248	933.998	3	2	4	5	1	32451	0	1000	616	456	0	3	2	4	5	1	1460	1554	1676	1800	1888	6000	5000	1	1	1	1	1	1
3	44	0	5	1000	253020	253020.01	253	932.012	1	3	2	5	4	13254	0	1000	626	454	0	1	3	2	5	4	1458	1582	1694	1828	1908	6000	5000	1	1	1	1	1	1
3	45	1	5	1000	258020	258020.011	258	930.001	3	2	4	5	1	32451	0	1000	622	436	0	3	2	4	5	1	1440	1564	1650	1792	1872	6000	5000	1	1	1	1	1	1
3	46	1	5	1000	263020	263020.025	263	927.99	3	2	4	5	1	32451	0	1000	1164	440	1	3	2	4	1	1	1444	1562	1640	1824	2426	6000	5000	0	1	1	1	1	1
3	47	1	5	1000	268020	268020.011	268	926.012	1	4	5	2	3	14523	0	1000	618	496	0	1	4	5	2	3	1500	1628	1756	1844	1946	6000	5000	1	1	1	1	1	1
3	48	1	5	1000	273020	273020.019	273	926.002	1	3	2	5	4	13254	0	1000	646	438	0	1	3	2	5	4	1442	1544	1666	1784	1894	6000	5000	1	1	1	1	1	1
3	49	1	5	1000	278020	278020.133	278	924.135	1	3	2	5	4	13254	0	1000	656	378	0	1	3	2	5	4	1382	1486	1604	1742	1830	6000	5000	1	1	1	1	1	1
3	50	1	5	1000	283020	283020.034	283	922.01	1	4	5	2	3	14523	0	1000	564	438	0	1	4	5	2	3	1442	1536	1670	1760	1856	6000	5000	1	1	1	1	1	1
3	51	0	5	1000	288020	288020.01	288	919.993	3	5	1	2	4	35124	0	16000	548	582	0	3	5	1	2	4	1586	1710	1812	1878	1966	6000	5000	1	1	1	1	1	1
3	52	0	5	1000	308020	308020.012	308	913.999	3	5	1	2	4	35124	0	1000	504	424	0	3	5	1	2	4	1428	1544	1626	1704	1780	6000	5000	1	1	1	1	1	1
3	53	0	5	1000	313020	313020.011	313	911.98	3	5	1	2	4	35124	0	1000	516	506	0	3	5	1	2	4	1510	1616	1716	1776	1850	6000	5000	1	1	1	1	1	1
3	54	0	5	1000	318020	318020.011	318	909.962	1	3	2	5	4	13254	0	1000	610	532	0	1	3	2	5	4	1536	1640	1756	1876	1940	6000	5000	1	1	1	1	1	1
3	55	0	5	1000	323020	323020.01	323	907.987	3	5	1	2	4	35124	0	1000	502	528	0	3	5	1	2	4	1532	1634	1734	1796	1852	6000	5000	1	1	1	1	1	1
3	56	1	5	1000	328020	328021.997	328	907.981	3	5	1	2	4	35124	0	1000	528	474	0	3	5	1	2	4	1478	1584	1690	1752	1832	6000	5000	1	1	1	1	1	1
3	57	0	5	1000	333020	333020.021	333	903.953	3	5	1	2	4	35124	0	1000	464	436	0	3	5	1	2	4	1440	1522	1626	1680	1726	6000	5000	1	1	1	1	1	1
3	58	1	5	1000	338020	338020.069	338	902.027	3	2	4	5	1	32451	0	1000	568	384	0	3	2	4	5	1	1388	1498	1568	1690	1790	6000	5000	1	1	1	1	1	1
3	59	1	5	1000	343020	343020.016	343	902.005	1	3	2	5	4	13254	0	1000	632	362	1	5	1	3	2	5	1366	1402	1510	1614	1730	6000	5000	0	1	1	1	1	1
3	60	0	5	1000	348020	348020.01	348	899.985	3	2	4	5	1	32451	0	1000	634	452	0	3	2	4	5	1	1456	1592	1664	1816	1924	6000	5000	1	1	1	1	1	1
3	61	0	5	1000	353020	353020.011	353	898.001	3	2	4	5	1	32451	0	1000	634	514	0	3	2	4	5	1	1518	1640	1730	1860	1980	6000	5000	1	1	1	1	1	1
3	62	0	5	1000	358020	358020.011	358	895.988	1	4	5	2	3	14523	0	1000	628	464	0	1	4	5	2	3	1468	1576	1694	1814	1924	6000	5000	1	1	1	1	1	1
3	63	0	5	1000	363020	363020.009	363	893.99	1	3	2	5	4	13254	0	1000	644	540	0	1	3	2	5	4	1544	1652	1766	1886	1966	6000	5000	1	1	1	1	1	1
3	64	0	5	1000	368020	368020.029	368	893.999	1	4	5	2	3	14523	0	1000	650	476	0	1	4	5	2	3	1480	1596	1730	1844	1954	6000	5000	1	1	1	1	1	1
3	65	1	5	1000	373020	373020.02	373	889.998	1	3	2	5	4	13254	0	1000	644	480	0	1	3	2	5	4	1484	1574	1694	1816	1908	6000	5000	1	1	1	1	1	1
3	66	0	5	1000	378020	378020.059	378	890.04	3	5	1	2	4	35124	0	1000	518	432	0	3	5	1	2	4	1436	1556	1648	1712	1764	6000	5000	1	1	1	1	1	1
3	67	1	5	1000	383020	383020.138	383	888.113	1	3	2	5	4	13254	0	1000	574	396	0	1	3	2	5	4	1400	1486	1592	1680	1746	6000	5000	1	1	1	1	1	1
3	68	1	5	1000	388020	388020.035	388	886.037	3	5	1	2	4	35124	0	16000	518	366	0	3	5	1	2	4	1370	1476	1574	1630	1704	6000	5000	1	1	1	1	1	1
4	1	0	5	1000	8020	8021.995	9	16.005	3	5	1	2	4	35124	0	1000	542	404	0	3	5	1	2	4	1408	1526	1614	1702	1760	6000	5000	1	1	1	1	1	1
4	2	1	5	1000	13020	13021.979	14	13.979	1	3	2	5	4	13254	0	1000	574	402	0	1	3	2	5	4	1406	1512	1614	1722	1804	6000	5000	1	1	1	1	1	1
4	3	1	5	1000	18020	18020.011	19	9.996	1	3	2	5	4	13254	0	1000	586	380	0	1	3	2	5	4	1384	1492	1602	1680	1774	6000	5000	1	1	1	1	1	1
4	4	0	5	1000	23020	23020.005	24	10.018	3	5	1	2	4	35124	0	1000	510	380	0	3	5	1	2	4	1384	1500	1580	1672	1734	6000	5000	1	1	1	1	1	1
4	5	1	5	1000	28020	28021.991	29	9.998	3	5	1	2	4	35124	0	1000	506	396	0	3	5	1	2	4	1400	1508	1598	1686	1738	6000	5000	1	1	1	1	1	1
4	6	0	5	1000	33020	33020.005	34	6.027	1	4	5	2	3	14523	0	1000	716	404	1	1	4	5	4	2	1804	1894	2042	2168	2216	6000	5000	0	1	1	1	1	1
4	7	0	5	1000	38020	38021.989	39	5.998	1	4	5	2	3	14523	0	1000	602	478	0	1	4	5	2	3	1482	1610	1728	1832	1938	6000	5000	1	1	1	1	1	1
4	8	1	5	1000	43020	43021.99	44	3.999	3	5	1	2	4	35124	0	1000	464	448	0	3	5	1	2	4	1452	1548	1608	1688	1760	6000	5000	1	1	1	1	1	1
4	9	1	5	1000	48020	48020.018	49	0	1	4	5	2	3	14523	0	1000	534	490	0	1	4	5	2	3	1494	1588	1690	1782	1882	6000	5000	1	1	1	1	1	1
4	10	0	5	1000	53020	53021.994	54	0	1	3	2	5	4	13254	0	1000	598	528	0	1	3	2	5	4	1532	1626	1740	1858	1912	6000	5000	1	1	1	1	1	1
4	11	1	5	1000	58020	58022.109	59	0	3	2	4	5	1	32451	0	1000	778	498	0	3	2	4	5	1	1502	1684	1820	1908	2104	6000	5000	1	1	1	1	1	1
4	12	1	5	1000	63020	63020.03	63	996.062	3	2	4	5	1	32451	0	1000	608	460	0	3	2	4	5	1	1464	1544	1654	1782	1862	6000	5000	1	1	1	1	1	1
4	13	0	5	1000	68020	68021.977	68	995.973	1	4	5	2	3	14523	0	1000	544	512	0	1	4	5	2	3	1516	1620	1704	1812	1906	6000	5000	1	1	1	1	1	1
4	14	0	5	1000	73020	73021.999	73	993.995	3	5	1	2	4	35124	0	1000	520	436	0	3	5	1	2	4	1440	1556	1624	1714	1800	6000	5000	1	1	1	1	1	1
4	15	1	5	1000	78020	78020.004	78	989.998	1	4	5	2	3	14523	0	1000	556	414	0	1	4	5	2	3	1418	1524	1632	1724	1822	6000	5000	1	1	1	1	1	1
4	16	1	5	1000	83020	83021.992	83	990.013	3	5	1	2	4	35124	0	1000	522	412	0	3	5	1	2	4	1416	1544	1616	1694	1782	6000	5000	1	1	1	1	1	1
4	17	0	5	1000	88020	88021.992	88	990.008	3	5	1	2	4	35124	0	16000	496	450	0	3	5	1	2	4	1454	1574	1662	1718	1798	6000	5000	1	1	1	1	1	1
4	18	0	5	1000	108020	108020.023	108	980.019	3	5	1	2	4	35124	0	1000	546	550	0	3	5	1	2	4	1554	1684	1774	1862	1956	6000	5000	1	1	1	1	1	1
4	19	1	5	1000	113020	113021.99	113	979.987	3	2	4	5	1	32451	0	1000	634	492	0	3	2	4	5	1	1496	1588	1706	1856	1952	6000	5000	1	1	1	1	1	1
4	20	0	5	1000	118020	118020.018	118	976.015	3	2	4	5	1	32451	0	1000	638	532	0	3	2	4	5	1	1536	1648	1776	1900	1994	6000	5000	1	1	1	1	1	1
4	21	0	5	1000	123020	123021.988	123	977.998	3	5	1	2	4	35124	0	1000	488	452	0	3	5	1	2	4	1456	1574	1654	1730	1810	6000	5000	1	1	1	1	1	1
4	22	0	5	1000	128020	128021.979	128	975.946	1	3	2	5	4	13254	0	1000	594	532	0	1	3	2	5	4	1536	1638	1750	1878	1984	6000	5000	1	1	1	1	1	1
4	23	1	5	1000	133020	133021.993	133	973.987	1	3	2	5	4	13254	0	1000	588	474	0	1	3	2	5	4	1478	1568	1666	1770	1894	6000	5000	1	1	1	1	1	1
4	24	1	5	1000	138020	138021.992	138	972.011	3	2	4	5	1	32451	0	1000	614	424	0	3	2	4	5	1	1428	1520	1630	1752	1860	6000	5000	1	1	1	1	1	1
4	25	1	5	1000	143020	143021.991	143	970	3	5	1	2	4	35124	0	1000	542	452	0	3	5	1	2	4	1456	1562	1646	1746	1874	6000	5000	1	1	1	1	1	1
4	26	1	5	1000	148020	148021.977	148	967.893	3	2	4	5	1	32451	0	1000	604	480	0	3	2	4	5	1	1484	1566	1678	1798	1894	6000	5000	1	1	1	1	1	1
4	27	1	5	1000	153020	153021.99	153	965.987	1	4	5	2	3	14523	0	1000	526	424	0	1	4	5	2	3	1428	1530	1612	1720	1834	6000	5000	1	1	1	1	1	1
4	28	0	5	1000	158020	158020.005	158	964.018	1	4	5	2	3	14523	0	1000	560	412	0	1	4	5	2	3	1416	1526	1600	1704	1890	6000	5000	1	1	1	1	1	1
4	29	0	5	1000	163020	163020.016	163	962.017	3	2	4	5	1	32451	0	1000	592	594	0	3	2	4	5	1	1598	1712	1802	1920	2016	6000	5000	1	1	1	1	1	1
4	30	0	5	1000	168020	168021.993	168	962.002	3	2	4	5	1	32451	0	1000	558	522	0	3	2	4	5	1	1526	1614	1696	1812	1900	6000	5000	1	1	1	1	1	1
4	31	1	5	1000	173020	173020.002	173	958.01	1	3	2	5	4	13254	0	1000	552	398	0	1	3	2	5	4	1402	1492	1582	1644	1776	6000	5000	1	1	1	1	1	1
4	32	0	5	1000	178020	178021.99	178	958.001	1	3	2	5	4	13254	0	1000	616	510	0	1	3	2	5	4	1514	1610	1730	1862	1960	6000	5000	1	1	1	1	1	1
4	33	0	5	1000	183020	183020.012	183	953.998	1	3	2	5	4	13254	0	1000	554	474	0	1	3	2	5	4	1478	1558	1648	1746	1810	6000	5000	1	1	1	1	1	1
4	34	1	5	1000	188020	188020.003	188	952.024	1	4	5	2	3	14523	0	16000	552	418	0	1	4	5	2	3	1422	1514	1608	1720	1826	6000	5000	1	1	1	1	1	1
4	35	1	5	1000	208020	208021.981	208	947.991	1	4	5	2	3	14523	0	1000	544	448	0	1	4	5	2	3	1452	1552	1678	1762	1834	6000	5000	1	1	1	1	1	1
4	36	1	5	1000	213020	213021.997	213	946.016	1	4	5	2	3	14523	0	1000	502	464	0	1	4	5	2	3	1468	1560	1668	1744	1832	6000	5000	1	1	1	1	1	1
4	37	0	5	1000	218020	218021.996	218	943.982	3	5	1	2	4	35124	0	1000	508	514	0	3	5	1	2	4	1518	1642	1734	1780	1858	6000	5000	1	1	1	1	1	1
4	38	0	5	1000	223020	223021.992	223	941.998	3	2	4	5	1	32451	0	1000	560	460	0	3	2	4	5	1	1464	1552	1640	1762	1844	6000	5000	1	1	1	1	1	1
4	39	0	5	1000	228020	228022.011	228	940.02	1	4	5	2	3	14523	0	1000	512	514	0	1	4	5	2	3	1518	1614	1716	1798	1872	6000	5000	1	1	1	1	1	1
4	40	1	5	1000	233020	233020.002	233	938.01	3	2	4	5	1	32451	0	1000	526	442	0	3	2	4	5	1	1446	1530	1610	1720	1778	6000	5000	1	1	1	1	1	1
4	41	0	5	1000	238020	238020.091	238	936.008	3	5	1	2	4	35124	0	1000	484	418	0	3	5	1	2	4	1422	1530	1560	1670	1726	6000	5000	1	1	1	1	1	1
4	42	0	5	1000	243020	243021.988	243	935.973	3	5	1	2	4	35124	0	1000	456	476	0	3	5	1	2	4	1480	1582	1648	1728	1786	6000	5000	1	1	1	1	1	1
4	43	0	5	1000	248020	248021.991	248	934.002	1	4	5	2	3	14523	0	1000	490	364	0	1	4	5	2	3	1368	1458	1550	1642	1706	6000	5000	1	1	1	1	1	1
4	44	1	5	1000	253020	253020.085	253	930.071	1	4	5	2	3	14523	0	1000	488	450	1	1	4	5	3	2	1454	1538	1640	1738	1740	6000	5000	0	1	1	1	1	1
4	45	0	5	1000	258020	258020.016	258	927.981	3	2	4	5	1	32451	0	1000	570	566	0	3	2	4	5	1	1570	1664	1758	1862	1960	6000	5000	1	1	1	1	1	1
4	46	1	5	1000	263020	263021.992	263	928.001	3	2	4	5	1	32451	0	1000	552	402	0	3	2	4	5	1	1406	1494	1584	1660	1780	6000	5000	1	1	1	1	1	1
4	47	0	5	1000	268020	268021.991	268	928.009	1	3	2	5	4	13254	0	1000	592	482	0	1	3	2	5	4	1486	1588	1686	1808	1902	6000	5000	1	1	1	1	1	1
4	48	0	5	1000	273020	273021.972	273	925.98	3	2	4	5	1	32451	0	1000	610	512	0	3	2	4	5	1	1516	1624	1714	1826	1942	6000	5000	1	1	1	1	1	1
4	49	1	5	1000	278020	278021.978	278	923.987	3	5	1	2	4	35124	0	1000	506	398	0	3	5	1	2	4	1402	1524	1614	1670	1744	6000	5000	1	1	1	1	1	1
4	50	1	5	1000	283020	283020.081	283	920.089	3	5	1	2	4	35124	0	1000	526	434	0	3	5	1	2	4	1438	1546	1632	1702	1792	6000	5000	1	1	1	1	1	1
4	51	0	5	1000	288020	288021.998	288	919.943	3	2	4	5	1	32451	0	16000	626	414	0	3	2	4	5	1	1418	1520	1626	1748	1866	6000	5000	1	1	1	1	1	1
4	52	0	5	1000	308020	308020.118	308	912.138	3	2	4	5	1	32451	0	1000	662	412	0	3	2	4	5	1	1416	1528	1624	1808	1878	6000	5000	1	1	1	1	1	1
4	53	1	5	1000	313020	313020.113	313	910.13	1	4	5	2	3	14523	0	1000	578	532	0	1	4	5	2	3	1536	1648	1778	1878	1976	6000	5000	1	1	1	1	1	1
4	54	1	5	1000	318020	318020.004	318	908.002	1	3	2	5	4	13254	0	1000	552	426	0	1	3	2	5	4	1430	1506	1602	1706	1802	6000	5000	1	1	1	1	1	1
4	55	1	5	1000	323020	323021.991	323	907.996	1	4	5	2	3	14523	0	1000	542	390	1	1	4	5	3	2	1394	1488	1612	1694	1826	6000	5000	0	1	1	1	1	1
4	56	1	5	1000	328020	328021.991	328	905.977	3	2	4	5	1	32451	0	1000	686	524	0	3	2	4	5	1	1528	1640	1770	1918	2060	6000	5000	1	1	1	1	1	1
4	57	1	5	1000	333020	333020.087	333	902.096	1	3	2	5	4	13254	0	1000	640	582	0	1	3	2	5	4	1586	1684	1806	1930	2036	6000	5000	1	1	1	1	1	1
4	58	0	5	1000	338020	338020.062	338	902.079	1	4	5	2	3	14523	0	1000	582	500	0	1	4	5	2	3	1504	1606	1740	1836	1928	6000	5000	1	1	1	1	1	1
4	59	1	5	1000	343020	343020.003	343	900.013	1	3	2	5	4	13254	0	1000	634	586	0	1	3	2	5	4	1590	1702	1824	1948	2038	6000	5000	1	1	1	1	1	1
4	60	1	5	1000	348020	348020.073	348	898.073	3	5	1	2	4	35124	0	1000	540	432	0	3	5	1	2	4	1436	1564	1664	1730	1806	6000	5000	1	1	1	1	1	1
4	61	0	5	1000	353020	353020.014	353	896.02	1	3	2	5	4	13254	0	1000	586	506	0	1	3	2	5	4	1510	1612	1722	1830	1904	6000	5000	1	1	1	1	1	1
4	62	1	5	1000	358020	358021.991	358	895.908	3	5	1	2	4	35124	0	1000	536	426	0	3	5	1	2	4	1430	1560	1660	1730	1792	6000	5000	1	1	1	1	1	1
4	63	1	5	1000	363020	363021.976	363	893.985	1	3	2	5	4	13254	0	1000	616	498	0	1	3	2	5	4	1502	1602	1722	1814	1934	6000	5000	1	1	1	1	1	1
4	64	0	5	1000	368020	368021.99	368	892.008	3	2	4	5	1	32451	0	1000	742	632	0	3	2	4	5	1	1636	1762	1936	2096	2226	6000	5000	1	1	1	1	1	1
4	65	0	5	1000	373020	373021.991	373	891.98	1	3	2	5	4	13254	0	1000	604	504	0	1	3	2	5	4	1508	1624	1736	1848	1918	6000	5000	1	1	1	1	1	1
4	66	0	5	1000	378020	378020.095	378	888.108	1	4	5	2	3	14523	0	1000	566	514	0	1	4	5	2	3	1518	1612	1742	1832	1912	6000	5000	1	1	1	1	1	1
4	67	0	5	1000	383020	383021.988	383	887.886	1	3	2	5	4	13254	0	1000	656	574	0	1	3	2	5	4	1578	1710	1832	1966	2030	6000	5000	1	1	1	1	1	1
4	68	0	5	1000	388020	388020.002	388	883.892	3	5	1	2	4	35124	0	16000	516	480	0	3	5	1	2	4	1484	1614	1688	1760	1830	6000	5000	1	1	1	1	1	1
5	1	0	5	1000	8020	8021.984	9	16.032	1	3	2	5	4	13254	0	1000	716	530	0	1	3	2	5	4	1534	1668	1802	1944	2060	6000	5000	1	1	1	1	1	1
5	2	1	5	1000	13020	13021.965	14	16.001	3	2	4	5	1	32451	0	1000	610	480	0	3	2	4	5	1	1484	1576	1686	1804	1922	6000	5000	1	1	1	1	1	1
5	3	1	5	1000	18020	18022.075	19	14.1	3	2	4	5	1	32451	0	1000	772	446	0	3	2	4	5	1	1450	1566	1684	1868	2052	6000	5000	1	1	1	1	1	1
5	4	1	5	1000	23020	23021.981	24	12.018	3	5	1	2	4	35124	0	1000	622	474	0	3	5	1	2	4	1478	1632	1758	1844	1948	6000	5000	1	1	1	1	1	1
5	5	0	5	1000	28020	28021.975	29	9.999	3	5	1	2	4	35124	0	1000	568	550	0	3	5	1	2	4	1554	1690	1802	1880	1962	6000	5000	1	1	1	1	1	1
5	6	1	5	1000	33020	33021.951	34	7.987	1	3	2	5	4	13254	0	1000	628	484	0	1	3	2	5	4	1488	1600	1714	1824	1926	6000	5000	1	1	1	1	1	1
5	7	1	5	1000	38020	38021.952	39	5.988	3	2	4	5	1	32451	0	1000	676	496	0	3	2	4	5	1	1500	1622	1716	1862	2014	6000	5000	1	1	1	1	1	1
5	8	0	5	1000	43020	43021.953	44	4	3	2	4	5	1	32451	0	1000	688	548	0	3	2	4	5	1	1552	1678	1794	1932	2074	6000	5000	1	1	1	1	1	1
5	9	0	5	1000	48020	48021.964	49	3.992	3	2	4	5	1	32451	0	1000	604	466	0	3	2	4	5	1	1470	1558	1668	1766	1908	6000	5000	1	1	1	1	1	1
5	10	0	5	1000	53020	53021.963	54	2	3	5	1	2	4	35124	0	1000	554	516	0	3	5	1	2	4	1520	1640	1766	1842	1904	6000	5000	1	1	1	1	1	1
5	11	1	5	1000	58020	58021.964	59	0	3	2	4	5	1	32451	0	1000	652	642	0	3	2	4	5	1	1646	1738	1842	1982	2132	6000	5000	1	1	1	1	1	1
5	12	1	5	1000	63020	63021.963	63	997.996	1	4	5	2	3	14523	0	1000	616	488	0	1	4	5	2	3	1492	1614	1730	1860	1972	6000	5000	1	1	1	1	1	1
5	13	1	5	1000	68020	68021.976	68	995.999	1	3	2	5	4	13254	0	1000	702	538	0	1	3	2	5	4	1542	1646	1766	1928	2064	6000	5000	1	1	1	1	1	1
5	14	1	5	1000	73020	73021.986	73	996.011	1	3	2	5	4	13254	0	1000	620	584	0	1	3	2	5	4	1588	1714	1834	1948	2046	6000	5000	1	1	1	1	1	1
5	15	1	5	1000	78020	78022.057	78	994.047	3	5	1	2	4	35124	0	1000	546	472	0	3	5	1	2	4	1476	1586	1708	1800	1878	6000	5000	1	1	1	1	1	1
5	16	0	5	1000	83020	83021.995	83	992.008	3	2	4	5	1	32451	0	1000	636	530	0	3	2	4	5	1	1534	1648	1738	1862	2006	6000	5000	1	1	1	1	1	1
5	17	1	5	1000	88020	88021.977	88	989.999	1	4	5	2	3	14523	0	16000	584	540	0	1	4	5	2	3	1544	1650	1772	1876	1984	6000	5000	1	1	1	1	1	1
5	18	1	5	1000	108020	108021.969	108	981.967	1	4	5	2	3	14523	0	1000	598	518	0	1	4	5	2	3	1522	1646	1772	1882	1962	6000	5000	1	1	1	1	1	1
5	19	0	5	1000	113020	113021.964	113	981.894	3	2	4	5	1	32451	0	1000	652	556	0	3	2	4	5	1	1560	1686	1782	1898	2058	6000	5000	1	1	1	1	1	1
5	20	1	5	1000	118020	118021.935	118	979.976	3	2	4	5	1	32451	0	1000	624	574	0	3	2	4	5	1	1578	1698	1796	1882	2046	6000	5000	1	1	1	1	1	1
5	21	0	5	1000	123020	123021.975	123	978.011	1	4	5	2	3	14523	0	1000	576	450	0	1	4	5	2	3	1454	1584	1690	1806	1898	6000	5000	1	1	1	1	1	1
5	22	0	5	1000	128020	128021.964	128	976.001	3	2	4	5	1	32451	0	1000	630	416	0	3	2	4	5	1	1420	1536	1624	1730	1874	6000	5000	1	1	1	1	1	1
5	23	1	5	1000	133020	133021.966	133	974.001	1	3	2	5	4	13254	0	1000	636	454	0	1	3	2	5	4	1458	1588	1702	1790	1914	6000	5000	1	1	1	1	1	1
5	24	0	5	1000	138020	138021.961	138	971.997	3	2	4	5	1	32451	0	1000	632	586	0	3	2	4	5	1	1590	1708	1790	1906	2042	6000	5000	1	1	1	1	1	1
5	25	0	5	1000	143020	143021.972	143	969.976	1	3	2	5	4	13254	0	1000	630	454	0	1	3	2	5	4	1458	1584	1688	1804	1908	6000	5000	1	1	1	1	1	1
5	26	1	5	1000	148020	148022.002	148	969.941	3	5	1	2	4	35124	0	1000	576	456	0	3	5	1	2	4	1460	1578	1686	1790	1886	6000	5000	1	1	1	1	1	1
5	27	0	5	1000	153020	153021.973	153	967.917	1	4	5	2	3	14523	0	1000	584	410	0	1	4	5	2	3	1414	1528	1628	1736	1824	6000	5000	1	1	1	1	1	1
5	28	1	5	1000	158020	158021.975	158	965.988	1	4	5	2	3	14523	0	1000	596	418	0	1	4	5	2	3	1422	1556	1688	1786	1868	6000	5000	1	1	1	1	1	1
5	29	1	5	1000	163020	163021.975	163	963.999	3	2	4	5	1	32451	0	1000	624	476	0	3	2	4	5	1	1480	1584	1662	1790	1936	6000	5000	1	1	1	1	1	1
5	30	1	5	1000	168020	168020.103	168	960.151	1	3	2	5	4	13254	0	1000	606	466	0	1	3	2	5	4	1470	1590	1704	1810	1910	6000	5000	1	1	1	1	1	1
5	31	0	5	1000	173020	173021.972	173	960.007	1	3	2	5	4	13254	0	1000	586	482	0	1	3	2	5	4	1486	1592	1700	1800	1876	6000	5000	1	1	1	1	1	1
5	32	1	5	1000	178020	178020.041	178	956.089	1	4	5	2	3	14523	0	1000	620	518	0	1	4	5	2	3	1522	1644	1790	1900	1988	6000	5000	1	1	1	1	1	1
5	33	1	5	1000	183020	183021.965	183	957.998	1	4	5	2	3	14523	0	1000	556	562	0	1	4	5	2	3	1566	1682	1786	1886	1968	6000	5000	1	1	1	1	1	1
5	34	0	5	1000	188020	188021.955	188	956.003	1	3	2	5	4	13254	0	16000	614	514	0	1	3	2	5	4	1518	1634	1752	1850	1932	6000	5000	1	1	1	1	1	1
5	35	0	5	1000	208020	208021.964	208	948.013	1	3	2	5	4	13254	0	1000	678	680	0	1	3	2	5	4	1684	1844	1954	2078	2182	6000	5000	1	1	1	1	1	1
5	36	0	5	1000	213020	213021.962	213	945.986	1	3	2	5	4	13254	0	1000	548	472	0	1	3	2	5	4	1476	1572	1666	1752	1828	6000	5000	1	1	1	1	1	1
5	37	0	5	1000	218020	218021.964	218	945.987	1	4	5	2	3	14523	0	1000	558	438	0	1	4	5	2	3	1442	1550	1634	1754	1854	6000	5000	1	1	1	1	1	1
5	38	0	5	1000	223020	223021.988	223	943.911	1	3	2	5	4	13254	0	1000	590	378	0	1	3	2	5	4	1382	1502	1610	1708	1768	6000	5000	1	1	1	1	1	1
5	39	0	5	1000	228020	228021.975	228	942.002	3	2	4	5	1	32451	0	1000	730	624	0	3	2	4	5	1	1628	1732	1874	2034	2186	6000	5000	1	1	1	1	1	1
5	40	0	5	1000	233020	233021.993	233	940.012	1	4	5	2	3	14523	0	1000	556	566	0	1	4	5	2	3	1570	1672	1774	1888	1970	6000	5000	1	1	1	1	1	1
5	41	1	5	1000	238020	238022.083	238	938.107	3	5	1	2	4	35124	0	1000	486	426	0	3	5	1	2	4	1430	1536	1644	1700	1766	6000	5000	1	1	1	1	1	1
5	42	1	5	1000	243020	243021.952	243	935.977	3	2	4	5	1	32451	0	1000	690	460	0	3	2	4	5	1	1464	1590	1692	1838	2000	6000	5000	1	1	1	1	1	1
5	43	0	5	1000	248020	248020.056	248	932.091	3	5	1	2	4	35124	0	1000	554	448	0	3	5	1	2	4	1452	1562	1678	1780	1880	6000	5000	1	1	1	1	1	1
5	44	1	5	1000	253020	253021.964	253	934.001	1	4	5	2	3	14523	0	1000	606	462	0	1	4	5	2	3	1466	1568	1698	1828	1942	6000	5000	1	1	1	1	1	1
5	45	0	5	1000	258020	258022.101	258	932.126	3	5	1	2	4	35124	0	1000	554	332	0	3	5	1	2	4	1336	1454	1560	1648	1724	6000	5000	1	1	1	1	1	1
5	46	0	5	1000	263020	263021.975	263	930.013	3	5	1	2	4	35124	0	1000	500	458	0	3	5	1	2	4	1462	1560	1666	1748	1792	6000	5000	1	1	1	1	1	1
5	47	0	5	1000	268020	268021.962	268	927.973	1	4	5	2	3	14523	0	1000	580	558	0	1	4	5	2	3	1562	1662	1764	1878	2006	6000	5000	1	1	1	1	1	1
5	48	1	5	1000	273020	273021.959	273	925.995	1	3	2	5	4	13254	0	1000	756	512	0	1	3	2	5	4	1516	1632	1770	1942	2070	6000	5000	1	1	1	1	1	1
5	49	0	5	1000	278020	278021.951	278	923.942	3	5	1	2	4	35124	0	1000	606	528	0	3	5	1	2	4	1532	1680	1792	1876	1970	6000	5000	1	1	1	1	1	1
5	50	0	5	1000	283020	283020.06	283	920.073	3	2	4	5	1	32451	0	1000	708	534	0	3	2	4	5	1	1538	1652	1776	1918	2068	6000	5000	1	1	1	1	1	1
5	51	1	5	1000	288020	288021.975	288	922.035	3	5	1	2	4	35124	0	16000	566	444	0	3	5	1	2	4	1448	1584	1680	1768	1884	6000	5000	1	1	1	1	1	1
5	52	1	5	1000	308020	308020.008	308	912.043	3	5	1	2	4	35124	0	1000	598	448	0	3	5	1	2	4	1452	1586	1690	1808	1904	6000	5000	1	1	1	1	1	1
5	53	0	5	1000	313020	313021.964	313	911.997	1	3	2	5	4	13254	0	1000	1046	608	0	1	3	2	5	4	1612	1778	1972	2306	2482	6000	5000	1	1	1	1	1	1
5	54	0	5	1000	318020	318021.981	318	910.017	3	5	1	2	4	35124	0	1000	600	492	0	3	5	1	2	4	1496	1646	1752	1856	1950	6000	5000	1	1	1	1	1	1
5	55	0	5	1000	323020	323022.055	323	910.081	1	3	2	5	4	13254	0	1000	800	482	0	1	3	2	5	4	1486	1624	1738	1942	2094	6000	5000	1	1	1	1	1	1
5	56	1	5	1000	328020	328021.975	328	907.985	1	3	2	5	4	13254	0	1000	632	568	0	1	3	2	5	4	1572	1702	1812	1930	2020	6000	5000	1	1	1	1	1	1
5	57	1	5	1000	333020	333021.965	333	905.988	1	4	5	2	3	14523	0	1000	668	454	0	1	4	5	2	3	1458	1588	1744	1848	1980	6000	5000	1	1	1	1	1	1
5	58	1	5	1000	338020	338022.081	338	904.118	3	5	1	2	4	35124	0	1000	548	542	0	3	5	1	2	4	1546	1662	1758	1838	1920	6000	5000	1	1	1	1	1	1
5	59	1	5	1000	343020	343021.973	343	901.985	3	5	1	2	4	35124	0	1000	480	516	0	3	5	1	2	4	1520	1592	1690	1758	1858	6000	5000	1	1	1	1	1	1
5	60	1	5	1000	348020	348021.965	348	899.99	1	4	5	2	3	14523	0	1000	616	474	0	1	4	5	2	3	1478	1604	1726	1844	1974	6000	5000	1	1	1	1	1	1
5	61	0	5	1000	353020	353021.963	353	897.999	1	4	5	2	3	14523	0	1000	564	492	0	1	4	5	2	3	1496	1600	1716	1820	1924	6000	5000	1	1	1	1	1	1
5	62	0	5	1000	358020	358021.963	358	895.999	1	4	5	2	3	14523	0	1000	528	360	0	1	4	5	2	3	1364	1452	1554	1662	1760	6000	5000	1	1	1	1	1	1
5	63	0	5	1000	363020	363021.952	363	895.962	3	5	1	2	4	35124	0	1000	500	394	0	3	5	1	2	4	1398	1500	1590	1662	1738	6000	5000	1	1	1	1	1	1
5	64	1	5	1000	368020	368021.971	368	893.996	3	5	1	2	4	35124	0	1000	480	430	0	3	5	1	2	4	1434	1532	1604	1692	1762	6000	5000	1	1	1	1	1	1
5	65	1	5	1000	373020	373020.007	373	890.043	1	3	2	5	4	13254	0	1000	602	468	0	1	3	2	5	4	1472	1574	1672	1788	1932	6000	5000	1	1	1	1	1	1
5	66	0	5	1000	378020	378021.951	378	889.973	1	4	5	2	3	14523	0	1000	562	516	0	1	4	5	2	3	1520	1630	1728	1828	1932	6000	5000	1	1	1	1	1	1
5	67	1	5	1000	383020	383020.012	383	886.035	3	2	4	5	1	32451	0	1000	626	454	0	3	2	4	5	1	1458	1562	1648	1774	1914	6000	5000	1	1	1	1	1	1
5	68	0	5	1000	388020	388021.975	388	885.988	1	3	2	5	4	13254	0	16000	592	470	0	1	3	2	5	4	1474	1576	1680	1756	1866	6000	5000	1	1	1	1	1	1
6	1	0	5	1000	8020	8020.011	9	14.009	3	2	4	5	1	32451	0	1000	682	598	0	3	2	4	5	1	1602	1704	1832	1964	2096	6000	5000	1	1	1	1	1	1
6	2	1	5	1000	13020	13021.99	14	13.988	3	2	4	5	1	32451	0	1000	594	466	0	3	2	4	5	1	1470	1580	1672	1774	1894	6000	5000	1	1	1	1	1	1
6	3	0	5	1000	18020	18020.004	19	10.01	1	3	2	5	4	13254	0	1000	646	672	0	1	3	2	5	4	1676	1800	1910	2034	2156	6000	5000	1	1	1	1	1	1
6	4	0	5	1000	23020	23020.025	24	10.022	3	2	4	5	1	32451	0	1000	588	420	0	3	2	4	5	1	1424	1526	1608	1704	1834	6000	5000	1	1	1	1	1	1
6	5	1	5	1000	28020	28020.002	29	8.004	3	5	1	2	4	35124	0	1000	546	414	0	3	5	1	2	4	1418	1532	1638	1742	1772	6000	5000	1	1	1	1	1	1
6	6	0	5	1000	33020	33020.013	34	6.002	1	4	5	2	3	14523	0	1000	670	456	0	1	4	5	2	3	1460	1592	1728	1870	1970	6000	5000	1	1	1	1	1	1
6	7	0	5	1000	38020	38020.002	39	4.022	1	3	2	5	4	13254	0	1000	624	438	0	1	3	2	5	4	1442	1564	1668	1784	1888	6000	5000	1	1	1	1	1	1
6	8	0	5	1000	43020	43020.001	44	4.001	3	5	1	2	4	35124	0	1000	582	454	0	3	5	1	2	4	1458	1590	1726	1796	1872	6000	5000	1	1	1	1	1	1
6	9	0	5	1000	48020	48020.002	49	0	3	2	4	5	1	32451	0	1000	662	532	0	3	2	4	5	1	1536	1652	1780	1878	2030	6000	5000	1	1	1	1	1	1
6	10	0	5	1000	53020	53020.001	53	999.988	3	2	4	5	1	32451	0	1000	678	472	0	3	2	4	5	1	1476	1580	1702	1838	1974	6000	5000	1	1	1	1	1	1
6	11	1	5	1000	58020	58020.019	58	998.013	1	3	2	5	4	13254	0	1000	652	486	0	1	3	2	5	4	1490	1604	1720	1850	1972	6000	5000	1	1	1	1	1	1
6	12	1	5	1000	63020	63021.989	63	997.976	1	3	2	5	4	13254	0	1000	684	444	0	1	3	2	5	4	1448	1580	1686	1822	1962	6000	5000	1	1	1	1	1	1
6	13	0	5	1000	68020	68020.001	68	994	1	3	2	5	4	13254	0	1000	632	556	0	1	3	2	5	4	1560	1690	1798	1914	2012	6000	5000	1	1	1	1	1	1
6	14	0	5	1000	73020	73020.014	73	991.973	1	4	5	2	3	14523	0	1000	586	456	0	1	4	5	2	3	1460	1584	1688	1788	1896	6000	5000	1	1	1	1	1	1
6	15	1	5	1000	78020	78022.014	78	992.027	1	4	5	2	3	14523	0	1000	584	452	0	1	4	5	2	3	1456	1562	1694	1784	1888	6000	5000	1	1	1	1	1	1
6	16	0	5	1000	83020	83020.012	83	988.022	1	4	5	2	3	14523	0	1000	566	418	0	1	4	5	2	3	1422	1530	1614	1718	1824	6000	5000	1	1	1	1	1	1
6	17	1	5	1000	88020	88021.989	88	989.976	1	3	2	5	4	13254	0	16000	620	498	0	1	3	2	5	4	1502	1612	1724	1842	1938	6000	5000	1	1	1	1	1	1
6	18	1	5	1000	108020	108020.012	108	979.998	1	3	2	5	4	13254	0	1000	642	552	0	1	3	2	5	4	1556	1680	1790	1900	2010	6000	5000	1	1	1	1	1	1
6	19	0	5	1000	113020	113020.028	113	978.024	3	2	4	5	1	32451	0	1000	644	614	0	3	2	4	5	1	1618	1734	1844	1972	2100	6000	5000	1	1	1	1	1	1
6	20	0	5	1000	118020	118022.004	118	977.957	1	3	2	5	4	13254	0	1000	572	518	0	1	3	2	5	4	1522	1640	1732	1822	1926	6000	5000	1	1	1	1	1	1
6	21	0	5	1000	123020	123020.004	123	975.86	1	3	2	5	4	13254	0	1000	596	492	0	1	3	2	5	4	1496	1594	1688	1790	1888	6000	5000	1	1	1	1	1	1
6	22	1	5	1000	128020	128020.029	128	974.03	1	4	5	2	3	14523	0	1000	626	384	0	1	4	5	2	3	1388	1496	1650	1762	1858	6000	5000	1	1	1	1	1	1
6	23	0	5	1000	133020	133020.012	133	971.965	1	3	2	5	4	13254	0	1000	596	450	0	1	3	2	5	4	1454	1570	1666	1774	1856	6000	5000	1	1	1	1	1	1
6	24	1	5	1000	138020	138020.021	138	970.02	3	2	4	5	1	32451	0	1000	634	468	0	3	2	4	5	1	1472	1582	1684	1816	1938	6000	5000	1	1	1	1	1	1
6	25	0	5	1000	143020	143020.013	143	968.013	3	5	1	2	4	35124	0	1000	520	526	0	3	5	1	2	4	1530	1646	1732	1822	1860	6000	5000	1	1	1	1	1	1
6	26	0	5	1000	148020	148020.013	148	966	1	3	2	5	4	13254	0	1000	562	392	0	1	3	2	5	4	1396	1500	1596	1668	1764	6000	5000	1	1	1	1	1	1
6	27	1	5	1000	153020	153022	153	965.993	3	5	1	2	4	35124	0	1000	560	334	0	3	5	1	2	4	1338	1432	1534	1630	1680	6000	5000	1	1	1	1	1	1
6	28	1	5	1000	158020	158020.001	158	963.878	3	2	4	5	1	32451	0	1000	636	426	0	3	2	4	5	1	1430	1540	1632	1762	1890	6000	5000	1	1	1	1	1	1
6	29	1	5	1000	163020	163022	163	964.001	1	3	2	5	4	13254	0	1000	640	422	0	1	3	2	5	4	1426	1542	1664	1762	1880	6000	5000	1	1	1	1	1	1
6	30	1	5	1000	168020	168020.024	168	960.016	1	4	5	2	3	14523	0	1000	608	478	0	1	4	5	2	3	1482	1592	1718	1856	1974	6000	5000	1	1	1	1	1	1
6	31	0	5	1000	173020	173020.003	173	958.002	3	5	1	2	4	35124	0	1000	576	502	0	3	5	1	2	4	1506	1638	1726	1826	1890	6000	5000	1	1	1	1	1	1
6	32	1	5	1000	178020	178020.004	178	956.002	1	3	2	5	4	13254	0	1000	612	498	0	1	3	2	5	4	1502	1598	1706	1824	1920	6000	5000	1	1	1	1	1	1
6	33	0	5	1000	183020	183022.008	183	955.985	3	5	1	2	4	35124	0	1000	478	510	0	3	5	1	2	4	1514	1608	1696	1752	1816	6000	5000	1	1	1	1	1	1
6	34	1	5	1000	188020	188020.014	188	951.999	1	4	5	2	3	14523	0	16000	562	488	0	1	4	5	2	3	1492	1606	1736	1818	1918	6000	5000	1	1	1	1	1	1
6	35	1	5	1000	208020	208020.024	208	946.024	1	4	5	2	3	14523	0	1000	602	500	0	1	4	5	2	3	1504	1628	1770	1860	1976	6000	5000	1	1	1	1	1	1
6	36	1	5	1000	213020	213020.002	213	943.999	3	2	4	5	1	32451	0	1000	604	452	0	3	2	4	5	1	1456	1562	1666	1774	1904	6000	5000	1	1	1	1	1	1
6	37	1	5	1000	218020	218020.043	218	942.039	3	5	1	2	4	35124	0	1000	548	450	0	3	5	1	2	4	1454	1572	1658	1756	1872	6000	5000	1	1	1	1	1	1
6	38	0	5	1000	223020	223020.017	223	940.046	3	5	1	2	4	35124	0	1000	494	426	0	3	5	1	2	4	1430	1544	1640	1690	1776	6000	5000	1	1	1	1	1	1
6	39	0	5	1000	228020	228020.003	228	940.003	3	5	1	2	4	35124	0	1000	488	456	0	3	5	1	2	4	1460	1572	1612	1722	1814	6000	5000	1	1	1	1	1	1
6	40	0	5	1000	233020	233021.991	233	939.99	1	4	5	2	3	14523	0	1000	540	480	0	1	4	5	2	3	1484	1594	1690	1788	1902	6000	5000	1	1	1	1	1	1
6	41	0	5	1000	238020	238020.004	238	936.005	3	5	1	2	4	35124	0	1000	474	428	0	3	5	1	2	4	1432	1542	1572	1678	1744	6000	5000	1	1	1	1	1	1
6	42	1	5	1000	243020	243020.024	243	934.024	3	2	4	5	1	32451	0	1000	614	518	0	3	2	4	5	1	1522	1632	1756	1850	1954	6000	5000	1	1	1	1	1	1
6	43	0	5	1000	248020	248020.013	248	932.01	1	4	5	2	3	14523	0	1000	570	440	0	1	4	5	2	3	1444	1566	1684	1778	1888	6000	5000	1	1	1	1	1	1
6	44	0	5	1000	253020	253020.134	253	930.146	1	4	5	2	3	14523	0	1000	566	470	0	1	4	5	2	3	1474	1594	1696	1796	1904	6000	5000	1	1	1	1	1	1
6	45	0	5	1000	258020	258021.99	258	929.919	3	2	4	5	1	32451	0	1000	566	460	0	3	2	4	5	1	1464	1552	1658	1744	1852	6000	5000	1	1	1	1	1	1
6	46	0	5	1000	263020	263020.012	263	927.99	3	5	1	2	4	35124	0	1000	496	446	0	3	5	1	2	4	1450	1568	1646	1726	1806	6000	5000	1	1	1	1	1	1
6	47	1	5	1000	268020	268021.99	268	927.987	3	5	1	2	4	35124	0	1000	468	362	0	3	5	1	2	4	1366	1472	1550	1626	1692	6000	5000	1	1	1	1	1	1
6	48	1	5	1000	273020	273020.011	273	923.998	3	5	1	2	4	35124	0	1000	474	436	0	3	5	1	2	4	1440	1546	1622	1712	1792	6000	5000	1	1	1	1	1	1
6	49	1	5	1000	278020	278020.015	278	922.025	1	3	2	5	4	13254	0	1000	570	396	0	1	3	2	5	4	1400	1500	1600	1704	1810	6000	5000	1	1	1	1	1	1
6	50	0	5	1000	283020	283020.001	283	920.007	1	4	5	2	3	14523	0	1000	538	324	0	1	4	5	2	3	1328	1438	1546	1634	1728	6000	5000	1	1	1	1	1	1
6	51	1	5	1000	288020	288020.007	288	918.017	3	5	1	2	4	35124	0	16000	492	436	0	3	5	1	2	4	1440	1562	1658	1714	1776	6000	5000	1	1	1	1	1	1
6	52	1	5	1000	308020	308020.025	308	912.024	3	5	1	2	4	35124	0	1000	484	398	0	3	5	1	2	4	1402	1520	1608	1700	1742	6000	5000	1	1	1	1	1	1
6	53	0	5	1000	313020	313020.025	313	910	1	3	2	5	4	13254	0	1000	646	564	0	1	3	2	5	4	1568	1706	1818	1952	2050	6000	5000	1	1	1	1	1	1
6	54	1	5	1000	318020	318020.009	318	907.976	1	3	2	5	4	13254	0	1000	568	412	0	1	3	2	5	4	1416	1528	1630	1702	1786	6000	5000	1	1	1	1	1	1
6	55	1	5	1000	323020	323020.027	323	906.013	3	2	4	5	1	32451	0	1000	596	422	0	3	2	4	5	1	1426	1512	1620	1726	1858	6000	5000	1	1	1	1	1	1
6	56	1	5	1000	328020	328020	328	903.97	1	4	5	2	3	14523	0	1000	548	398	0	1	4	5	2	3	1402	1516	1624	1708	1810	6000	5000	1	1	1	1	1	1
6	57	1	5	1000	333020	333020.004	333	903.88	1	4	5	2	3	14523	0	1000	550	420	0	1	4	5	2	3	1424	1536	1652	1744	1842	6000	5000	1	1	1	1	1	1
6	58	1	5	1000	338020	338020.002	338	901.963	1	3	2	5	4	13254	0	1000	586	456	0	1	3	2	5	4	1460	1576	1676	1776	1868	6000	5000	1	1	1	1	1	1
6	59	1	5	1000	343020	343020.027	343	900.024	3	5	1	2	4	35124	0	1000	522	422	0	3	5	1	2	4	1426	1548	1634	1716	1782	6000	5000	1	1	1	1	1	1
6	60	1	5	1000	348020	348020.013	348	898.01	1	4	5	2	3	14523	0	1000	528	410	0	1	4	5	2	3	1414	1528	1622	1710	1810	6000	5000	1	1	1	1	1	1
6	61	1	5	1000	353020	353020.011	353	895.99	3	5	1	2	4	35124	0	1000	478	550	0	3	5	1	2	4	1554	1660	1760	1814	1878	6000	5000	1	1	1	1	1	1
6	62	0	5	1000	358020	358020.018	358	893.974	3	2	4	5	1	32451	0	1000	612	554	0	3	2	4	5	1	1558	1658	1766	1876	2002	6000	5000	1	1	1	1	1	1
6	63	1	5	1000	363020	363020.017	363	892.044	1	4	5	2	3	14523	0	1000	552	404	0	1	4	5	2	3	1408	1526	1622	1726	1820	6000	5000	1	1	1	1	1	1
6	64	0	5	1000	368020	368021.989	368	893.992	3	2	4	5	1	32451	0	1000	598	386	0	3	2	4	5	1	1390	1500	1590	1696	1818	6000	5000	1	1	1	1	1	1
6	65	0	5	1000	373020	373020.016	373	890.01	1	4	5	2	3	14523	0	1000	548	494	0	1	4	5	2	3	1498	1622	1716	1826	1910	6000	5000	1	1	1	1	1	1
6	66	1	5	1000	378020	378020.004	378	887.921	3	2	4	5	1	32451	0	1000	630	412	0	3	2	4	5	1	1416	1526	1630	1734	1874	6000	5000	1	1	1	1	1	1
6	67	1	5	1000	383020	383020	383	885.985	3	2	4	5	1	32451	0	1000	588	500	0	3	2	4	5	1	1504	1616	1696	1786	1912	6000	5000	1	1	1	1	1	1
6	68	0	5	1000	388020	388020.004	388	883.903	3	2	4	5	1	32451	0	16000	604	418	0	3	2	4	5	1	1422	1520	1630	1718	1844	6000	5000	1	1	1	1	1	1
7	1	1	5	1000	8020	8020.01	17	13.99	3	2	4	5	1	32451	0	1000	676	412	0	3	2	4	5	1	1416	1518	1638	1768	1874	6000	5000	1	1	1	1	1	1
7	2	1	5	1000	13020	13020.119	27	14.123	3	2	4	5	1	32451	0	1000	676	544	0	3	2	4	5	1	1548	1642	1762	1872	2020	6000	5000	1	1	1	1	1	1
7	3	1	5	1000	18020	18020.01	37	12.012	1	4	5	2	3	14523	0	1000	608	426	0	1	4	5	2	3	1430	1546	1668	1800	1900	6000	5000	1	1	1	1	1	1
7	4	0	5	1000	23020	23020.062	47	10.073	1	3	2	5	4	13254	0	1000	638	402	0	1	3	2	5	4	1406	1524	1638	1744	1854	6000	5000	1	1	1	1	1	1
7	5	1	5	1000	28020	28021.99	57	9.99	3	5	1	2	4	35124	0	1000	476	370	0	3	5	1	2	4	1374	1478	1578	1646	1694	6000	5000	1	1	1	1	1	1
7	6	0	5	1000	33020	33022.001	67	7.982	3	2	4	5	1	32451	0	1000	662	466	0	3	2	4	5	1	1470	1596	1706	1828	1940	6000	5000	1	1	1	1	1	1
7	7	1	5	1000	38020	38020.016	77	4.019	3	2	4	5	1	32451	0	1000	590	430	0	3	2	4	5	1	1434	1546	1630	1712	1836	6000	5000	1	1	1	1	1	1
7	8	0	5	1000	43020	43021.999	87	3.996	1	4	5	2	3	14523	0	1000	552	412	0	1	4	5	2	3	1416	1532	1614	1742	1818	6000	5000	1	1	1	1	1	1
7	9	0	5	1000	48020	48020.026	97	2.013	1	3	2	5	4	13254	0	1000	588	466	0	1	3	2	5	4	1470	1574	1690	1790	1880	6000	5000	1	1	1	1	1	1
7	10	1	5	1000	53020	53020.012	107	0	1	4	5	2	3	14523	0	1000	564	448	0	1	4	5	2	3	1452	1560	1666	1792	1868	6000	5000	1	1	1	1	1	1
7	11	1	5	1000	58020	58020.008	116	827.978	1	3	2	5	4	13254	0	1000	678	378	0	1	3	2	5	4	1382	1476	1620	1762	1914	6000	5000	1	1	1	1	1	1
7	12	1	5	1000	63020	63020.001	126	826.002	3	5	1	2	4	35124	0	1000	1108	310	1	3	5	1	4	4	1314	1420	1526	1610	2254	6000	5000	0	1	1	1	1	1
7	13	1	5	1000	68020	68021.997	136	827.987	1	4	5	2	3	14523	0	1000	638	470	0	1	4	5	2	3	1474	1596	1706	1850	1946	6000	5000	1	1	1	1	1	1
7	14	1	5	1000	73020	73021.998	146	825.984	3	2	4	5	1	32451	0	1000	630	458	0	3	2	4	5	1	1462	1570	1652	1758	1908	6000	5000	1	1	1	1	1	1
7	15	0	5	1000	78020	78020.026	156	822.002	1	3	2	5	4	13254	0	1000	654	466	0	1	3	2	5	4	1470	1590	1718	1812	1916	6000	5000	1	1	1	1	1	1
7	16	0	5	1000	83020	83021.996	166	821.992	1	3	2	5	4	13254	0	1000	620	506	0	1	3	2	5	4	1510	1632	1744	1850	1936	6000	5000	1	1	1	1	1	1
7	17	1	5	1000	88020	88020.007	176	818.008	1	3	2	5	4	13254	0	16000	660	452	0	1	3	2	5	4	1456	1572	1686	1816	1924	6000	5000	1	1	1	1	1	1
7	18	1	5	1000	108020	108020.029	216	812.029	1	3	2	5	4	13254	0	1000	726	428	0	1	3	2	5	4	1432	1546	1680	1824	1948	6000	5000	1	1	1	1	1	1
7	19	1	5	1000	113020	113020.001	226	810.003	1	3	2	5	4	13254	0	1000	618	550	0	1	3	2	5	4	1554	1666	1786	1890	1968	6000	5000	1	1	1	1	1	1
7	20	1	5	1000	118020	118022.005	236	809.992	1	4	5	2	3	14523	0	1000	616	404	0	1	4	5	2	3	1408	1532	1652	1790	1860	6000	5000	1	1	1	1	1	1
7	21	0	5	1000	123020	123020.008	246	806.008	1	4	5	2	3	14523	0	1000	576	440	0	1	4	5	2	3	1444	1526	1638	1778	1856	6000	5000	1	1	1	1	1	1
7	22	0	5	1000	128020	128020.002	256	803.992	3	5	1	2	4	35124	0	1000	540	468	0	3	5	1	2	4	1472	1588	1706	1790	1850	6000	5000	1	1	1	1	1	1
7	23	1	5	1000	133020	133022.009	266	803.993	3	5	1	2	4	35124	0	1000	516	424	0	3	5	1	2	4	1428	1518	1632	1722	1780	6000	5000	1	1	1	1	1	1
7	24	1	5	1000	138020	138020.009	276	801.998	1	3	2	5	4	13254	0	1000	642	430	0	1	3	2	5	4	1434	1558	1684	1792	1894	6000	5000	1	1	1	1	1	1
7	25	0	5	1000	143020	143021.986	286	801.986	1	4	5	2	3	14523	0	1000	584	420	0	1	4	5	2	3	1424	1560	1660	1788	1876	6000	5000	1	1	1	1	1	1
7	26	1	5	1000	148020	148022.004	296	799.993	3	5	1	2	4	35124	0	1000	432	376	0	3	5	1	2	4	1380	1478	1562	1620	1662	6000	5000	1	1	1	1	1	1
7	27	0	5	1000	153020	153022.002	306	797.978	1	4	5	2	3	14523	0	1000	536	406	0	1	4	5	2	3	1410	1538	1604	1730	1804	6000	5000	1	1	1	1	1	1
7	28	1	5	1000	158020	158020.001	316	793.992	1	3	2	5	4	13254	0	1000	596	390	0	1	3	2	5	4	1394	1516	1630	1720	1814	6000	5000	1	1	1	1	1	1
7	29	0	5	1000	163020	163022.015	326	794.001	1	3	2	5	4	13254	0	1000	568	380	0	1	3	2	5	4	1384	1490	1588	1678	1768	6000	5000	1	1	1	1	1	1
7	30	0	5	1000	168020	168020.008	336	790.011	3	5	1	2	4	35124	0	1000	1088	402	1	3	5	1	4	4	1406	1532	1632	1700	2284	6000	5000	0	1	1	1	1	1
7	31	0	5	1000	173020	173021.998	346	791.999	3	2	4	5	1	32451	0	1000	682	648	0	3	2	4	5	1	1652	1756	1858	1982	2132	6000	5000	1	1	1	1	1	1
7	32	1	5	1000	178020	178021.996	356	789.953	1	3	2	5	4	13254	0	1000	654	504	0	1	3	2	5	4	1508	1616	1744	1874	1972	6000	5000	1	1	1	1	1	1
7	33	1	5	1000	183020	183020.004	366	786.006	3	2	4	5	1	32451	0	1000	662	394	0	3	2	4	5	1	1398	1494	1604	1744	1910	6000	5000	1	1	1	1	1	1
7	34	1	5	1000	188020	188020.045	376	784.023	3	5	1	2	4	35124	0	16000	672	476	0	3	5	1	2	4	1480	1606	1742	1852	1924	6000	5000	1	1	1	1	1	1
7	35	1	5	1000	208020	208020.001	416	778.013	3	5	1	2	4	35124	0	1000	680	476	0	3	5	1	2	4	1480	1622	1736	1824	1976	6000	5000	1	1	1	1	1	1
7	36	0	5	1000	213020	213021.999	426	778.012	1	3	2	5	4	13254	0	1000	682	588	0	1	3	2	5	4	1592	1720	1852	1984	2050	6000	5000	1	1	1	1	1	1
7	37	0	5	1000	218020	218020.043	436	774.033	3	2	4	5	1	32451	0	1000	682	660	0	3	2	4	5	1	1664	1774	1868	2008	2146	6000	5000	1	1	1	1	1	1
7	38	0	5	1000	223020	223021.987	446	774.001	3	2	4	5	1	32451	0	1000	686	558	0	3	2	4	5	1	1562	1676	1784	1928	2046	6000	5000	1	1	1	1	1	1
7	39	1	5	1000	228020	228021.99	456	772.012	1	4	5	2	3	14523	0	1000	712	432	0	1	4	5	2	3	1436	1564	1716	1832	1974	6000	5000	1	1	1	1	1	1
7	40	0	5	1000	233020	233021.982	466	769.964	3	5	1	2	4	35124	0	1000	644	360	0	3	5	1	2	4	1364	1530	1630	1708	1828	6000	5000	1	1	1	1	1	1
7	41	0	5	1000	238020	238020.01	476	765.989	3	5	1	2	4	35124	0	1000	586	554	0	3	5	1	2	4	1558	1692	1806	1896	1982	6000	5000	1	1	1	1	1	1
7	42	1	5	1000	243020	243021.998	486	767.995	1	3	2	5	4	13254	0	1000	658	474	0	1	3	2	5	4	1478	1620	1740	1852	1954	6000	5000	1	1	1	1	1	1
7	43	0	5	1000	248020	248021.985	496	765.975	3	5	1	2	4	35124	0	1000	550	518	0	3	5	1	2	4	1522	1654	1754	1824	1910	6000	5000	1	1	1	1	1	1
7	44	0	5	1000	253020	253020.052	506	762.028	1	4	5	2	3	14523	0	1000	618	482	0	1	4	5	2	3	1486	1602	1742	1840	1948	6000	5000	1	1	1	1	1	1
7	45	0	5	1000	258020	258020.01	516	760.009	1	4	5	2	3	14523	0	1000	620	464	0	1	4	5	2	3	1468	1602	1730	1844	1946	6000	5000	1	1	1	1	1	1
7	46	1	5	1000	263020	263020.011	526	758.012	1	4	5	2	3	14523	0	1000	640	480	0	1	4	5	2	3	1484	1622	1750	1874	1992	6000	5000	1	1	1	1	1	1
7	47	0	5	1000	268020	268021.993	536	758.008	3	2	4	5	1	32451	0	1000	664	530	0	3	2	4	5	1	1534	1648	1754	1858	1990	6000	5000	1	1	1	1	1	1
7	48	0	5	1000	273020	273022.001	546	755.976	1	4	5	2	3	14523	0	1000	614	496	0	1	4	5	2	3	1500	1612	1708	1850	1996	6000	5000	1	1	1	1	1	1
7	49	0	5	1000	278020	278021.988	556	755.991	3	2	4	5	1	32451	0	1000	656	430	0	3	2	4	5	1	1434	1556	1650	1748	1886	6000	5000	1	1	1	1	1	1
7	50	1	5	1000	283020	283020.024	566	752.024	3	5	1	2	4	35124	0	1000	568	438	0	3	5	1	2	4	1442	1548	1672	1738	1824	6000	5000	1	1	1	1	1	1
7	51	1	5	1000	288020	288022.022	576	752.019	3	2	4	5	1	32451	0	16000	670	426	0	3	2	4	5	1	1430	1530	1634	1744	1898	6000	5000	1	1	1	1	1	1
7	52	1	5	1000	308020	308020.013	616	742.007	3	2	4	5	1	32451	0	1000	686	368	0	3	2	4	5	1	1372	1494	1594	1726	1850	6000	5000	1	1	1	1	1	1
7	53	0	5	1000	313020	313020.009	626	742.012	3	5	1	2	4	35124	0	1000	610	384	0	3	5	1	2	4	1388	1498	1612	1698	1782	6000	5000	1	1	1	1	1	1
7	54	1	5	1000	318020	318020.011	636	739.993	3	2	4	5	1	32451	0	1000	598	382	0	3	2	4	5	1	1386	1484	1558	1646	1796	6000	5000	1	1	1	1	1	1
7	55	1	5	1000	323020	323020.004	646	737.994	1	3	2	5	4	13254	0	1000	660	378	0	1	3	2	5	4	1382	1502	1622	1730	1834	6000	5000	1	1	1	1	1	1
7	56	0	5	1000	328020	328020.016	656	735.898	3	2	4	5	1	32451	0	1000	626	368	0	3	2	4	5	1	1372	1488	1576	1682	1820	6000	5000	1	1	1	1	1	1
7	57	0	5	1000	333020	333020.002	666	733.983	1	3	2	5	4	13254	0	1000	754	600	0	1	3	2	5	4	1604	1736	1846	2006	2158	6000	5000	1	1	1	1	1	1
7	58	1	5	1000	338020	338020.012	676	732.005	3	2	4	5	1	32451	0	1000	676	490	0	3	2	4	5	1	1494	1592	1714	1832	1988	6000	5000	1	1	1	1	1	1
7	59	0	5	1000	343020	343021.998	686	732	3	2	4	5	1	32451	0	1000	680	516	0	3	2	4	5	1	1520	1636	1746	1848	1988	6000	5000	1	1	1	1	1	1
7	60	0	5	1000	348020	348021.987	696	731.99	3	5	1	2	4	35124	0	1000	606	500	0	3	5	1	2	4	1504	1642	1758	1826	1918	6000	5000	1	1	1	1	1	1
7	61	1	5	1000	353020	353020.065	706	728.059	1	4	5	2	3	14523	0	1000	666	422	0	1	4	5	2	3	1426	1560	1678	1786	1896	6000	5000	1	1	1	1	1	1
7	62	1	5	1000	358020	358022.11	716	728.095	1	4	5	2	3	14523	0	1000	648	490	0	1	4	5	2	3	1494	1620	1736	1862	1962	6000	5000	1	1	1	1	1	1
7	63	1	5	1000	363020	363020.081	726	724.095	3	5	1	2	4	35124	0	1000	578	486	0	3	5	1	2	4	1490	1612	1728	1814	1914	6000	5000	1	1	1	1	1	1
7	64	1	5	1000	368020	368022.016	736	724.02	3	5	1	2	4	35124	0	1000	544	480	0	3	5	1	2	4	1484	1600	1728	1784	1856	6000	5000	1	1	1	1	1	1
7	65	0	5	1000	373020	373020.022	746	720.024	3	5	1	2	4	35124	0	1000	546	430	0	3	5	1	2	4	1434	1540	1678	1732	1804	6000	5000	1	1	1	1	1	1
7	66	0	5	1000	378020	378020.026	756	718.02	1	3	2	5	4	13254	0	1000	686	582	0	1	3	2	5	4	1586	1738	1866	1980	2080	6000	5000	1	1	1	1	1	1
7	67	0	5	1000	383020	383020.028	766	716.031	1	4	5	2	3	14523	0	1000	672	510	0	1	4	5	2	3	1514	1652	1754	1906	2030	6000	5000	1	1	1	1	1	1
7	68	1	5	1000	388020	388020.001	776	716.002	3	2	4	5	1	32451	0	16000	614	466	0	3	2	4	5	1	1470	1584	1672	1756	1908	6000	5000	1	1	1	1	1	1
8	1	0	5	1000	8020	8020.028	17	16.078	1	4	5	2	3	14523	0	1000	716	532	0	1	4	5	2	3	1536	1662	1824	1970	2190	6000	5000	1	1	1	1	1	1
8	2	1	5	1000	13020	13021.976	27	16.018	1	3	2	5	4	13254	0	1000	698	474	0	1	3	2	5	4	1478	1592	1718	1832	1942	6000	5000	1	1	1	1	1	1
8	3	0	5	1000	18020	18021.965	37	13.98	1	4	5	2	3	14523	0	1000	636	448	0	1	4	5	2	3	1452	1556	1668	1808	1942	6000	5000	1	1	1	1	1	1
8	4	1	5	1000	23020	23020.007	47	10.026	3	2	4	5	1	32451	0	1000	650	388	0	3	2	4	5	1	1392	1498	1598	1704	1844	6000	5000	1	1	1	1	1	1
8	5	0	5	1000	28020	28022.218	57	10.237	1	3	2	5	4	13254	0	1000	710	408	0	1	3	2	5	4	1412	1540	1640	1768	1884	6000	5000	1	1	1	1	1	1
8	6	1	5	1000	33020	33021.976	67	10.016	1	4	5	2	3	14523	0	1000	688	412	0	1	4	5	2	3	1416	1532	1662	1796	1904	6000	5000	1	1	1	1	1	1
8	7	1	5	1000	38020	38021.99	77	8.003	1	3	2	5	4	13254	0	1000	718	410	0	1	3	2	5	4	1414	1530	1664	1794	1908	6000	5000	1	1	1	1	1	1
8	8	1	5	1000	43020	43020.032	87	4.056	3	2	4	5	1	32451	0	1000	656	400	0	3	2	4	5	1	1404	1502	1596	1732	1876	6000	5000	1	1	1	1	1	1
8	9	1	5	1000	48020	48021.991	97	4.004	3	2	4	5	1	32451	0	1000	670	570	0	3	2	4	5	1	1574	1688	1778	1918	2056	6000	5000	1	1	1	1	1	1
8	10	1	5	1000	53020	53022	107	2.009	3	5	1	2	4	35124	0	1000	546	368	1	3	5	1	4	2	1372	1464	1580	1682	1688	6000	5000	0	1	1	1	1	1
8	11	1	5	1000	58020	58020.002	116	830.038	3	2	4	5	1	32451	0	1000	668	452	0	3	2	4	5	1	1456	1570	1668	1796	1908	6000	5000	1	1	1	1	1	1
8	12	0	5	1000	63020	63020.021	126	828.047	3	2	4	5	1	32451	0	1000	714	540	0	3	2	4	5	1	1544	1678	1786	1898	2048	6000	5000	1	1	1	1	1	1
8	13	1	5	1000	68020	68020.004	136	826.025	3	5	1	2	4	35124	0	1000	776	366	0	3	5	1	2	4	1370	1512	1638	1836	1938	6000	5000	1	1	1	1	1	1
8	14	0	5	1000	73020	73022.005	146	828.016	3	2	4	5	1	32451	0	1000	770	564	0	3	2	4	5	1	1568	1688	1802	1952	2094	6000	5000	1	1	1	1	1	1
8	15	0	5	1000	78020	78022.008	156	824.007	1	4	5	2	3	14523	0	1000	698	430	0	1	4	5	2	3	1434	1570	1666	1826	1936	6000	5000	1	1	1	1	1	1
8	16	0	5	1000	83020	83021.999	166	822.009	3	2	4	5	1	32451	0	1000	806	578	0	3	2	4	5	1	1582	1740	1874	2028	2166	6000	5000	1	1	1	1	1	1
8	17	0	5	1000	88020	88021.961	176	821.984	1	3	2	5	4	13254	0	16000	730	626	0	1	3	2	5	4	1630	1770	1900	2034	2156	6000	5000	1	1	1	1	1	1
8	18	0	5	1000	108020	108022.103	216	814.105	1	3	2	5	4	13254	0	1000	1444	1120	0	1	3	2	5	4	2124	2260	2592	3090	3248	6000	5000	1	1	1	1	1	1
8	19	0	5	1000	113020	113021.975	226	811.998	1	3	2	5	4	13254	0	1000	948	506	0	1	3	2	5	4	1510	1700	1858	2128	2278	6000	5000	1	1	1	1	1	1
8	20	0	5	1000	118020	118021.967	236	809.972	1	4	5	2	3	14523	0	1000	756	416	0	1	4	5	2	3	1420	1574	1656	1822	2008	6000	5000	1	1	1	1	1	1
8	21	0	5	1000	123020	123021.991	246	809.993	1	4	5	2	3	14523	0	1000	680	338	0	1	4	5	2	3	1342	1450	1556	1716	1834	6000	5000	1	1	1	1	1	1
8	22	0	5	1000	128020	128022.003	256	808.014	1	3	2	5	4	13254	0	1000	740	510	0	1	3	2	5	4	1514	1648	1788	1940	2052	6000	5000	1	1	1	1	1	1
8	23	0	5	1000	133020	133021.975	266	805.99	3	2	4	5	1	32451	0	1000	696	452	0	3	2	4	5	1	1456	1572	1676	1814	1954	6000	5000	1	1	1	1	1	1
8	24	1	5	1000	138020	138022.003	276	803.999	1	4	5	2	3	14523	0	1000	676	436	0	1	4	5	2	3	1440	1556	1666	1802	1896	6000	5000	1	1	1	1	1	1
8	25	1	5	1000	143020	143021.991	286	801.998	3	5	1	2	4	35124	0	1000	574	406	0	3	5	1	2	4	1410	1522	1662	1692	1796	6000	5000	1	1	1	1	1	1
8	26	1	5	1000	148020	148021.964	296	799.965	1	3	2	5	4	13254	0	1000	646	414	0	1	3	2	5	4	1418	1546	1670	1786	1874	6000	5000	1	1	1	1	1	1
8	27	0	5	1000	153020	153021.981	306	799.895	1	3	2	5	4	13254	0	1000	734	486	0	1	3	2	5	4	1490	1644	1774	1912	2032	6000	5000	1	1	1	1	1	1
8	28	1	5	1000	158020	158021.976	316	797.975	1	3	2	5	4	13254	0	1000	686	522	0	1	3	2	5	4	1526	1644	1780	1882	2000	6000	5000	1	1	1	1	1	1
8	29	0	5	1000	163020	163021.979	326	795.991	3	5	1	2	4	35124	0	1000	652	358	0	3	5	1	2	4	1362	1484	1626	1742	1828	6000	5000	1	1	1	1	1	1
8	30	0	5	1000	168020	168021.965	336	793.991	3	2	4	5	1	32451	0	1000	712	504	0	3	2	4	5	1	1508	1632	1742	1882	2012	6000	5000	1	1	1	1	1	1
8	31	0	5	1000	173020	173020.008	346	790.042	3	5	1	2	4	35124	0	1000	684	424	0	3	5	1	2	4	1428	1594	1708	1816	1920	6000	5000	1	1	1	1	1	1
8	32	1	5	1000	178020	178020	356	790.01	1	4	5	2	3	14523	0	1000	678	444	0	1	4	5	2	3	1448	1580	1708	1836	1960	6000	5000	1	1	1	1	1	1
8	33	1	5	1000	183020	183020	366	786.002	1	4	5	2	3	14523	0	1000	686	524	0	1	4	5	2	3	1528	1658	1778	1914	2096	6000	5000	1	1	1	1	1	1
8	34	0	5	1000	188020	188021.968	376	786.001	1	3	2	5	4	13254	0	16000	720	640	0	1	3	2	5	4	1644	1788	1928	2052	2168	6000	5000	1	1	1	1	1	1
8	35	0	5	1000	208020	208021.975	416	780	1	3	2	5	4	13254	0	1000	808	452	0	1	3	2	5	4	1456	1604	1740	1864	1976	6000	5000	1	1	1	1	1	1
8	36	1	5	1000	213020	213020.032	426	776.034	3	2	4	5	1	32451	0	1000	686	420	0	3	2	4	5	1	1424	1520	1628	1762	1908	6000	5000	1	1	1	1	1	1
8	37	0	5	1000	218020	218021.965	436	775.987	3	5	1	2	4	35124	0	1000	592	448	0	3	5	1	2	4	1452	1588	1710	1768	1852	6000	5000	1	1	1	1	1	1
8	38	1	5	1000	223020	223021.996	446	773.976	1	3	2	5	4	13254	0	1000	686	578	0	1	3	2	5	4	1582	1710	1838	1952	2054	6000	5000	1	1	1	1	1	1
8	39	0	5	1000	228020	228021.975	456	773.991	3	2	4	5	1	32451	0	1000	668	458	0	3	2	4	5	1	1462	1582	1672	1800	1936	6000	5000	1	1	1	1	1	1
8	40	0	5	1000	233020	233022.089	466	772.103	3	2	4	5	1	32451	0	1000	662	364	0	3	2	4	5	1	1368	1492	1588	1704	1836	6000	5000	1	1	1	1	1	1
8	41	1	5	1000	238020	238022.068	476	770.065	1	3	2	5	4	13254	0	1000	706	408	0	1	3	2	5	4	1412	1526	1648	1760	1884	6000	5000	1	1	1	1	1	1
8	42	1	5	1000	243020	243021.977	486	768.013	1	3	2	5	4	13254	0	1000	694	402	0	1	3	2	5	4	1406	1520	1648	1778	1888	6000	5000	1	1	1	1	1	1
8	43	1	5	1000	248020	248021.989	496	765.985	3	5	1	2	4	35124	0	1000	624	404	0	3	5	1	2	4	1408	1540	1672	1726	1850	6000	5000	1	1	1	1	1	1
8	44	0	5	1000	253020	253021.974	506	763.879	1	3	2	5	4	13254	0	1000	780	464	0	1	3	2	5	4	1468	1620	1774	1904	2026	6000	5000	1	1	1	1	1	1
8	45	1	5	1000	258020	258020.003	516	760.004	3	5	1	2	4	35124	0	1000	638	396	0	3	5	1	2	4	1400	1524	1640	1756	1848	6000	5000	1	1	1	1	1	1
8	46	1	5	1000	263020	263022.07	526	762.082	1	4	5	2	3	14523	0	1000	778	472	0	1	4	5	2	3	1476	1622	1782	1920	2090	6000	5000	1	1	1	1	1	1
8	47	0	5	1000	268020	268021.984	536	760.029	1	4	5	2	3	14523	0	1000	670	512	0	1	4	5	2	3	1516	1632	1756	1890	2016	6000	5000	1	1	1	1	1	1
8	48	1	5	1000	273020	273021.975	546	757.987	3	5	1	2	4	35124	0	1000	590	490	0	3	5	1	2	4	1494	1606	1742	1794	1912	6000	5000	1	1	1	1	1	1
8	49	1	5	1000	278020	278021.968	556	755.991	3	5	1	2	4	35124	0	1000	636	376	0	3	5	1	2	4	1380	1502	1624	1728	1840	6000	5000	1	1	1	1	1	1
8	50	0	5	1000	283020	283021.976	566	753.97	1	4	5	2	3	14523	0	1000	724	532	0	1	4	5	2	3	1536	1680	1810	1944	2076	6000	5000	1	1	1	1	1	1
8	51	0	5	1000	288020	288021.966	576	751.981	3	5	1	2	4	35124	0	16000	582	408	0	3	5	1	2	4	1412	1544	1656	1720	1812	6000	5000	1	1	1	1	1	1
8	52	0	5	1000	308020	308021.992	616	745.993	3	5	1	2	4	35124	0	1000	718	258	0	3	5	1	2	4	1262	1444	1568	1686	1796	6000	5000	1	1	1	1	1	1
8	53	0	5	1000	313020	313022.052	626	743.998	3	5	1	2	4	35124	0	1000	546	488	0	3	5	1	2	4	1492	1590	1704	1776	1846	6000	5000	1	1	1	1	1	1
8	54	0	5	1000	318020	318021.975	636	741.997	1	3	2	5	4	13254	0	1000	712	628	0	1	3	2	5	4	1632	1788	1914	2040	2140	6000	5000	1	1	1	1	1	1
8	55	0	5	1000	323020	323022.005	646	740.029	3	5	1	2	4	35124	0	1000	626	498	0	3	5	1	2	4	1502	1652	1782	1834	1940	6000	5000	1	1	1	1	1	1
8	56	1	5	1000	328020	328021.98	656	738.002	3	5	1	2	4	35124	0	1000	652	396	1	1	3	5	1	2	1400	1444	1572	1718	1772	6000	5000	0	1	1	1	1	1
8	57	0	5	1000	333020	333022.072	666	738.094	3	5	1	2	4	35124	0	1000	1618	316	1	1	3	5	1	2	1320	1448	1638	1928	2554	6000	5000	0	1	1	1	1	1
8	58	1	5	1000	338020	338021.985	676	735.988	3	2	4	5	1	32451	0	1000	968	476	0	3	2	4	5	1	1480	1688	1848	2064	2246	6000	5000	1	1	1	1	1	1
8	59	1	5	1000	343020	343021.988	686	733.998	1	3	2	5	4	13254	0	1000	906	530	0	1	3	2	5	4	1534	1702	1862	2046	2214	6000	5000	1	1	1	1	1	1
8	60	1	5	1000	348020	348021.979	696	731.979	1	4	5	2	3	14523	0	1000	808	622	0	1	4	5	2	3	1626	1778	1956	2108	2256	6000	5000	1	1	1	1	1	1
8	61	1	5	1000	353020	353021.976	706	730.01	3	2	4	5	1	32451	0	1000	826	462	0	3	2	4	5	1	1466	1600	1726	1862	2064	6000	5000	1	1	1	1	1	1
8	62	0	5	1000	358020	358020.005	716	726.004	1	4	5	2	3	14523	0	1000	756	478	0	1	4	5	2	3	1482	1626	1764	1920	2050	6000	5000	1	1	1	1	1	1
8	63	1	5	1000	363020	363021.976	726	726.012	1	4	5	2	3	14523	0	1000	688	640	0	1	4	5	2	3	1644	1746	1868	2028	2140	6000	5000	1	1	1	1	1	1
8	64	0	5	1000	368020	368020.046	736	724.067	3	2	4	5	1	32451	0	1000	758	506	0	3	2	4	5	1	1510	1658	1768	1890	2056	6000	5000	1	1	1	1	1	1
8	65	1	5	1000	373020	373021.975	746	723.906	3	2	4	5	1	32451	0	1000	748	530	0	3	2	4	5	1	1534	1670	1766	1918	2084	6000	5000	1	1	1	1	1	1
8	66	1	5	1000	378020	378021.983	756	722.015	1	4	5	2	3	14523	0	1000	720	474	0	1	4	5	2	3	1478	1612	1746	1898	1990	6000	5000	1	1	1	1	1	1
8	67	0	5	1000	383020	383021.998	766	719.999	3	5	1	2	4	35124	0	1000	670	510	0	3	5	1	2	4	1514	1660	1808	1876	1986	6000	5000	1	1	1	1	1	1
8	68	0	5	1000	388020	388021.973	776	717.965	1	4	5	2	3	14523	0	16000	752	576	0	1	4	5	2	3	1580	1736	1858	2012	2096	6000	5000	1	1	1	1	1	1
9	1	0	5	1000	8020	8021.988	17	16.002	3	2	4	5	1	32451	0	30000	790	510	0	3	2	4	5	1	1514	1632	1768	1910	2078	6000	5000	1	1	1	1	1	1
9	2	1	5	1000	42020	42022.043	85	4.046	3	5	1	2	4	35124	0	24000	744	384	0	3	5	1	2	4	1388	1510	1634	1744	1896	6000	5000	1	1	1	1	1	1
9	3	0	5	1000	70020	70021.996	140	825.961	1	3	2	5	4	13254	0	12000	780	550	0	1	3	2	5	4	1554	1716	1856	1988	2086	6000	5000	1	1	1	1	1	1
9	4	1	5	1000	86020	86021.972	172	819.999	1	4	5	2	3	14523	0	15000	722	396	0	1	4	5	2	3	1400	1510	1634	1782	1940	6000	5000	1	1	1	1	1	1
9	5	0	5	1000	105020	105021.986	210	814	3	5	1	2	4	35124	0	21000	624	512	0	3	5	1	2	4	1516	1646	1786	1858	1956	6000	5000	1	1	1	1	1	1
9	6	1	5	1000	130020	130020.002	260	804.015	3	2	4	5	1	32451	0	9000	684	412	0	3	2	4	5	1	1416	1530	1650	1778	1902	6000	5000	1	1	1	1	1	1
9	7	0	5	1000	143020	143021.998	286	800.01	1	4	5	2	3	14523	0	27000	634	534	0	1	4	5	2	3	1538	1670	1778	1912	2008	6000	5000	1	1	1	1	1	1
9	8	1	5	1000	174020	174021.999	348	790.012	1	3	2	5	4	13254	0	18000	658	396	0	1	3	2	5	4	1400	1522	1642	1750	1848	6000	5000	1	1	1	1	1	1
9	9	0	5	1000	196020	196021.986	392	781.999	3	2	4	5	1	32451	0	24000	758	510	0	3	2	4	5	1	1514	1636	1794	1926	2074	6000	5000	1	1	1	1	1	1
9	10	1	5	1000	224020	224021.977	448	774.003	3	5	1	2	4	35124	0	30000	660	444	0	3	5	1	2	4	1448	1564	1694	1820	1930	6000	5000	1	1	1	1	1	1
9	11	0	5	1000	258020	258021.985	516	762.005	1	3	2	5	4	13254	0	9000	746	506	0	1	3	2	5	4	1510	1656	1796	1934	2034	6000	5000	1	1	1	1	1	1
9	12	1	5	1000	271020	271021.97	542	755.996	1	4	5	2	3	14523	0	18000	646	390	0	1	4	5	2	3	1394	1518	1634	1774	1892	6000	5000	1	1	1	1	1	1
9	13	0	5	1000	293020	293021.986	586	750.012	3	5	1	2	4	35124	0	27000	612	506	0	3	5	1	2	4	1510	1634	1758	1872	1938	6000	5000	1	1	1	1	1	1
9	14	1	5	1000	324020	324021.954	648	737.977	3	2	4	5	1	32451	0	15000	676	394	0	3	2	4	5	1	1398	1480	1626	1762	1886	6000	5000	1	1	1	1	1	1
9	15	0	5	1000	343020	343021.987	686	732.024	1	4	5	2	3	14523	0	12000	708	444	0	1	4	5	2	3	1448	1590	1684	1850	1988	6000	5000	1	1	1	1	1	1
9	16	1	5	1000	359020	359021.956	718	725.99	1	3	2	5	4	13254	0	21000	686	436	0	1	3	2	5	4	1440	1550	1672	1796	1896	6000	5000	1	1	1	1	1	1