BN	TN	seqType	Horizon	PrepTime	startTime	startTimeReal	startTRReal	startTRtime	press0	press1	press2	press3	press4	cueP	complete	iti	MT	RT	isError	response0	response1	response2	response3	response4	pressTime0	pressTime1	pressTime2	pressTime3	pressTime4	timeThreshold	timeThresholdSuper	points	Gain1	Gain2	Gain3	Gain4	Gain5
1	1	1	5	1000	8020	8021.986	9	17.986	1	4	5	2	3	14523	0	1000	1168	836	0	1	4	5	2	3	1840	2088	2344	2590	2892	6000	5000	1	1	1	1	1	1
1	2	0	5	1000	13020	13020	14	14.012	1	3	2	5	4	13254	0	1000	1270	608	0	1	3	2	5	4	1612	1890	2222	2520	2782	6000	5000	1	1	1	1	1	1
1	3	1	5	1000	18020	18021.988	19	13.968	3	5	1	2	4	35124	0	1000	1166	542	0	3	5	1	2	4	1546	1794	2040	2334	2602	6000	5000	1	1	1	1	1	1
1	4	0	5	1000	23020	23020	24	10.012	3	2	4	5	1	32451	0	1000	1176	618	0	3	2	4	5	1	1622	1872	2142	2390	2692	6000	5000	1	1	1	1	1	1
1	5	0	5	1000	28020	28021.988	29	11.988	1	4	5	2	3	14523	0	1000	1198	620	0	1	4	5	2	3	1624	1902	2168	2416	2720	6000	5000	1	1	1	1	1	1
1	6	0	5	1000	33020	33021.997	34	9.996	3	2	4	5	1	32451	0	1000	1184	716	0	3	2	4	5	1	1720	1976	2246	2506	2792	6000	5000	1	1	1	1	1	1
1	7	1	5	1000	38020	38020.002	39	6.001	3	2	4	5	1	32451	0	1000	1188	608	0	3	2	4	5	1	1612	1880	2150	2400	2682	6000	5000	1	1	1	1	1	1
1	8	1	5	1000	43020	43021.997	44	6.007	3	2	4	5	1	32451	0	1000	1210	628	0	3	2	4	5	1	1632	1882	2174	2428	2716	6000	5000	1	1	1	1	1	1
1	9	0	5	1000	48020	48022.015	49	3.985	1	4	5	2	3	14523	0	1000	1166	506	0	1	4	5	2	3	1510	1788	2022	2288	2574	6000	5000	1	1	1	1	1	1
1	10	1	5	1000	53020	53020	54	0	3	2	4	5	1	32451	0	1000	1180	500	0	3	2	4	5	1	1504	1740	2024	2262	2576	6000	5000	1	1	1	1	1	1
1	11	0	5	1000	58020	58020	58	1000	3	2	4	5	1	32451	0	1000	1188	614	0	3	2	4	5	1	1618	1866	2148	2398	2696	6000	5000	1	1	1	1	1	1
1	12	1	5	1000	63020	63020	63	998	3	5	1	2	4	35124	0	1000	1150	518	0	3	5	1	2	4	1522	1764	2010	2280	2530	6000	5000	1	1	1	1	1	1
1	13	0	5	1000	68020	68020.002	68	996.002	1	4	5	2	3	14523	0	1000	1194	502	0	1	4	5	2	3	1506	1776	2026	2286	2592	6000	5000	1	1	1	1	1	1
1	14	1	5	1000	73020	73021.989	73	995.987	1	3	2	5	4	13254	0	1000	1190	794	0	1	3	2	5	4	1798	2070	2334	2586	2882	6000	5000	1	1	1	1	1	1
1	15	1	5	1000	78020	78020	78	993.986	1	3	2	5	4	13254	0	1000	1172	684	0	1	3	2	5	4	1688	1962	2200	2482	2756	6000	5000	1	1	1	1	1	1
1	16	0	5	1000	83020	83020.002	83	990.012	3	5	1	2	4	35124	0	1000	1142	536	0	3	5	1	2	4	1540	1786	2048	2290	2564	6000	5000	1	1	1	1	1	1
1	17	1	5	1000	88020	88022.007	88	991.988	1	3	2	5	4	13254	0	16000	1170	552	0	1	3	2	5	4	1556	1840	2090	2346	2628	6000	5000	1	1	1	1	1	1
1	18	1	5	1000	108020	108020	108	981.998	1	3	2	5	4	13254	0	1000	1178	746	0	1	3	2	5	4	1750	2032	2298	2552	2830	6000	5000	1	1	1	1	1	1
1	19	1	5	1000	113020	113021.999	113	982.003	3	5	1	2	4	35124	0	1000	1134	664	0	3	5	1	2	4	1668	1920	2168	2428	2696	6000	5000	1	1	1	1	1	1
1	20	1	5	1000	118020	118020.032	118	978.032	1	4	5	2	3	14523	0	1000	1178	742	0	1	4	5	2	3	1746	2026	2292	2538	2824	6000	5000	1	1	1	1	1	1
1	21	1	5	1000	123020	123022.002	123	980.019	1	4	5	2	3	14523	0	1000	1158	608	0	1	4	5	2	3	1612	1878	2142	2394	2668	6000	5000	1	1	1	1	1	1
1	22	0	5	1000	128020	128022.005	128	978.003	3	2	4	5	1	32451	0	1000	1174	680	0	3	2	4	5	1	1684	1932	2212	2460	2766	6000	5000	1	1	1	1	1	1
1	23	0	5	1000	133020	133020.014	133	974.014	3	2	4	5	1	32451	0	1000	1162	562	0	3	2	4	5	1	1566	1812	2084	2334	2630	6000	5000	1	1	1	1	1	1
1	24	0	5	1000	138020	138020.002	138	972.004	1	3	2	5	4	13254	0	1000	1204	538	0	1	3	2	5	4	1542	1814	2066	2332	2632	6000	5000	1	1	1	1	1	1
1	25	0	5	1000	143020	143022	143	972	3	2	4	5	1	32451	0	1000	1222	558	0	3	2	4	5	1	1562	1806	2084	2354	2644	6000	5000	1	1	1	1	1	1
1	26	0	5	1000	148020	148020.002	148	968.002	3	5	1	2	4	35124	0	1000	1198	542	0	3	5	1	2	4	1546	1804	2076	2328	2610	6000	5000	1	1	1	1	1	1
1	27	0	5	1000	153020	153020.001	153	968.012	1	3	2	5	4	13254	0	1000	1182	544	0	1	3	2	5	4	1548	1816	2068	2348	2622	6000	5000	1	1	1	1	1	1
1	28	1	5	1000	158020	158020.015	158	966.016	1	4	5	2	3	14523	0	1000	1134	600	0	1	4	5	2	3	1604	1856	2112	2358	2634	6000	5000	1	1	1	1	1	1
1	29	1	5	1000	163020	163022.029	163	966.027	3	5	1	2	4	35124	0	1000	1138	550	0	3	5	1	2	4	1554	1792	2030	2298	2582	6000	5000	1	1	1	1	1	1
1	30	0	5	1000	168020	168020	168	962	3	5	1	2	4	35124	0	1000	1126	604	0	3	5	1	2	4	1608	1846	2106	2366	2644	6000	5000	1	1	1	1	1	1
1	31	0	5	1000	173020	173021.988	173	962.007	3	2	4	5	1	32451	0	1000	1150	718	0	3	2	4	5	1	1722	1954	2228	2478	2758	6000	5000	1	1	1	1	1	1
1	32	1	5	1000	178020	178022.083	178	960.095	1	3	2	5	4	13254	0	1000	1122	634	0	1	3	2	5	4	1638	1902	2138	2390	2650	6000	5000	1	1	1	1	1	1
1	33	1	5	1000	183020	183021.99	183	958	3	2	4	5	1	32451	0	1000	1148	492	0	3	2	4	5	1	1496	1742	2026	2276	2556	6000	5000	1	1	1	1	1	1
1	34	1	5	1000	188020	188020	188	956.012	1	4	5	2	3	14523	0	16000	1132	520	0	1	4	5	2	3	1524	1796	2032	2276	2566	6000	5000	1	1	1	1	1	1
1	35	1	5	1000	208020	208020.001	208	947.989	1	4	5	2	3	14523	0	1000	1152	640	0	1	4	5	2	3	1644	1912	2172	2400	2704	6000	5000	1	1	1	1	1	1
1	36	0	5	1000	213020	213021.989	213	947.985	1	4	5	2	3	14523	0	1000	1164	628	0	1	4	5	2	3	1632	1916	2158	2394	2708	6000	5000	1	1	1	1	1	1
1	37	0	5	1000	218020	218022.002	218	948.005	3	5	1	2	4	35124	0	1000	1090	566	0	3	5	1	2	4	1570	1806	2026	2286	2578	6000	5000	1	1	1	1	1	1
1	38	1	5	1000	223020	223022.001	223	946.011	3	5	1	2	4	35124	0	1000	1094	536	0	3	5	1	2	4	1540	1766	2002	2272	2536	6000	5000	1	1	1	1	1	1
1	39	0	5	1000	228020	228020.003	228	941.991	1	3	2	5	4	13254	0	1000	1152	532	0	1	3	2	5	4	1536	1806	2060	2312	2594	6000	5000	1	1	1	1	1	1
1	40	0	5	1000	233020	233022.001	233	941.953	3	5	1	2	4	35124	0	1000	1110	588	0	3	5	1	2	4	1592	1826	2058	2324	2604	6000	5000	1	1	1	1	1	1
1	41	1	5	1000	238020	238020.001	238	937.999	1	4	5	2	3	14523	0	1000	1188	612	0	1	4	5	2	3	1616	1880	2122	2386	2692	6000	5000	1	1	1	1	1	1
1	42	1	5	1000	243020	243020.001	243	938.002	3	2	4	5	1	32451	0	1000	1152	552	0	3	2	4	5	1	1556	1816	2076	2318	2594	6000	5000	1	1	1	1	1	1
1	43	1	5	1000	248020	248022	248	935.998	3	5	1	2	4	35124	0	1000	1106	552	0	3	5	1	2	4	1556	1794	2034	2296	2560	6000	5000	1	1	1	1	1	1
1	44	1	5	1000	253020	253020.001	253	934.018	3	5	1	2	4	35124	0	1000	1118	604	0	3	5	1	2	4	1608	1864	2080	2356	2630	6000	5000	1	1	1	1	1	1
1	45	1	5	1000	258020	258020.003	258	932.003	3	2	4	5	1	32451	0	1000	1158	606	0	3	2	4	5	1	1610	1844	2130	2378	2652	6000	5000	1	1	1	1	1	1
1	46	0	5	1000	263020	263021.969	263	931.968	1	3	2	5	4	13254	0	1000	1174	616	0	1	3	2	5	4	1620	1908	2172	2426	2712	6000	5000	1	1	1	1	1	1
1	47	1	5	1000	268020	268021.974	268	931.991	1	3	2	5	4	13254	0	1000	1156	600	0	1	3	2	5	4	1604	1890	2136	2390	2666	6000	5000	1	1	1	1	1	1
1	48	0	5	1000	273020	273021.991	273	928.019	1	3	2	5	4	13254	0	1000	1178	546	0	1	3	2	5	4	1550	1828	2094	2362	2638	6000	5000	1	1	1	1	1	1
1	49	0	5	1000	278020	278021.993	278	926.022	1	3	2	5	4	13254	0	1000	1190	558	0	1	3	2	5	4	1562	1854	2106	2366	2656	6000	5000	1	1	1	1	1	1
1	50	0	5	1000	283020	283021.987	283	924.014	1	4	5	2	3	14523	0	1000	1152	562	0	1	4	5	2	3	1566	1842	2078	2346	2628	6000	5000	1	1	1	1	1	1
1	51	0	5	1000	288020	288021.972	288	924.004	1	4	5	2	3	14523	0	16000	1596	560	0	1	4	5	2	3	1564	2230	2508	2788	3064	6000	5000	1	1	1	1	1	1
1	52	0	5	1000	308020	308021.976	308	915.988	1	4	5	2	3	14523	0	1000	1102	558	0	1	4	5	2	3	1562	1800	2038	2294	2566	6000	5000	1	1	1	1	1	1
1	53	0	5	1000	313020	313022.034	313	914.062	1	3	2	5	4	13254	0	1000	1280	746	0	1	3	2	5	4	1750	2030	2318	2616	2940	6000	5000	1	1	1	1	1	1
1	54	1	5	1000	318020	318021.98	318	913.981	3	2	4	5	1	32451	0	1000	1186	546	0	3	2	4	5	1	1550	1816	2074	2364	2644	6000	5000	1	1	1	1	1	1
1	55	0	5	1000	323020	323021.973	323	911.996	3	5	1	2	4	35124	0	1000	1154	660	0	3	5	1	2	4	1664	1894	2154	2418	2706	6000	5000	1	1	1	1	1	1
1	56	0	5	1000	328020	328021.977	328	910.005	1	4	5	2	3	14523	0	1000	1226	558	0	1	4	5	2	3	1562	1846	2128	2384	2674	6000	5000	1	1	1	1	1	1
1	57	1	5	1000	333020	333021.986	333	907.994	3	5	1	2	4	35124	0	1000	1166	500	0	3	5	1	2	4	1504	1750	2006	2278	2572	6000	5000	1	1	1	1	1	1
1	58	1	5	1000	338020	338021.98	338	905.999	1	3	2	5	4	13254	0	1000	1170	648	0	1	3	2	5	4	1652	1944	2176	2440	2718	6000	5000	1	1	1	1	1	1
1	59	0	5	1000	343020	343021.98	343	904.004	3	2	4	5	1	32451	0	1000	1164	500	0	3	2	4	5	1	1504	1730	2020	2286	2572	6000	5000	1	1	1	1	1	1
1	60	1	5	1000	348020	348021.971	348	901.981	1	4	5	2	3	14523	0	1000	1148	578	0	1	4	5	2	3	1582	1840	2082	2352	2638	6000	5000	1	1	1	1	1	1
1	61	0	5	1000	353020	353021.982	353	901.99	3	5	1	2	4	35124	0	1000	1090	544	0	3	5	1	2	4	1548	1762	2002	2254	2540	6000	5000	1	1	1	1	1	1
1	62	0	5	1000	358020	358021.97	358	899.988	3	5	1	2	4	35124	0	1000	1114	442	0	3	5	1	2	4	1446	1698	1946	2200	2472	6000	5000	1	1	1	1	1	1
1	63	1	5	1000	363020	363021.97	363	897.995	3	2	4	5	1	32451	0	1000	1162	564	0	3	2	4	5	1	1568	1806	2104	2352	2628	6000	5000	1	1	1	1	1	1
1	64	1	5	1000	368020	368021.981	368	896.006	1	3	2	5	4	13254	0	1000	1192	580	0	1	3	2	5	4	1584	1866	2114	2396	2662	6000	5000	1	1	1	1	1	1
1	65	1	5	1000	373020	373021.984	373	893.991	1	4	5	2	3	14523	0	1000	1156	588	0	1	4	5	2	3	1592	1874	2102	2360	2666	6000	5000	1	1	1	1	1	1
1	66	1	5	1000	378020	378021.972	378	892	1	3	2	5	4	13254	0	1000	1196	720	0	1	3	2	5	4	1724	1992	2262	2534	2814	6000	5000	1	1	1	1	1	1
1	67	0	5	1000	383020	383021.982	383	892.006	1	4	5	2	3	14523	0	1000	1162	542	0	1	4	5	2	3	1546	1816	2064	2332	2628	6000	5000	1	1	1	1	1	1
1	68	1	5	1000	388020	388021.968	388	889.984	1	4	5	2	3	14523	0	16000	1148	550	0	1	4	5	2	3	1554	1810	2062	2324	2606	6000	5000	1	1	1	1	1	1
2	1	0	5	1000	8020	8020.031	9	15.998	3	2	4	5	1	32451	0	1000	1206	768	0	3	2	4	5	1	1772	2018	2316	2582	2886	6000	5000	1	1	1	1	1	1
2	2	0	5	1000	13020	13020.032	14	14.001	1	4	5	2	3	14523	0	1000	1150	616	0	1	4	5	2	3	1620	1874	2132	2388	2680	6000	5000	1	1	1	1	1	1
2	3	0	5	1000	18020	18020.033	19	12.002	1	3	2	5	4	13254	0	1000	1160	622	0	1	3	2	5	4	1626	1886	2138	2400	2684	6000	5000	1	1	1	1	1	1
2	4	1	5	1000	23020	23020.031	24	11.998	1	4	5	2	3	14523	0	1000	1148	596	0	1	4	5	2	3	1600	1850	2116	2370	2656	6000	5000	1	1	1	1	1	1
2	5	1	5	1000	28020	28020.028	29	9.998	3	5	1	2	4	35124	0	1000	1134	626	0	3	5	1	2	4	1630	1872	2118	2384	2670	6000	5000	1	1	1	1	1	1
2	6	1	5	1000	33020	33020.03	34	8.001	1	3	2	5	4	13254	0	1000	1160	858	0	1	3	2	5	4	1862	2104	2370	2632	2892	6000	5000	1	1	1	1	1	1
2	7	1	5	1000	38020	38020.03	39	5.895	1	3	2	5	4	13254	0	1000	1168	594	0	1	3	2	5	4	1598	1852	2102	2390	2656	6000	5000	1	1	1	1	1	1
2	8	1	5	1000	43020	43020.029	44	3.999	1	4	5	2	3	14523	0	1000	1142	714	0	1	4	5	2	3	1718	1976	2236	2470	2752	6000	5000	1	1	1	1	1	1
2	9	0	5	1000	48020	48020.03	49	2.001	1	4	5	2	3	14523	0	1000	1140	492	0	1	4	5	2	3	1496	1748	2014	2250	2532	6000	5000	1	1	1	1	1	1
2	10	0	5	1000	53020	53020.019	54	0	3	2	4	5	1	32451	0	1000	1198	552	0	3	2	4	5	1	1556	1832	2104	2348	2628	6000	5000	1	1	1	1	1	1
2	11	0	5	1000	58020	58020.032	59	0	3	2	4	5	1	32451	0	1000	1184	582	0	3	2	4	5	1	1586	1830	2118	2372	2660	6000	5000	1	1	1	1	1	1
2	12	1	5	1000	63020	63020.03	63	998.018	3	2	4	5	1	32451	0	1000	1256	564	0	3	2	4	5	1	1568	1882	2134	2402	2694	6000	5000	1	1	1	1	1	1
2	13	1	5	1000	68020	68020.031	68	995.998	3	2	4	5	1	32451	0	1000	1208	560	0	3	2	4	5	1	1564	1816	2122	2380	2672	6000	5000	1	1	1	1	1	1
2	14	1	5	1000	73020	73020.032	73	994.004	3	5	1	2	4	35124	0	1000	1176	864	0	3	5	1	2	4	1868	2102	2360	2644	2912	6000	5000	1	1	1	1	1	1
2	15	0	5	1000	78020	78020.035	78	992.005	1	3	2	5	4	13254	0	1000	1176	716	0	1	3	2	5	4	1720	1994	2246	2518	2788	6000	5000	1	1	1	1	1	1
2	16	0	5	1000	83020	83020.03	83	992.007	1	3	2	5	4	13254	0	1000	1162	574	0	1	3	2	5	4	1578	1838	2096	2366	2648	6000	5000	1	1	1	1	1	1
2	17	1	5	1000	88020	88020.028	88	989.994	3	2	4	5	1	32451	0	16000	1154	558	0	3	2	4	5	1	1562	1800	2072	2326	2590	6000	5000	1	1	1	1	1	1
2	18	1	5	1000	108020	108020.029	108	981.998	3	2	4	5	1	32451	0	1000	1650	776	0	3	2	4	5	1	1780	2044	2330	2592	3270	6000	5000	1	1	1	1	1	1
2	19	1	5	1000	113020	113020.035	113	980.011	1	3	2	5	4	13254	0	1000	1198	674	0	1	3	2	5	4	1678	1944	2226	2484	2762	6000	5000	1	1	1	1	1	1
2	20	0	5	1000	118020	118020.111	118	979.996	1	4	5	2	3	14523	0	1000	1492	726	0	1	4	5	2	3	1730	1992	2514	2794	3122	6000	5000	1	1	1	1	1	1
2	21	1	5	1000	123020	123020.082	123	978.052	1	4	5	2	3	14523	0	1000	1182	674	0	1	4	5	2	3	1678	1964	2218	2488	2768	6000	5000	1	1	1	1	1	1
2	22	1	5	1000	128020	128020.032	128	976	3	2	4	5	1	32451	0	1000	1228	604	0	3	2	4	5	1	1608	1852	2128	2394	2692	6000	5000	1	1	1	1	1	1
2	23	0	5	1000	133020	133020.131	133	974.1	3	5	1	2	4	35124	0	1000	1156	600	0	3	5	1	2	4	1604	1842	2110	2360	2648	6000	5000	1	1	1	1	1	1
2	24	1	5	1000	138020	138020.031	138	972.011	1	3	2	5	4	13254	0	1000	1184	876	0	1	3	2	5	4	1880	2156	2410	2686	2978	6000	5000	1	1	1	1	1	1
2	25	1	5	1000	143020	143020.019	143	969.968	3	2	4	5	1	32451	0	1000	1238	588	0	3	2	4	5	1	1592	1844	2146	2422	2704	6000	5000	1	1	1	1	1	1
2	26	0	5	1000	148020	148020.025	148	969.996	1	4	5	2	3	14523	0	1000	1216	628	0	1	4	5	2	3	1632	1908	2186	2448	2740	6000	5000	1	1	1	1	1	1
2	27	0	5	1000	153020	153020.036	153	968.019	3	5	1	2	4	35124	0	1000	1142	544	0	3	5	1	2	4	1548	1804	2062	2322	2598	6000	5000	1	1	1	1	1	1
2	28	0	5	1000	158020	158020.06	158	966.028	3	2	4	5	1	32451	0	1000	1202	634	0	3	2	4	5	1	1638	1876	2168	2444	2716	6000	5000	1	1	1	1	1	1
2	29	0	5	1000	163020	163020.03	163	964	3	5	1	2	4	35124	0	1000	1154	704	0	3	5	1	2	4	1708	1948	2208	2478	2768	6000	5000	1	1	1	1	1	1
2	30	0	5	1000	168020	168020.022	168	962.001	3	5	1	2	4	35124	0	1000	1174	672	0	3	5	1	2	4	1676	1918	2196	2464	2746	6000	5000	1	1	1	1	1	1
2	31	0	5	1000	173020	173020.019	173	959.993	1	3	2	5	4	13254	0	1000	1204	654	0	1	3	2	5	4	1658	1946	2206	2484	2756	6000	5000	1	1	1	1	1	1
2	32	0	5	1000	178020	178020.019	178	957.979	1	4	5	2	3	14523	0	1000	1204	674	0	1	4	5	2	3	1678	1936	2208	2486	2776	6000	5000	1	1	1	1	1	1
2	33	1	5	1000	183020	183020.018	183	957.988	3	5	1	2	4	35124	0	1000	1174	564	0	3	5	1	2	4	1568	1820	2084	2348	2624	6000	5000	1	1	1	1	1	1
2	34	1	5	1000	188020	188020.033	188	955.998	3	2	4	5	1	32451	0	16000	1208	564	0	3	2	4	5	1	1568	1816	2112	2378	2658	6000	5000	1	1	1	1	1	1
2	35	1	5	1000	208020	208020.011	208	947.957	3	2	4	5	1	32451	0	1000	1208	700	0	3	2	4	5	1	1704	1952	2240	2496	2776	6000	5000	1	1	1	1	1	1
2	36	1	5	1000	213020	213020.033	213	946.002	1	4	5	2	3	14523	0	1000	1134	726	0	1	4	5	2	3	1730	1984	2226	2486	2762	6000	5000	1	1	1	1	1	1
2	37	1	5	1000	218020	218020.03	218	945.989	1	4	5	2	3	14523	0	1000	1156	784	0	1	4	5	2	3	1788	2048	2306	2556	2838	6000	5000	1	1	1	1	1	1
2	38	0	5	1000	223020	223020.03	223	944	3	5	1	2	4	35124	0	1000	1264	626	0	3	5	1	2	4	1630	1924	2220	2496	2790	6000	5000	1	1	1	1	1	1
2	39	1	5	1000	228020	228020.019	228	942.001	1	4	5	2	3	14523	0	1000	1156	702	0	1	4	5	2	3	1706	1972	2226	2484	2756	6000	5000	1	1	1	1	1	1
2	40	0	5	1000	233020	233021.998	233	941.977	1	3	2	5	4	13254	0	1000	1308	702	0	1	3	2	5	4	1706	1960	2250	2614	2906	6000	5000	1	1	1	1	1	1
2	41	1	5	1000	238020	238020.019	238	937.998	3	5	1	2	4	35124	0	1000	1124	634	0	3	5	1	2	4	1638	1880	2138	2402	2674	6000	5000	1	1	1	1	1	1
2	42	0	5	1000	243020	243020.025	243	936.002	3	2	4	5	1	32451	0	1000	1194	776	0	3	2	4	5	1	1780	2028	2304	2564	2842	6000	5000	1	1	1	1	1	1
2	43	1	5	1000	248020	248020.001	248	933.995	3	5	1	2	4	35124	0	1000	1142	610	0	3	5	1	2	4	1614	1860	2124	2378	2642	6000	5000	1	1	1	1	1	1
2	44	1	5	1000	253020	253020.003	253	933.999	3	5	1	2	4	35124	0	1000	1180	632	0	3	5	1	2	4	1636	1888	2152	2428	2698	6000	5000	1	1	1	1	1	1
2	45	1	5	1000	258020	258020.002	258	931.999	1	4	5	2	3	14523	0	1000	1170	672	0	1	4	5	2	3	1676	1942	2180	2460	2730	6000	5000	1	1	1	1	1	1
2	46	0	5	1000	263020	263020.029	263	930.025	3	2	4	5	1	32451	0	1000	1190	664	0	3	2	4	5	1	1668	1924	2200	2470	2748	6000	5000	1	1	1	1	1	1
2	47	1	5	1000	268020	268020.001	268	927.998	1	3	2	5	4	13254	0	1000	1164	602	0	1	3	2	5	4	1606	1866	2132	2380	2664	6000	5000	1	1	1	1	1	1
2	48	0	5	1000	273020	273020.005	273	926	3	2	4	5	1	32451	0	1000	1228	650	0	3	2	4	5	1	1654	1930	2214	2488	2758	6000	5000	1	1	1	1	1	1
2	49	1	5	1000	278020	278020.023	278	924.021	1	4	5	2	3	14523	0	1000	1162	752	0	1	4	5	2	3	1756	2034	2286	2550	2826	6000	5000	1	1	1	1	1	1
2	50	1	5	1000	283020	283020.002	283	922	1	3	2	5	4	13254	0	1000	1126	636	0	1	3	2	5	4	1640	1892	2148	2412	2674	6000	5000	1	1	1	1	1	1
2	51	0	5	1000	288020	288020.002	288	922.003	1	3	2	5	4	13254	0	16000	1200	674	0	1	3	2	5	4	1678	1956	2240	2504	2780	6000	5000	1	1	1	1	1	1
2	52	0	5	1000	308020	308020.02	308	914.019	1	3	2	5	4	13254	0	1000	1290	712	0	1	3	2	5	4	1716	1998	2290	2580	2908	6000	5000	1	1	1	1	1	1
2	53	0	5	1000	313020	313020.022	313	912.021	3	2	4	5	1	32451	0	1000	1218	960	0	3	2	4	5	1	1964	2222	2518	2782	3060	6000	5000	1	1	1	1	1	1
2	54	0	5	1000	318020	318020.026	318	912.022	1	3	2	5	4	13254	0	1000	1172	610	0	1	3	2	5	4	1614	1876	2136	2398	2684	6000	5000	1	1	1	1	1	1
2	55	1	5	1000	323020	323020.01	323	910.005	1	3	2	5	4	13254	0	1000	1164	892	0	1	3	2	5	4	1896	2168	2438	2710	2964	6000	5000	1	1	1	1	1	1
2	56	1	5	1000	328020	328020.021	328	907.988	3	5	1	2	4	35124	0	1000	1146	744	0	3	5	1	2	4	1748	1988	2258	2510	2788	6000	5000	1	1	1	1	1	1
2	57	0	5	1000	333020	333020.037	333	906.021	3	5	1	2	4	35124	0	1000	1156	588	0	3	5	1	2	4	1592	1840	2096	2360	2656	6000	5000	1	1	1	1	1	1
2	58	0	5	1000	338020	338020.021	338	903.999	1	4	5	2	3	14523	0	1000	1136	620	0	1	4	5	2	3	1624	1894	2134	2392	2662	6000	5000	1	1	1	1	1	1
2	59	0	5	1000	343020	343020.028	343	902.014	1	4	5	2	3	14523	0	1000	1186	686	0	1	4	5	2	3	1690	1960	2214	2482	2786	6000	5000	1	1	1	1	1	1
2	60	1	5	1000	348020	348020.019	348	899.989	1	3	2	5	4	13254	0	1000	1158	660	0	1	3	2	5	4	1664	1922	2190	2452	2710	6000	5000	1	1	1	1	1	1
2	61	0	5	1000	353020	353020.021	353	899.99	3	5	1	2	4	35124	0	1000	1106	494	0	3	5	1	2	4	1498	1720	1974	2238	2508	6000	5000	1	1	1	1	1	1
2	62	1	5	1000	358020	358020.03	358	897.992	3	2	4	5	1	32451	0	1000	1170	736	0	3	2	4	5	1	1740	1984	2254	2506	2788	6000	5000	1	1	1	1	1	1
2	63	0	5	1000	363020	363020.02	363	895.961	1	3	2	5	4	13254	0	1000	1150	626	0	1	3	2	5	4	1630	1904	2136	2402	2664	6000	5000	1	1	1	1	1	1
2	64	0	5	1000	368020	368020.032	368	894.012	3	5	1	2	4	35124	0	1000	1172	728	0	3	5	1	2	4	1732	1974	2224	2486	2802	6000	5000	1	1	1	1	1	1
2	65	1	5	1000	373020	373020.02	373	891.997	3	5	1	2	4	35124	0	1000	1174	692	0	3	5	1	2	4	1696	1928	2174	2442	2726	6000	5000	1	1	1	1	1	1
2	66	0	5	1000	378020	378020.03	378	890.013	1	4	5	2	3	14523	0	1000	1142	676	0	1	4	5	2	3	1680	1924	2154	2434	2734	6000	5000	1	1	1	1	1	1
2	67	1	5	1000	383020	383020.02	383	888.001	3	2	4	5	1	32451	0	1000	1292	672	0	3	2	4	5	1	1676	1924	2198	2454	2828	6000	5000	1	1	1	1	1	1
2	68	0	5	1000	388020	388020.047	388	888.017	3	2	4	5	1	32451	0	16000	1180	650	0	3	2	4	5	1	1654	1906	2190	2462	2748	6000	5000	1	1	1	1	1	1
3	1	0	5	1000	8020	8020.126	9	16.11	1	4	5	2	3	14523	0	1000	1180	738	0	1	4	5	2	3	1742	1994	2240	2538	2834	6000	5000	1	1	1	1	1	1
3	2	1	5	1000	13020	13020.015	14	13.922	1	4	5	2	3	14523	0	1000	1138	740	0	1	4	5	2	3	1744	2010	2264	2514	2800	6000	5000	1	1	1	1	1	1
3	3	1	5	1000	18020	18020.005	19	12	3	2	4	5	1	32451	0	1000	1134	576	0	3	2	4	5	1	1580	1822	2072	2332	2608	6000	5000	1	1	1	1	1	1
3	4	0	5	1000	23020	23020.008	24	9.996	1	4	5	2	3	14523	0	1000	1134	588	0	1	4	5	2	3	1592	1842	2090	2370	2632	6000	5000	1	1	1	1	1	1
3	5	0	5	1000	28020	28020.046	29	10.042	3	5	1	2	4	35124	0	1000	1116	560	0	3	5	1	2	4	1564	1788	2042	2320	2598	6000	5000	1	1	1	1	1	1
3	6	1	5	1000	33020	33020.037	34	8.023	1	3	2	5	4	13254	0	1000	1170	566	0	1	3	2	5	4	1570	1832	2104	2366	2638	6000	5000	1	1	1	1	1	1
3	7	0	5	1000	38020	38020.015	39	6.011	3	2	4	5	1	32451	0	1000	1218	480	0	3	2	4	5	1	1484	1746	2034	2320	2598	6000	5000	1	1	1	1	1	1
3	8	0	5	1000	43020	43020.003	44	3.991	3	5	1	2	4	35124	0	1000	1130	548	0	3	5	1	2	4	1552	1780	2040	2292	2552	6000	5000	1	1	1	1	1	1
3	9	0	5	1000	48020	48020.008	49	2.005	3	2	4	5	1	32451	0	1000	1180	572	0	3	2	4	5	1	1576	1824	2094	2348	2626	6000	5000	1	1	1	1	1	1
3	10	0	5	1000	53020	53020.012	54	0	3	2	4	5	1	32451	0	1000	1198	562	0	3	2	4	5	1	1566	1820	2092	2356	2642	6000	5000	1	1	1	1	1	1
3	11	0	5	1000	58020	58020.012	58	1000.01	1	3	2	5	4	13254	0	1000	1186	616	0	1	3	2	5	4	1620	1890	2144	2422	2700	6000	5000	1	1	1	1	1	1
3	12	1	5	1000	63020	63022.004	64	0	1	4	5	2	3	14523	0	1000	1186	714	0	1	4	5	2	3	1718	1978	2234	2514	2798	6000	5000	1	1	1	1	1	1
3	13	0	5	1000	68020	68020.001	68	995.991	3	2	4	5	1	32451	0	1000	1178	538	0	3	2	4	5	1	1542	1786	2070	2330	2618	6000	5000	1	1	1	1	1	1
3	14	1	5	1000	73020	73022.002	73	995.987	1	3	2	5	4	13254	0	1000	1198	642	0	1	3	2	5	4	1646	1914	2182	2448	2722	6000	5000	1	1	1	1	1	1
3	15	1	5	1000	78020	78020.02	78	992.006	3	2	4	5	1	32451	0	1000	1198	600	0	3	2	4	5	1	1604	1868	2142	2406	2690	6000	5000	1	1	1	1	1	1
3	16	1	5	1000	83020	83020.003	83	990.002	3	2	4	5	1	32451	0	1000	1184	562	0	3	2	4	5	1	1566	1818	2114	2362	2646	6000	5000	1	1	1	1	1	1
3	17	0	5	1000	88020	88020.002	88	989.992	3	5	1	2	4	35124	0	16000	1174	680	0	3	5	1	2	4	1684	1920	2194	2478	2760	6000	5000	1	1	1	1	1	1
3	18	0	5	1000	108020	108020.003	108	981.989	3	5	1	2	4	35124	0	1000	1142	750	0	3	5	1	2	4	1754	1992	2264	2526	2814	6000	5000	1	1	1	1	1	1
3	19	0	5	1000	113020	113020.013	113	980.002	1	4	5	2	3	14523	0	1000	1156	678	0	1	4	5	2	3	1682	1940	2194	2466	2754	6000	5000	1	1	1	1	1	1
3	20	0	5	1000	118020	118020.001	118	977.988	1	3	2	5	4	13254	0	1000	1164	620	0	1	3	2	5	4	1624	1890	2132	2410	2706	6000	5000	1	1	1	1	1	1
3	21	0	5	1000	123020	123020.021	123	978.009	3	2	4	5	1	32451	0	1000	1156	604	0	3	2	4	5	1	1608	1850	2126	2352	2654	6000	5000	1	1	1	1	1	1
3	22	1	5	1000	128020	128020.001	128	975.978	3	5	1	2	4	35124	0	1000	1108	562	0	3	5	1	2	4	1566	1788	2044	2304	2572	6000	5000	1	1	1	1	1	1
3	23	0	5	1000	133020	133020.021	133	974.005	1	3	2	5	4	13254	0	1000	1210	594	0	1	3	2	5	4	1598	1882	2154	2412	2690	6000	5000	1	1	1	1	1	1
3	24	0	5	1000	138020	138020.005	138	971.994	3	5	1	2	4	35124	0	1000	1128	704	0	3	5	1	2	4	1708	1968	2228	2496	2756	6000	5000	1	1	1	1	1	1
3	25	0	5	1000	143020	143020.001	143	969.987	1	3	2	5	4	13254	0	1000	1204	644	0	1	3	2	5	4	1648	1922	2206	2474	2752	6000	5000	1	1	1	1	1	1
3	26	0	5	1000	148020	148020.014	148	967.998	1	4	5	2	3	14523	0	1000	1194	682	0	1	4	5	2	3	1686	1952	2244	2492	2784	6000	5000	1	1	1	1	1	1
3	27	1	5	1000	153020	153020.002	153	967.954	1	3	2	5	4	13254	0	1000	1190	926	0	1	3	2	5	4	1930	2204	2478	2730	3010	6000	5000	1	1	1	1	1	1
3	28	0	5	1000	158020	158020.012	158	966.001	3	5	1	2	4	35124	0	1000	1130	606	0	3	5	1	2	4	1610	1840	2118	2376	2656	6000	5000	1	1	1	1	1	1
3	29	0	5	1000	163020	163020.013	163	963.998	3	5	1	2	4	35124	0	1000	1170	674	0	3	5	1	2	4	1678	1936	2212	2500	2760	6000	5000	1	1	1	1	1	1
3	30	1	5	1000	168020	168020.012	168	962	3	5	1	2	4	35124	0	1000	1190	596	0	3	5	1	2	4	1600	1874	2130	2420	2696	6000	5000	1	1	1	1	1	1
3	31	1	5	1000	173020	173020.012	173	959.999	3	5	1	2	4	35124	0	1000	1198	666	0	3	5	1	2	4	1670	1922	2194	2488	2740	6000	5000	1	1	1	1	1	1
3	32	0	5	1000	178020	178020.012	178	958.002	3	2	4	5	1	32451	0	1000	1308	736	0	3	2	4	5	1	1740	2010	2380	2648	2918	6000	5000	1	1	1	1	1	1
3	33	1	5	1000	183020	183020.012	183	958	1	4	5	2	3	14523	0	1000	1166	658	0	1	4	5	2	3	1662	1932	2178	2446	2744	6000	5000	1	1	1	1	1	1
3	34	0	5	1000	188020	188020.012	188	955.979	1	3	2	5	4	13254	0	16000	1196	816	0	1	3	2	5	4	1820	2076	2362	2636	2920	6000	5000	1	1	1	1	1	1
3	35	0	5	1000	208020	208020	208	947.99	1	3	2	5	4	13254	0	1000	1232	806	0	1	3	2	5	4	1810	2074	2374	2662	2930	6000	5000	1	1	1	1	1	1
3	36	0	5	1000	213020	213020.012	213	945.987	1	3	2	5	4	13254	0	1000	1202	692	0	1	3	2	5	4	1696	1964	2234	2510	2784	6000	5000	1	1	1	1	1	1
3	37	1	5	1000	218020	218020.013	218	945.999	3	2	4	5	1	32451	0	1000	1170	600	0	3	2	4	5	1	1604	1846	2128	2398	2668	6000	5000	1	1	1	1	1	1
3	38	0	5	1000	223020	223020.061	223	944.047	1	3	2	5	4	13254	0	1000	1212	588	0	1	3	2	5	4	1592	1842	2118	2402	2698	6000	5000	1	1	1	1	1	1
3	39	1	5	1000	228020	228020.002	228	942.001	1	3	2	5	4	13254	0	1000	1182	758	0	1	3	2	5	4	1762	2028	2294	2554	2824	6000	5000	1	1	1	1	1	1
3	40	0	5	1000	233020	233020.003	233	939.988	1	3	2	5	4	13254	0	1000	1276	558	0	1	3	2	5	4	1562	1850	2134	2414	2728	6000	5000	1	1	1	1	1	1
3	41	1	5	1000	238020	238020.002	238	938.002	3	5	1	2	4	35124	0	1000	1154	614	0	3	5	1	2	4	1618	1876	2122	2404	2668	6000	5000	1	1	1	1	1	1
3	42	1	5	1000	243020	243020.001	243	936	1	3	2	5	4	13254	0	1000	1216	656	0	1	3	2	5	4	1660	1942	2198	2470	2774	6000	5000	1	1	1	1	1	1
3	43	0	5	1000	248020	248020.014	248	933.99	1	4	5	2	3	14523	0	1000	1204	630	0	1	4	5	2	3	1634	1886	2204	2460	2748	6000	5000	1	1	1	1	1	1
3	44	0	5	1000	253020	253020.004	253	933.997	3	2	4	5	1	32451	0	1000	1200	686	0	3	2	4	5	1	1690	1930	2204	2468	2774	6000	5000	1	1	1	1	1	1
3	45	1	5	1000	258020	258020.014	258	932.008	3	2	4	5	1	32451	0	1000	1140	858	0	3	2	4	5	1	1862	2102	2368	2626	2898	6000	5000	1	1	1	1	1	1
3	46	1	5	1000	263020	263020.015	263	930.013	1	3	2	5	4	13254	0	1000	1164	762	0	1	3	2	5	4	1766	2042	2270	2542	2814	6000	5000	1	1	1	1	1	1
3	47	1	5	1000	268020	268020.002	268	927.988	1	3	2	5	4	13254	0	1000	1196	678	0	1	3	2	5	4	1682	1980	2234	2502	2774	6000	5000	1	1	1	1	1	1
3	48	1	5	1000	273020	273020.004	273	925.992	3	5	1	2	4	35124	0	1000	1148	612	0	3	5	1	2	4	1616	1862	2122	2392	2664	6000	5000	1	1	1	1	1	1
3	49	1	5	1000	278020	278020	278	923.997	1	4	5	2	3	14523	0	1000	1190	914	0	1	4	5	2	3	1918	2184	2470	2722	3010	6000	5000	1	1	1	1	1	1
3	50	0	5	1000	283020	283020.01	283	922.009	1	4	5	2	3	14523	0	1000	1140	766	0	1	4	5	2	3	1770	2018	2272	2536	2822	6000	5000	1	1	1	1	1	1
3	51	0	5	1000	288020	288020.012	288	921.998	1	4	5	2	3	14523	0	16000	1196	716	0	1	4	5	2	3	1720	1990	2228	2514	2814	6000	5000	1	1	1	1	1	1
3	52	0	5	1000	308020	308020.012	308	913.991	1	4	5	2	3	14523	0	1000	1112	648	0	1	4	5	2	3	1652	1906	2156	2418	2694	6000	5000	1	1	1	1	1	1
3	53	1	5	1000	313020	313020.005	313	912.002	3	2	4	5	1	32451	0	1000	1078	646	0	3	2	4	5	1	1650	1862	2140	2362	2628	6000	5000	1	1	1	1	1	1
3	54	1	5	1000	318020	318020.005	318	911.979	1	4	5	2	3	14523	0	1000	1042	868	0	1	4	5	2	3	1872	2124	2342	2596	2844	6000	5000	1	1	1	1	1	1
3	55	0	5	1000	323020	323020.003	323	909.998	3	5	1	2	4	35124	0	1000	1066	804	0	3	5	1	2	4	1808	2022	2264	2528	2796	6000	5000	1	1	1	1	1	1
3	56	1	5	1000	328020	328020	328	907.997	1	4	5	2	3	14523	0	1000	1106	906	0	1	4	5	2	3	1910	2188	2416	2662	2918	6000	5000	1	1	1	1	1	1
3	57	1	5	1000	333020	333020	333	905.99	1	4	5	2	3	14523	0	1000	1076	824	0	1	4	5	2	3	1828	2076	2310	2556	2816	6000	5000	1	1	1	1	1	1
3	58	1	5	1000	338020	338020.007	338	904.007	1	3	2	5	4	13254	0	1000	1124	722	0	1	3	2	5	4	1726	1986	2238	2494	2754	6000	5000	1	1	1	1	1	1
3	59	1	5	1000	343020	343020.012	343	902.006	1	4	5	2	3	14523	0	1000	1146	724	0	1	4	5	2	3	1728	1978	2218	2478	2766	6000	5000	1	1	1	1	1	1
3	60	1	5	1000	348020	348020.002	348	899.971	3	5	1	2	4	35124	0	1000	1146	698	0	3	5	1	2	4	1702	1938	2232	2476	2736	6000	5000	1	1	1	1	1	1
3	61	0	5	1000	353020	353020.005	353	899.99	3	5	1	2	4	35124	0	1000	1134	614	0	3	5	1	2	4	1618	1874	2128	2374	2646	6000	5000	1	1	1	1	1	1
3	62	1	5	1000	358020	358020.003	358	898.008	3	2	4	5	1	32451	0	1000	1160	604	0	3	2	4	5	1	1608	1842	2126	2370	2652	6000	5000	1	1	1	1	1	1
3	63	0	5	1000	363020	363020.003	363	895.989	3	2	4	5	1	32451	0	1000	1236	696	0	3	2	4	5	1	1700	1952	2232	2500	2812	6000	5000	1	1	1	1	1	1
3	64	0	5	1000	368020	368021.998	368	896.018	1	4	5	2	3	14523	0	1000	1158	638	0	1	4	5	2	3	1642	1896	2144	2414	2712	6000	5000	1	1	1	1	1	1
3	65	1	5	1000	373020	373020.007	373	891.993	3	5	1	2	4	35124	0	1000	1186	486	0	3	5	1	2	4	1490	1752	1998	2268	2574	6000	5000	1	1	1	1	1	1
3	66	1	5	1000	378020	378020.004	378	889.981	3	2	4	5	1	32451	0	1000	1200	558	0	3	2	4	5	1	1562	1808	2100	2358	2644	6000	5000	1	1	1	1	1	1
3	67	1	5	1000	383020	383020.002	383	887.987	3	5	1	2	4	35124	0	1000	1166	672	0	3	5	1	2	4	1676	1928	2192	2454	2732	6000	5000	1	1	1	1	1	1
3	68	0	5	1000	388020	388020.006	388	888.001	1	4	5	2	3	14523	0	16000	1156	572	0	1	4	5	2	3	1576	1814	2080	2346	2628	6000	5000	1	1	1	1	1	1
4	1	0	5	1000	8020	8020.007	9	13.907	1	3	2	5	4	13254	0	1000	1230	830	0	1	3	2	5	4	1834	2084	2338	2624	2964	6000	5000	1	1	1	1	1	1
4	2	0	5	1000	13020	13022.01	14	14.01	1	3	2	5	4	13254	0	1000	1180	658	0	1	3	2	5	4	1662	1918	2204	2474	2750	6000	5000	1	1	1	1	1	1
4	3	1	5	1000	18020	18022.001	19	14.002	1	3	2	5	4	13254	0	1000	1140	576	0	1	3	2	5	4	1580	1838	2088	2346	2612	6000	5000	1	1	1	1	1	1
4	4	1	5	1000	23020	23021.986	24	12.003	3	5	1	2	4	35124	0	1000	1160	508	0	3	5	1	2	4	1512	1770	2022	2308	2574	6000	5000	1	1	1	1	1	1
4	5	0	5	1000	28020	28022.002	29	10.006	1	3	2	5	4	13254	0	1000	1198	618	0	1	3	2	5	4	1622	1888	2164	2424	2712	6000	5000	1	1	1	1	1	1
4	6	0	5	1000	33020	33021.99	34	8.001	3	2	4	5	1	32451	0	1000	1232	632	0	3	2	4	5	1	1636	1880	2158	2436	2736	6000	5000	1	1	1	1	1	1
4	7	1	5	1000	38020	38022.01	39	5.986	1	4	5	2	3	14523	0	1000	1190	674	0	1	4	5	2	3	1678	1940	2206	2482	2772	6000	5000	1	1	1	1	1	1
4	8	1	5	1000	43020	43021.998	44	3.998	3	2	4	5	1	32451	0	1000	1242	562	0	3	2	4	5	1	1566	1814	2092	2360	2664	6000	5000	1	1	1	1	1	1
4	9	1	5	1000	48020	48022.001	49	2.011	3	2	4	5	1	32451	0	1000	1186	530	0	3	2	4	5	1	1534	1778	2058	2346	2606	6000	5000	1	1	1	1	1	1
4	10	1	5	1000	53020	53020.001	54	0	1	3	2	5	4	13254	0	1000	1100	546	0	1	3	2	5	4	1550	1798	2034	2278	2552	6000	5000	1	1	1	1	1	1
4	11	0	5	1000	58020	58021.999	59	0	1	4	5	2	3	14523	0	1000	1098	570	0	1	4	5	2	3	1574	1828	2066	2316	2580	6000	5000	1	1	1	1	1	1
4	12	0	5	1000	63020	63022.135	63	998.136	3	2	4	5	1	32451	0	1000	1178	632	0	3	2	4	5	1	1636	1870	2154	2410	2688	6000	5000	1	1	1	1	1	1
4	13	1	5	1000	68020	68021.999	68	995.998	1	3	2	5	4	13254	0	1000	1156	752	0	1	3	2	5	4	1756	2012	2276	2542	2824	6000	5000	1	1	1	1	1	1
4	14	1	5	1000	73020	73021.988	73	993.998	3	2	4	5	1	32451	0	1000	1194	586	0	3	2	4	5	1	1590	1828	2102	2372	2648	6000	5000	1	1	1	1	1	1
4	15	1	5	1000	78020	78021.99	78	992.004	1	4	5	2	3	14523	0	1000	1102	596	0	1	4	5	2	3	1600	1844	2084	2344	2620	6000	5000	1	1	1	1	1	1
4	16	0	5	1000	83020	83020.015	83	990.014	1	4	5	2	3	14523	0	1000	1104	488	0	1	4	5	2	3	1492	1740	1978	2216	2492	6000	5000	1	1	1	1	1	1
4	17	0	5	1000	88020	88021.988	88	989.985	1	4	5	2	3	14523	0	16000	1158	478	0	1	4	5	2	3	1482	1740	1992	2254	2536	6000	5000	1	1	1	1	1	1
4	18	0	5	1000	108020	108021.999	108	981.998	1	4	5	2	3	14523	0	1000	1106	628	0	1	4	5	2	3	1632	1890	2134	2382	2660	6000	5000	1	1	1	1	1	1
4	19	1	5	1000	113020	113022.002	113	980	1	3	2	5	4	13254	0	1000	1094	722	0	1	3	2	5	4	1726	1954	2204	2446	2704	6000	5000	1	1	1	1	1	1
4	20	0	5	1000	118020	118021.999	118	979.987	3	5	1	2	4	35124	0	1000	1064	850	0	3	5	1	2	4	1854	2066	2310	2556	2816	6000	5000	1	1	1	1	1	1
4	21	1	5	1000	123020	123020.005	123	976.003	1	4	5	2	3	14523	0	1000	1082	604	0	1	4	5	2	3	1608	1844	2074	2314	2582	6000	5000	1	1	1	1	1	1
4	22	1	5	1000	128020	128021.99	128	975.998	1	3	2	5	4	13254	0	1000	1082	676	0	1	3	2	5	4	1680	1928	2178	2414	2672	6000	5000	1	1	1	1	1	1
4	23	0	5	1000	133020	133020.002	133	972.012	3	2	4	5	1	32451	0	1000	1146	650	0	3	2	4	5	1	1654	1876	2134	2386	2680	6000	5000	1	1	1	1	1	1
4	24	1	5	1000	138020	138022.001	138	972.005	3	5	1	2	4	35124	0	1000	1094	700	0	3	5	1	2	4	1704	1948	2186	2444	2712	6000	5000	1	1	1	1	1	1
4	25	1	5	1000	143020	143020.015	143	968.029	3	5	1	2	4	35124	0	1000	1134	568	0	3	5	1	2	4	1572	1818	2052	2326	2614	6000	5000	1	1	1	1	1	1
4	26	0	5	1000	148020	148020.03	148	968.03	1	4	5	2	3	14523	0	1000	1068	610	0	1	4	5	2	3	1614	1854	2082	2326	2582	6000	5000	1	1	1	1	1	1
4	27	1	5	1000	153020	153020.001	153	965.999	3	5	1	2	4	35124	0	1000	1076	698	0	3	5	1	2	4	1702	1920	2160	2412	2664	6000	5000	1	1	1	1	1	1
4	28	0	5	1000	158020	158020	158	963.998	3	2	4	5	1	32451	0	1000	1174	602	0	3	2	4	5	1	1606	1844	2120	2348	2658	6000	5000	1	1	1	1	1	1
4	29	0	5	1000	163020	163022.002	163	964.002	1	3	2	5	4	13254	0	1000	1152	622	0	1	3	2	5	4	1626	1882	2150	2412	2680	6000	5000	1	1	1	1	1	1
4	30	1	5	1000	168020	168020.003	168	960.014	1	4	5	2	3	14523	0	1000	1080	682	0	1	4	5	2	3	1686	1944	2194	2424	2684	6000	5000	1	1	1	1	1	1
4	31	0	5	1000	173020	173022.003	173	960.001	1	3	2	5	4	13254	0	1000	1116	710	0	1	3	2	5	4	1714	1946	2224	2476	2740	6000	5000	1	1	1	1	1	1
4	32	1	5	1000	178020	178022.016	178	958.014	3	2	4	5	1	32451	0	1000	1146	622	0	3	2	4	5	1	1626	1862	2136	2390	2662	6000	5000	1	1	1	1	1	1
4	33	0	5	1000	183020	183021.99	183	957.993	1	3	2	5	4	13254	0	1000	1124	664	0	1	3	2	5	4	1668	1922	2190	2454	2698	6000	5000	1	1	1	1	1	1
4	34	0	5	1000	188020	188020.002	188	954.018	1	4	5	2	3	14523	0	16000	1188	710	0	1	4	5	2	3	1714	1954	2258	2534	2830	6000	5000	1	1	1	1	1	1
4	35	0	5	1000	208020	208021.987	208	947.999	1	4	5	2	3	14523	0	1000	1116	722	0	1	4	5	2	3	1726	1972	2230	2474	2746	6000	5000	1	1	1	1	1	1
4	36	1	5	1000	213020	213020.004	213	943.982	3	2	4	5	1	32451	0	1000	1222	694	0	3	2	4	5	1	1698	1984	2238	2524	2774	6000	5000	1	1	1	1	1	1
4	37	0	5	1000	218020	218020.012	218	944	3	2	4	5	1	32451	0	1000	1150	706	0	3	2	4	5	1	1710	1950	2224	2496	2754	6000	5000	1	1	1	1	1	1
4	38	0	5	1000	223020	223021.999	223	943.98	3	5	1	2	4	35124	0	1000	1170	588	0	3	5	1	2	4	1592	1858	2152	2384	2672	6000	5000	1	1	1	1	1	1
4	39	0	5	1000	228020	228021.987	228	941.985	1	4	5	2	3	14523	0	1000	1174	692	0	1	4	5	2	3	1696	1964	2200	2490	2782	6000	5000	1	1	1	1	1	1
4	40	0	5	1000	233020	233020.002	233	938.017	3	5	1	2	4	35124	0	1000	1586	754	0	3	5	1	2	4	1758	2008	2646	2950	3244	6000	5000	1	1	1	1	1	1
4	41	1	5	1000	238020	238020.002	238	936.013	1	3	2	5	4	13254	0	1000	1138	690	0	1	3	2	5	4	1694	1940	2190	2456	2720	6000	5000	1	1	1	1	1	1
4	42	1	5	1000	243020	243021.99	243	937.988	1	3	2	5	4	13254	0	1000	1146	676	0	1	3	2	5	4	1680	1924	2190	2454	2720	6000	5000	1	1	1	1	1	1
4	43	1	5	1000	248020	248021.987	248	933.987	1	4	5	2	3	14523	0	1000	1492	804	0	1	4	5	2	3	1808	2048	2316	2574	3174	6000	5000	1	1	1	1	1	1
4	44	1	5	1000	253020	253021.991	253	933.98	1	4	5	2	3	14523	0	1000	1116	756	0	1	4	5	2	3	1760	2002	2268	2484	2782	6000	5000	1	1	1	1	1	1
4	45	0	5	1000	258020	258022.002	258	932.013	3	2	4	5	1	32451	0	1000	1180	584	0	3	2	4	5	1	1588	1830	2106	2364	2652	6000	5000	1	1	1	1	1	1
4	46	0	5	1000	263020	263021.994	263	930.003	3	2	4	5	1	32451	0	1000	1184	642	0	3	2	4	5	1	1646	1882	2162	2432	2706	6000	5000	1	1	1	1	1	1
4	47	0	5	1000	268020	268022.002	268	927.99	1	4	5	2	3	14523	0	1000	1176	696	0	1	4	5	2	3	1700	1952	2222	2456	2778	6000	5000	1	1	1	1	1	1
4	48	0	5	1000	273020	273022.005	273	926.012	1	3	2	5	4	13254	0	1000	1210	642	0	1	3	2	5	4	1646	1918	2182	2440	2750	6000	5000	1	1	1	1	1	1
4	49	0	5	1000	278020	278022	278	923.996	3	5	1	2	4	35124	0	1000	1126	742	0	3	5	1	2	4	1746	1988	2252	2516	2778	6000	5000	1	1	1	1	1	1
4	50	0	5	1000	283020	283021.989	283	921.978	3	2	4	5	1	32451	0	1000	1200	604	0	3	2	4	5	1	1608	1854	2124	2382	2676	6000	5000	1	1	1	1	1	1
4	51	1	5	1000	288020	288021.984	288	921.996	3	2	4	5	1	32451	0	16000	1200	588	0	3	2	4	5	1	1592	1844	2114	2358	2644	6000	5000	1	1	1	1	1	1
4	52	1	5	1000	308020	308021.99	308	913.988	3	2	4	5	1	32451	0	1000	1166	720	0	3	2	4	5	1	1724	1938	2234	2488	2764	6000	5000	1	1	1	1	1	1
4	53	0	5	1000	313020	313021.989	313	911.986	3	5	1	2	4	35124	0	1000	1110	602	0	3	5	1	2	4	1606	1856	2094	2348	2632	6000	5000	1	1	1	1	1	1
4	54	0	5	1000	318020	318022.011	318	912.008	3	5	1	2	4	35124	0	1000	1142	606	0	3	5	1	2	4	1610	1858	2128	2388	2658	6000	5000	1	1	1	1	1	1
4	55	1	5	1000	323020	323021.99	323	909.974	3	2	4	5	1	32451	0	1000	1178	590	0	3	2	4	5	1	1594	1834	2120	2360	2612	6000	5000	1	1	1	1	1	1
4	56	1	5	1000	328020	328020.004	328	906.013	3	5	1	2	4	35124	0	1000	1130	446	0	3	5	1	2	4	1450	1696	1946	2208	2480	6000	5000	1	1	1	1	1	1
4	57	1	5	1000	333020	333021.999	333	906.008	3	2	4	5	1	32451	0	1000	1138	524	0	3	2	4	5	1	1528	1772	2038	2276	2556	6000	5000	1	1	1	1	1	1
4	58	0	5	1000	338020	338022.001	338	903.981	1	4	5	2	3	14523	0	1000	1130	446	0	1	4	5	2	3	1450	1698	1962	2206	2498	6000	5000	1	1	1	1	1	1
4	59	1	5	1000	343020	343021.99	343	901.987	1	4	5	2	3	14523	0	1000	1076	724	0	1	4	5	2	3	1728	1982	2168	2458	2718	6000	5000	1	1	1	1	1	1
4	60	1	5	1000	348020	348021.999	348	899.998	3	5	1	2	4	35124	0	1000	1126	648	0	3	5	1	2	4	1652	1898	2144	2412	2684	6000	5000	1	1	1	1	1	1
4	61	1	5	1000	353020	353021.989	353	899.992	1	4	5	2	3	14523	0	1000	1116	786	0	1	4	5	2	3	1790	2062	2310	2564	2808	6000	5000	1	1	1	1	1	1
4	62	0	5	1000	358020	358021.988	358	897.987	3	5	1	2	4	35124	0	1000	1120	558	0	3	5	1	2	4	1562	1820	2070	2324	2588	6000	5000	1	1	1	1	1	1
4	63	1	5	1000	363020	363020.001	363	893.999	3	5	1	2	4	35124	0	1000	1100	640	0	3	5	1	2	4	1644	1878	2130	2386	2646	6000	5000	1	1	1	1	1	1
4	64	1	5	1000	368020	368021.987	368	893.956	1	3	2	5	4	13254	0	1000	1160	796	0	1	3	2	5	4	1800	2028	2324	2566	2844	6000	5000	1	1	1	1	1	1
4	65	0	5	1000	373020	373021.992	373	891.992	1	3	2	5	4	13254	0	1000	1198	714	0	1	3	2	5	4	1718	1992	2266	2528	2798	6000	5000	1	1	1	1	1	1
4	66	1	5	1000	378020	378020.002	378	887.992	3	5	1	2	4	35124	0	1000	1188	622	0	3	5	1	2	4	1626	1888	2158	2428	2688	6000	5000	1	1	1	1	1	1
4	67	0	5	1000	383020	383022.002	383	888.009	3	5	1	2	4	35124	0	1000	1190	596	0	3	5	1	2	4	1600	1840	2110	2370	2668	6000	5000	1	1	1	1	1	1
4	68	0	5	1000	388020	388021.988	388	887.996	1	3	2	5	4	13254	0	16000	1190	592	0	1	3	2	5	4	1596	1846	2110	2388	2684	6000	5000	1	1	1	1	1	1
5	1	1	5	1000	8020	8021.973	1	8021.973	3	5	1	2	4	35124	0	1000	1156	734	0	3	5	1	2	4	1738	1992	2252	2502	2796	6000	5000	1	1	1	1	1	1
5	2	1	5	1000	13020	13021.972	1	13021.972	3	5	1	2	4	35124	0	1000	1126	632	0	3	5	1	2	4	1636	1884	2140	2406	2668	6000	5000	1	1	1	1	1	1
5	3	0	5	1000	18020	18020.075	1	18020.075	3	2	4	5	1	32451	0	1000	1210	560	0	3	2	4	5	1	1564	1818	2094	2370	2638	6000	5000	1	1	1	1	1	1
5	4	0	5	1000	23020	23021.971	1	23021.971	3	2	4	5	1	32451	0	1000	1176	564	0	3	2	4	5	1	1568	1812	2070	2332	2626	6000	5000	1	1	1	1	1	1
5	5	0	5	1000	28020	28021.975	1	28021.975	3	5	1	2	4	35124	0	1000	1120	554	0	3	5	1	2	4	1558	1806	2060	2310	2588	6000	5000	1	1	1	1	1	1
5	6	0	5	1000	33020	33021.972	1	33021.972	3	2	4	5	1	32451	0	1000	1166	572	0	3	2	4	5	1	1576	1802	2080	2348	2602	6000	5000	1	1	1	1	1	1
5	7	0	5	1000	38020	38021.962	1	38021.962	1	3	2	5	4	13254	0	1000	1170	812	0	1	3	2	5	4	1816	2072	2334	2616	2888	6000	5000	1	1	1	1	1	1
5	8	1	5	1000	43020	43021.973	1	43021.973	3	2	4	5	1	32451	0	1000	1304	736	0	3	2	4	5	1	1740	1980	2266	2540	2886	6000	5000	1	1	1	1	1	1
5	9	1	5	1000	48020	48021.974	1	48021.974	3	2	4	5	1	32451	0	1000	1290	542	0	3	2	4	5	1	1546	1832	2110	2388	2684	6000	5000	1	1	1	1	1	1
5	10	1	5	1000	53020	53021.974	1	53021.974	1	3	2	5	4	13254	0	1000	1196	606	0	1	3	2	5	4	1610	1882	2144	2416	2688	6000	5000	1	1	1	1	1	1
5	11	0	5	1000	58020	58021.975	1	58021.975	3	2	4	5	1	32451	0	1000	1234	552	0	3	2	4	5	1	1556	1816	2098	2380	2672	6000	5000	1	1	1	1	1	1
5	12	0	5	1000	63020	63021.99	1	63021.99	1	4	5	2	3	14523	0	1000	1202	756	0	1	4	5	2	3	1760	2026	2282	2558	2856	6000	5000	1	1	1	1	1	1
5	13	1	5	1000	68020	68021.975	1	68021.975	1	3	2	5	4	13254	0	1000	1204	710	0	1	3	2	5	4	1714	1952	2244	2522	2800	6000	5000	1	1	1	1	1	1
5	14	0	5	1000	73020	73020.063	1	73020.063	3	5	1	2	4	35124	0	1000	1254	572	0	3	5	1	2	4	1576	1868	2162	2444	2732	6000	5000	1	1	1	1	1	1
5	15	1	5	1000	78020	78021.971	1	78021.971	1	3	2	5	4	13254	0	1000	1252	680	0	1	3	2	5	4	1684	1946	2252	2522	2830	6000	5000	1	1	1	1	1	1
5	16	0	5	1000	83020	83021.99	1	83021.99	1	3	2	5	4	13254	0	1000	1254	710	0	1	3	2	5	4	1714	1982	2262	2564	2858	6000	5000	1	1	1	1	1	1
5	17	0	5	1000	88020	88021.973	1	88021.973	1	3	2	5	4	13254	0	16000	1300	710	0	1	3	2	5	4	1714	1986	2296	2614	2906	6000	5000	1	1	1	1	1	1
5	18	0	5	1000	108020	108021.975	1	108021.975	1	3	2	5	4	13254	0	1000	1264	738	0	1	3	2	5	4	1742	2010	2298	2582	2924	6000	5000	1	1	1	1	1	1
5	19	0	5	1000	113020	113021.975	1	113021.975	3	5	1	2	4	35124	0	1000	1150	702	0	3	5	1	2	4	1706	1946	2214	2494	2770	6000	5000	1	1	1	1	1	1
5	20	0	5	1000	118020	118021.978	1	118021.978	1	3	2	5	4	13254	0	1000	1146	710	0	1	3	2	5	4	1714	1974	2236	2500	2770	6000	5000	1	1	1	1	1	1
5	21	0	5	1000	123020	123021.975	1	123021.975	3	2	4	5	1	32451	0	1000	1152	684	0	3	2	4	5	1	1688	1918	2182	2436	2716	6000	5000	1	1	1	1	1	1
5	22	1	5	1000	128020	128021.976	1	128021.976	1	4	5	2	3	14523	0	1000	1138	646	0	1	4	5	2	3	1650	1916	2174	2432	2690	6000	5000	1	1	1	1	1	1
5	23	1	5	1000	133020	133021.962	1	133021.962	1	3	2	5	4	13254	0	1000	1124	734	0	1	3	2	5	4	1738	1996	2242	2490	2752	6000	5000	1	1	1	1	1	1
5	24	1	5	1000	138020	138021.976	1	138021.976	1	3	2	5	4	13254	0	1000	1150	584	0	1	3	2	5	4	1588	1868	2114	2380	2646	6000	5000	1	1	1	1	1	1
5	25	1	5	1000	143020	143021.993	1	143021.993	3	2	4	5	1	32451	0	1000	1194	612	0	3	2	4	5	1	1616	1852	2130	2390	2680	6000	5000	1	1	1	1	1	1
5	26	0	5	1000	148020	148021.975	1	148021.975	1	3	2	5	4	13254	0	1000	1170	730	0	1	3	2	5	4	1734	1992	2252	2520	2786	6000	5000	1	1	1	1	1	1
5	27	1	5	1000	153020	153021.963	1	153021.963	1	3	2	5	4	13254	0	1000	1198	708	0	1	3	2	5	4	1712	1978	2256	2544	2794	6000	5000	1	1	1	1	1	1
5	28	1	5	1000	158020	158021.964	1	158021.964	3	5	1	2	4	35124	0	1000	1180	592	0	3	5	1	2	4	1596	1844	2118	2382	2672	6000	5000	1	1	1	1	1	1
5	29	1	5	1000	163020	163021.974	1	163021.974	1	4	5	2	3	14523	0	1000	1190	762	0	1	4	5	2	3	1766	2020	2306	2556	2854	6000	5000	1	1	1	1	1	1
5	30	0	5	1000	168020	168020.058	1	168020.058	3	2	4	5	1	32451	0	1000	1204	710	0	3	2	4	5	1	1714	1952	2234	2510	2810	6000	5000	1	1	1	1	1	1
5	31	1	5	1000	173020	173021.977	1	173021.977	3	5	1	2	4	35124	0	1000	1220	506	0	3	5	1	2	4	1510	1788	2038	2336	2640	6000	5000	1	1	1	1	1	1
5	32	0	5	1000	178020	178021.975	1	178021.975	1	4	5	2	3	14523	0	1000	1128	536	0	1	4	5	2	3	1540	1798	2054	2312	2586	6000	5000	1	1	1	1	1	1
5	33	1	5	1000	183020	183021.975	1	183021.975	1	4	5	2	3	14523	0	1000	1108	638	0	1	4	5	2	3	1642	1900	2156	2400	2658	6000	5000	1	1	1	1	1	1
5	34	0	5	1000	188020	188021.964	1	188021.964	1	4	5	2	3	14523	0	16000	1180	694	0	1	4	5	2	3	1698	1962	2236	2496	2782	6000	5000	1	1	1	1	1	1
5	35	0	5	1000	208020	208021.967	1	208021.967	1	4	5	2	3	14523	0	1000	1140	958	0	1	4	5	2	3	1962	2236	2484	2752	3016	6000	5000	1	1	1	1	1	1
5	36	0	5	1000	213020	213021.973	1	213021.973	1	3	2	5	4	13254	0	1000	1210	730	0	1	3	2	5	4	1734	2006	2264	2542	2830	6000	5000	1	1	1	1	1	1
5	37	1	5	1000	218020	218021.976	1	218021.976	3	5	1	2	4	35124	0	1000	1182	852	0	3	5	1	2	4	1856	2124	2392	2668	2950	6000	5000	1	1	1	1	1	1
5	38	1	5	1000	223020	223021.961	1	223021.961	3	2	4	5	1	32451	0	1000	1188	610	0	3	2	4	5	1	1614	1864	2128	2416	2704	6000	5000	1	1	1	1	1	1
5	39	1	5	1000	228020	228020.053	1	228020.053	3	5	1	2	4	35124	0	1000	1148	642	0	3	5	1	2	4	1646	1888	2146	2426	2704	6000	5000	1	1	1	1	1	1
5	40	1	5	1000	233020	233022.055	1	233022.055	1	3	2	5	4	13254	0	1000	1226	806	0	1	3	2	5	4	1810	2078	2368	2656	2942	6000	5000	1	1	1	1	1	1
5	41	0	5	1000	238020	238021.975	1	238021.975	1	4	5	2	3	14523	0	1000	1248	596	0	1	4	5	2	3	1600	1878	2166	2430	2770	6000	5000	1	1	1	1	1	1
5	42	0	5	1000	243020	243021.975	1	243021.975	1	4	5	2	3	14523	0	1000	1184	694	0	1	4	5	2	3	1698	1960	2230	2492	2786	6000	5000	1	1	1	1	1	1
5	43	1	5	1000	248020	248021.962	1	248021.962	3	2	4	5	1	32451	0	1000	1230	656	0	3	2	4	5	1	1660	1918	2206	2498	2768	6000	5000	1	1	1	1	1	1
5	44	0	5	1000	253020	253021.962	1	253021.962	3	5	1	2	4	35124	0	1000	1180	652	0	3	5	1	2	4	1656	1904	2192	2454	2746	6000	5000	1	1	1	1	1	1
5	45	1	5	1000	258020	258021.965	1	258021.965	3	2	4	5	1	32451	0	1000	1208	588	0	3	2	4	5	1	1592	1834	2142	2394	2708	6000	5000	1	1	1	1	1	1
5	46	0	5	1000	263020	263021.962	1	263021.962	3	2	4	5	1	32451	0	1000	1268	654	0	3	2	4	5	1	1658	1938	2216	2500	2810	6000	5000	1	1	1	1	1	1
5	47	1	5	1000	268020	268021.963	1	268021.963	3	2	4	5	1	32451	0	1000	1288	626	0	3	2	4	5	1	1630	1906	2202	2452	2790	6000	5000	1	1	1	1	1	1
5	48	1	5	1000	273020	273021.97	1	273021.97	1	4	5	2	3	14523	0	1000	1134	600	0	1	4	5	2	3	1604	1852	2130	2388	2660	6000	5000	1	1	1	1	1	1
5	49	1	5	1000	278020	278021.974	1	278021.974	3	5	1	2	4	35124	0	1000	1152	622	0	3	5	1	2	4	1626	1890	2142	2410	2674	6000	5000	1	1	1	1	1	1
5	50	0	5	1000	283020	283021.982	1	283021.982	1	3	2	5	4	13254	0	1000	1158	620	0	1	3	2	5	4	1624	1878	2150	2424	2698	6000	5000	1	1	1	1	1	1
5	51	1	5	1000	288020	288021.974	1	288021.974	1	4	5	2	3	14523	0	16000	1202	628	0	1	4	5	2	3	1632	1878	2184	2454	2746	6000	5000	1	1	1	1	1	1
5	52	1	5	1000	308020	308021.973	1	308021.973	1	4	5	2	3	14523	0	1000	1214	802	0	1	4	5	2	3	1806	2054	2342	2616	2900	6000	5000	1	1	1	1	1	1
5	53	1	5	1000	313020	313021.965	1	313021.965	3	2	4	5	1	32451	0	1000	1228	840	0	3	2	4	5	1	1844	2124	2396	2660	2942	6000	5000	1	1	1	1	1	1
5	54	0	5	1000	318020	318021.962	1	318021.962	1	4	5	2	3	14523	0	1000	1170	680	0	1	4	5	2	3	1684	1954	2206	2454	2744	6000	5000	1	1	1	1	1	1
5	55	0	5	1000	323020	323021.948	1	323021.948	3	2	4	5	1	32451	0	1000	1248	644	0	3	2	4	5	1	1648	1906	2184	2460	2758	6000	5000	1	1	1	1	1	1
5	56	1	5	1000	328020	328021.942	1	328021.942	1	3	2	5	4	13254	0	1000	1208	720	0	1	3	2	5	4	1724	1998	2282	2556	2844	6000	5000	1	1	1	1	1	1
5	57	1	5	1000	333020	333021.962	1	333021.962	1	4	5	2	3	14523	0	1000	1162	644	0	1	4	5	2	3	1648	1928	2186	2424	2738	6000	5000	1	1	1	1	1	1
5	58	1	5	1000	338020	338021.962	1	338021.962	1	4	5	2	3	14523	0	1000	1186	758	0	1	4	5	2	3	1762	2036	2298	2560	2860	6000	5000	1	1	1	1	1	1
5	59	0	5	1000	343020	343021.966	1	343021.966	1	3	2	5	4	13254	0	1000	1220	634	0	1	3	2	5	4	1638	1900	2184	2474	2758	6000	5000	1	1	1	1	1	1
5	60	0	5	1000	348020	348021.962	1	348021.962	1	4	5	2	3	14523	0	1000	1202	664	0	1	4	5	2	3	1668	1954	2230	2492	2794	6000	5000	1	1	1	1	1	1
5	61	0	5	1000	353020	353021.965	1	353021.965	3	5	1	2	4	35124	0	1000	1200	910	0	3	5	1	2	4	1914	2196	2480	2744	3030	6000	5000	1	1	1	1	1	1
5	62	1	5	1000	358020	358021.957	1	358021.957	1	4	5	2	3	14523	0	1000	1174	644	0	1	4	5	2	3	1648	1920	2178	2464	2734	6000	5000	1	1	1	1	1	1
5	63	0	5	1000	363020	363021.977	1	363021.977	3	5	1	2	4	35124	0	1000	1188	496	0	3	5	1	2	4	1500	1790	2048	2296	2600	6000	5000	1	1	1	1	1	1
5	64	0	5	1000	368020	368021.963	1	368021.963	3	5	1	2	4	35124	0	1000	1172	498	0	3	5	1	2	4	1502	1766	2014	2280	2594	6000	5000	1	1	1	1	1	1
5	65	0	5	1000	373020	373021.963	1	373021.963	1	4	5	2	3	14523	0	1000	1206	636	0	1	4	5	2	3	1640	1900	2190	2466	2748	6000	5000	1	1	1	1	1	1
5	66	1	5	1000	378020	378021.967	1	378021.967	3	5	1	2	4	35124	0	1000	1168	596	0	3	5	1	2	4	1600	1852	2114	2372	2658	6000	5000	1	1	1	1	1	1
5	67	0	5	1000	383020	383021.967	1	383021.967	3	5	1	2	4	35124	0	1000	1142	670	0	3	5	1	2	4	1674	1946	2204	2456	2726	6000	5000	1	1	1	1	1	1
5	68	1	5	1000	388020	388021.975	1	388021.975	3	5	1	2	4	35124	0	16000	1158	438	0	3	5	1	2	4	1442	1694	1942	2220	2492	6000	5000	1	1	1	1	1	1
6	1	1	5	1000	8020	8021.985	1	8019.998	3	2	4	5	1	32451	0	1000	1256	792	0	3	2	4	5	1	1796	2060	2356	2628	2914	6000	5000	1	1	1	1	1	1
6	2	0	5	1000	13020	13022.073	1	13020.087	3	2	4	5	1	32451	0	1000	1232	582	0	3	2	4	5	1	1586	1840	2122	2392	2694	6000	5000	1	1	1	1	1	1
6	3	0	5	1000	18020	18021.973	1	18019.986	1	3	2	5	4	13254	0	1000	1256	620	0	1	3	2	5	4	1624	1902	2186	2480	2776	6000	5000	1	1	1	1	1	1
6	4	1	5	1000	23020	23021.984	1	23019.997	1	3	2	5	4	13254	0	1000	1200	750	0	1	3	2	5	4	1754	2020	2298	2552	2850	6000	5000	1	1	1	1	1	1
6	5	0	5	1000	28020	28021.983	1	28019.996	3	5	1	2	4	35124	0	1000	1170	534	0	3	5	1	2	4	1538	1792	2064	2334	2618	6000	5000	1	1	1	1	1	1
6	6	1	5	1000	33020	33021.973	1	33019.986	1	4	5	2	3	14523	0	1000	1176	616	0	1	4	5	2	3	1620	1864	2162	2426	2728	6000	5000	1	1	1	1	1	1
6	7	1	5	1000	38020	38021.973	1	38019.987	3	2	4	5	1	32451	0	1000	1198	574	0	3	2	4	5	1	1578	1814	2102	2364	2716	6000	5000	1	1	1	1	1	1
6	8	1	5	1000	43020	43021.985	1	43019.999	1	4	5	2	3	14523	0	1000	1194	632	0	1	4	5	2	3	1636	1902	2184	2458	2756	6000	5000	1	1	1	1	1	1
6	9	1	5	1000	48020	48021.982	1	48019.996	3	5	1	2	4	35124	0	1000	1198	606	0	3	5	1	2	4	1610	1886	2144	2436	2712	6000	5000	1	1	1	1	1	1
6	10	1	5	1000	53020	53021.983	1	53019.996	1	3	2	5	4	13254	0	1000	1190	722	0	1	3	2	5	4	1726	2008	2278	2552	2844	6000	5000	1	1	1	1	1	1
6	11	1	5	1000	58020	58021.986	1	58019.999	3	2	4	5	1	32451	0	1000	1238	530	0	3	2	4	5	1	1534	1782	2078	2360	2640	6000	5000	1	1	1	1	1	1
6	12	1	5	1000	63020	63021.985	1	63019.998	1	3	2	5	4	13254	0	1000	1182	654	0	1	3	2	5	4	1658	1932	2182	2468	2750	6000	5000	1	1	1	1	1	1
6	13	1	5	1000	68020	68021.985	1	68019.999	1	4	5	2	3	14523	0	1000	1162	704	0	1	4	5	2	3	1708	1968	2222	2492	2782	6000	5000	1	1	1	1	1	1
6	14	0	5	1000	73020	73021.987	1	73020	3	2	4	5	1	32451	0	1000	1244	642	0	3	2	4	5	1	1646	1896	2180	2464	2762	6000	5000	1	1	1	1	1	1
6	15	1	5	1000	78020	78021.983	1	78019.996	1	4	5	2	3	14523	0	1000	1148	750	0	1	4	5	2	3	1754	2002	2256	2522	2806	6000	5000	1	1	1	1	1	1
6	16	1	5	1000	83020	83021.985	1	83019.999	1	3	2	5	4	13254	0	1000	1170	642	0	1	3	2	5	4	1646	1914	2176	2440	2734	6000	5000	1	1	1	1	1	1
6	17	1	5	1000	88020	88021.985	1	88019.998	1	3	2	5	4	13254	0	16000	1190	732	0	1	3	2	5	4	1736	1992	2250	2514	2822	6000	5000	1	1	1	1	1	1
6	18	1	5	1000	108020	108021.987	1	108020	1	3	2	5	4	13254	0	1000	1200	814	0	1	3	2	5	4	1818	2100	2360	2658	2932	6000	5000	1	1	1	1	1	1
6	19	0	5	1000	113020	113021.98	1	113019.993	3	2	4	5	1	32451	0	1000	1198	668	0	3	2	4	5	1	1672	1912	2206	2478	2788	6000	5000	1	1	1	1	1	1
6	20	0	5	1000	118020	118021.985	1	118019.999	3	5	1	2	4	35124	0	1000	1120	544	0	3	5	1	2	4	1548	1794	2060	2318	2610	6000	5000	1	1	1	1	1	1
6	21	1	5	1000	123020	123022.013	1	123020.027	3	2	4	5	1	32451	0	1000	1252	588	0	3	2	4	5	1	1592	1844	2140	2422	2708	6000	5000	1	1	1	1	1	1
6	22	0	5	1000	128020	128021.988	1	128020.001	1	4	5	2	3	14523	0	1000	1244	562	0	1	4	5	2	3	1566	1838	2128	2400	2686	6000	5000	1	1	1	1	1	1
6	23	1	5	1000	133020	133021.982	1	133019.995	1	4	5	2	3	14523	0	1000	1186	598	0	1	4	5	2	3	1602	1864	2158	2426	2724	6000	5000	1	1	1	1	1	1
6	24	1	5	1000	138020	138020.012	1	138018.025	1	4	5	2	3	14523	0	1000	1160	678	0	1	4	5	2	3	1682	1932	2212	2472	2750	6000	5000	1	1	1	1	1	1
6	25	0	5	1000	143020	143021.988	1	143020.001	1	3	2	5	4	13254	0	1000	1232	650	0	1	3	2	5	4	1654	1938	2246	2534	2824	6000	5000	1	1	1	1	1	1
6	26	1	5	1000	148020	148021.988	1	148020.001	3	2	4	5	1	32451	0	1000	1222	568	0	3	2	4	5	1	1572	1842	2122	2404	2698	6000	5000	1	1	1	1	1	1
6	27	1	5	1000	153020	153021.985	1	153019.998	3	5	1	2	4	35124	0	1000	1164	552	0	3	5	1	2	4	1556	1816	2080	2348	2642	6000	5000	1	1	1	1	1	1
6	28	0	5	1000	158020	158021.983	1	158019.996	1	4	5	2	3	14523	0	1000	1186	610	0	1	4	5	2	3	1614	1898	2170	2434	2740	6000	5000	1	1	1	1	1	1
6	29	0	5	1000	163020	163021.999	1	163020.012	1	3	2	5	4	13254	0	1000	1284	708	0	1	3	2	5	4	1712	1982	2288	2618	2916	6000	5000	1	1	1	1	1	1
6	30	0	5	1000	168020	168021.99	1	168020.003	3	5	1	2	4	35124	0	1000	1196	596	0	3	5	1	2	4	1600	1854	2146	2414	2714	6000	5000	1	1	1	1	1	1
6	31	1	5	1000	173020	173021.987	1	173020	3	5	1	2	4	35124	0	1000	1202	554	0	3	5	1	2	4	1558	1838	2106	2386	2656	6000	5000	1	1	1	1	1	1
6	32	1	5	1000	178020	178021.985	1	178019.998	3	5	1	2	4	35124	0	1000	1180	510	0	3	5	1	2	4	1514	1778	2044	2330	2606	6000	5000	1	1	1	1	1	1
6	33	0	5	1000	183020	183021.981	1	183019.995	1	3	2	5	4	13254	0	1000	1232	706	0	1	3	2	5	4	1710	1990	2304	2580	2846	6000	5000	1	1	1	1	1	1
6	34	0	5	1000	188020	188021.984	1	188019.998	1	3	2	5	4	13254	0	16000	1272	696	0	1	3	2	5	4	1700	1984	2288	2578	2868	6000	5000	1	1	1	1	1	1
6	35	0	5	1000	208020	208021.986	1	208019.999	1	3	2	5	4	13254	0	1000	1208	712	0	1	3	2	5	4	1716	1994	2270	2552	2846	6000	5000	1	1	1	1	1	1
6	36	0	5	1000	213020	213021.984	1	213019.998	3	2	4	5	1	32451	0	1000	1246	704	0	3	2	4	5	1	1708	1954	2240	2518	2816	6000	5000	1	1	1	1	1	1
6	37	1	5	1000	218020	218021.989	1	218020.002	3	5	1	2	4	35124	0	1000	1192	532	0	3	5	1	2	4	1536	1790	2068	2354	2638	6000	5000	1	1	1	1	1	1
6	38	0	5	1000	223020	223021.975	1	223019.988	3	2	4	5	1	32451	0	1000	1250	660	0	3	2	4	5	1	1664	1944	2228	2498	2790	6000	5000	1	1	1	1	1	1
6	39	1	5	1000	228020	228021.984	1	228019.997	1	3	2	5	4	13254	0	1000	1166	774	0	1	3	2	5	4	1778	2044	2302	2580	2862	6000	5000	1	1	1	1	1	1
6	40	0	5	1000	233020	233021.988	1	233020.001	1	3	2	5	4	13254	0	1000	1262	704	0	1	3	2	5	4	1708	1982	2274	2568	2844	6000	5000	1	1	1	1	1	1
6	41	1	5	1000	238020	238021.985	1	238019.998	3	5	1	2	4	35124	0	1000	1204	650	0	3	5	1	2	4	1654	1926	2166	2476	2758	6000	5000	1	1	1	1	1	1
6	42	1	5	1000	243020	243020	1	243018.013	1	4	5	2	3	14523	0	1000	1178	780	0	1	4	5	2	3	1784	2046	2314	2584	2864	6000	5000	1	1	1	1	1	1
6	43	0	5	1000	248020	248021.987	1	248020.001	1	4	5	2	3	14523	0	1000	1226	600	0	1	4	5	2	3	1604	1908	2190	2450	2730	6000	5000	1	1	1	1	1	1
6	44	0	5	1000	253020	253021.981	1	253019.994	1	4	5	2	3	14523	0	1000	1220	510	0	1	4	5	2	3	1514	1792	2056	2326	2632	6000	5000	1	1	1	1	1	1
6	45	0	5	1000	258020	258021.974	1	258019.987	3	2	4	5	1	32451	0	1000	1294	572	0	3	2	4	5	1	1576	1840	2136	2438	2732	6000	5000	1	1	1	1	1	1
6	46	0	5	1000	263020	263021.973	1	263019.987	1	4	5	2	3	14523	0	1000	1216	736	0	1	4	5	2	3	1740	2008	2290	2568	2862	6000	5000	1	1	1	1	1	1
6	47	1	5	1000	268020	268021.976	1	268019.989	3	5	1	2	4	35124	0	1000	1242	666	0	3	5	1	2	4	1670	1950	2222	2512	2790	6000	5000	1	1	1	1	1	1
6	48	0	5	1000	273020	273021.976	1	273019.99	3	5	1	2	4	35124	0	1000	1182	582	0	3	5	1	2	4	1586	1856	2126	2392	2676	6000	5000	1	1	1	1	1	1
6	49	0	5	1000	278020	278021.973	1	278019.986	1	4	5	2	3	14523	0	1000	1284	788	0	1	4	5	2	3	1792	2070	2384	2672	2990	6000	5000	1	1	1	1	1	1
6	50	1	5	1000	283020	283021.988	1	283020.001	1	3	2	5	4	13254	0	1000	1182	604	0	1	3	2	5	4	1608	1864	2144	2416	2678	6000	5000	1	1	1	1	1	1
6	51	1	5	1000	288020	288021.972	1	288019.985	3	5	1	2	4	35124	0	16000	1188	564	0	3	5	1	2	4	1568	1830	2112	2388	2650	6000	5000	1	1	1	1	1	1
6	52	1	5	1000	308020	308022.004	1	308020.017	3	5	1	2	4	35124	0	1000	1720	622	0	3	5	1	2	4	1626	1886	2694	2976	3252	6000	5000	1	1	1	1	1	1
6	53	1	5	1000	313020	313021.999	1	313020.013	3	2	4	5	1	32451	0	1000	1270	626	0	3	2	4	5	1	1630	1890	2182	2456	2744	6000	5000	1	1	1	1	1	1
6	54	0	5	1000	318020	318021.989	1	318020.002	3	5	1	2	4	35124	0	1000	1226	612	0	3	5	1	2	4	1616	1906	2178	2464	2748	6000	5000	1	1	1	1	1	1
6	55	1	5	1000	323020	323021.958	1	323019.971	1	3	2	5	4	13254	0	1000	1170	720	0	1	3	2	5	4	1724	1996	2264	2514	2796	6000	5000	1	1	1	1	1	1
6	56	0	5	1000	328020	328021.976	1	328019.99	1	4	5	2	3	14523	0	1000	1294	632	0	1	4	5	2	3	1636	1910	2226	2512	2810	6000	5000	1	1	1	1	1	1
6	57	1	5	1000	333020	333021.974	1	333019.987	3	2	4	5	1	32451	0	1000	1294	524	0	3	2	4	5	1	1528	1806	2102	2380	2670	6000	5000	1	1	1	1	1	1
6	58	1	5	1000	338020	338021.965	1	338019.978	3	2	4	5	1	32451	0	1000	1224	570	0	3	2	4	5	1	1574	1820	2094	2370	2664	6000	5000	1	1	1	1	1	1
6	59	0	5	1000	343020	343020.002	1	343018.015	1	3	2	5	4	13254	0	1000	1366	554	0	1	3	2	5	4	1558	1860	2204	2514	2828	6000	5000	1	1	1	1	1	1
6	60	1	5	1000	348020	348021.977	1	348019.99	1	4	5	2	3	14523	0	1000	1216	836	0	1	4	5	2	3	1840	2126	2396	2664	2956	6000	5000	1	1	1	1	1	1
6	61	0	5	1000	353020	353021.986	1	353019.999	3	5	1	2	4	35124	0	1000	1218	606	0	3	5	1	2	4	1610	1868	2148	2410	2702	6000	5000	1	1	1	1	1	1
6	62	0	5	1000	358020	358021.976	1	358019.989	1	3	2	5	4	13254	0	1000	1246	630	0	1	3	2	5	4	1634	1918	2228	2512	2794	6000	5000	1	1	1	1	1	1
6	63	0	5	1000	363020	363021.983	1	363019.996	1	4	5	2	3	14523	0	1000	1210	752	0	1	4	5	2	3	1756	2020	2292	2568	2876	6000	5000	1	1	1	1	1	1
6	64	0	5	1000	368020	368021.973	1	368019.987	3	5	1	2	4	35124	0	1000	1242	502	0	3	5	1	2	4	1506	1764	2064	2352	2646	6000	5000	1	1	1	1	1	1
6	65	0	5	1000	373020	373021.987	1	373020	3	5	1	2	4	35124	0	1000	1238	568	0	3	5	1	2	4	1572	1830	2130	2390	2706	6000	5000	1	1	1	1	1	1
6	66	0	5	1000	378020	378021.99	1	378020.004	3	2	4	5	1	32451	0	1000	1402	624	0	3	2	4	5	1	1628	1912	2228	2566	2878	6000	5000	1	1	1	1	1	1
6	67	0	5	1000	383020	383020.004	1	383018.018	3	2	4	5	1	32451	0	1000	1616	596	0	3	2	4	5	1	1600	1892	2532	2796	3088	6000	5000	1	1	1	1	1	1
6	68	1	5	1000	388020	388021.979	1	388019.993	3	2	4	5	1	32451	0	16000	1292	836	0	3	2	4	5	1	1840	2114	2410	2682	2980	6000	5000	1	1	1	1	1	1
7	1	0	5	1000	8020	8021.964	1	8019.958	3	5	1	2	4	35124	0	1000	1144	710	0	3	5	1	2	4	1714	1966	2222	2476	2752	6000	5000	1	1	1	1	1	1
7	2	0	5	1000	13020	13021.975	1	13019.968	3	5	1	2	4	35124	0	1000	1132	604	0	3	5	1	2	4	1608	1856	2126	2388	2680	6000	5000	1	1	1	1	1	1
7	3	0	5	1000	18020	18021.976	1	18019.97	3	2	4	5	1	32451	0	1000	1198	572	0	3	2	4	5	1	1576	1832	2106	2356	2648	6000	5000	1	1	1	1	1	1
7	4	1	5	1000	23020	23021.975	1	23019.968	3	5	1	2	4	35124	0	1000	1186	616	0	3	5	1	2	4	1620	1898	2156	2434	2716	6000	5000	1	1	1	1	1	1
7	5	1	5	1000	28020	28021.975	1	28019.968	1	3	2	5	4	13254	0	1000	1188	666	0	1	3	2	5	4	1670	1948	2226	2484	2762	6000	5000	1	1	1	1	1	1
7	6	1	5	1000	33020	33021.974	1	33019.968	1	4	5	2	3	14523	0	1000	1172	640	0	1	4	5	2	3	1644	1922	2176	2444	2722	6000	5000	1	1	1	1	1	1
7	7	0	5	1000	38020	38021.964	1	38019.958	1	4	5	2	3	14523	0	1000	1224	772	0	1	4	5	2	3	1776	2050	2338	2614	2918	6000	5000	1	1	1	1	1	1
7	8	1	5	1000	43020	43021.974	1	43019.968	1	4	5	2	3	14523	0	1000	1218	748	0	1	4	5	2	3	1752	2008	2304	2596	2890	6000	5000	1	1	1	1	1	1
7	9	0	5	1000	48020	48021.981	1	48019.975	3	2	4	5	1	32451	0	1000	1282	648	0	3	2	4	5	1	1652	1900	2202	2502	2796	6000	5000	1	1	1	1	1	1
7	10	0	5	1000	53020	53021.972	1	53019.966	3	5	1	2	4	35124	0	1000	1230	796	0	3	5	1	2	4	1800	2056	2360	2634	2942	6000	5000	1	1	1	1	1	1
7	11	1	5	1000	58020	58021.978	1	58019.972	3	2	4	5	1	32451	0	1000	1234	528	0	3	2	4	5	1	1532	1792	2080	2326	2660	6000	5000	1	1	1	1	1	1
7	12	0	5	1000	63020	63021.975	1	63019.969	3	2	4	5	1	32451	0	1000	1374	632	0	3	2	4	5	1	1636	1984	2352	2618	2888	6000	5000	1	1	1	1	1	1
7	13	1	5	1000	68020	68021.978	1	68019.971	3	2	4	5	1	32451	0	1000	1450	610	0	3	2	4	5	1	1614	1990	2302	2590	2948	6000	5000	1	1	1	1	1	1
7	14	1	5	1000	73020	73020.007	1	73018.001	1	3	2	5	4	13254	0	1000	1142	784	0	1	3	2	5	4	1788	2042	2314	2572	2840	6000	5000	1	1	1	1	1	1
7	15	0	5	1000	78020	78021.972	1	78019.965	1	3	2	5	4	13254	0	1000	1238	580	0	1	3	2	5	4	1584	1846	2150	2436	2718	6000	5000	1	1	1	1	1	1
7	16	1	5	1000	83020	83021.975	1	83019.968	3	5	1	2	4	35124	0	1000	1228	772	0	3	5	1	2	4	1776	2034	2314	2600	2908	6000	5000	1	1	1	1	1	1
7	17	0	5	1000	88020	88021.975	1	88019.968	1	4	5	2	3	14523	0	16000	1194	746	0	1	4	5	2	3	1750	2026	2288	2552	2852	6000	5000	1	1	1	1	1	1
7	18	0	5	1000	108020	108021.976	1	108019.97	1	4	5	2	3	14523	0	1000	1172	774	0	1	4	5	2	3	1778	2038	2288	2562	2840	6000	5000	1	1	1	1	1	1
7	19	0	5	1000	113020	113021.973	1	113019.967	1	3	2	5	4	13254	0	1000	1176	696	0	1	3	2	5	4	1700	1954	2236	2496	2784	6000	5000	1	1	1	1	1	1
7	20	0	5	1000	118020	118021.975	1	118019.969	1	3	2	5	4	13254	0	1000	1294	766	0	1	3	2	5	4	1770	2042	2364	2662	2956	6000	5000	1	1	1	1	1	1
7	21	0	5	1000	123020	123021.976	1	123019.97	1	4	5	2	3	14523	0	1000	1156	584	0	1	4	5	2	3	1588	1850	2122	2382	2674	6000	5000	1	1	1	1	1	1
7	22	0	5	1000	128020	128021.976	1	128019.97	3	2	4	5	1	32451	0	1000	1238	536	0	3	2	4	5	1	1540	1794	2072	2362	2646	6000	5000	1	1	1	1	1	1
7	23	0	5	1000	133020	133021.975	1	133019.968	1	4	5	2	3	14523	0	1000	1168	594	0	1	4	5	2	3	1598	1860	2134	2392	2682	6000	5000	1	1	1	1	1	1
7	24	1	5	1000	138020	138021.975	1	138019.968	1	3	2	5	4	13254	0	1000	1220	768	0	1	3	2	5	4	1772	2026	2304	2596	2872	6000	5000	1	1	1	1	1	1
7	25	0	5	1000	143020	143021.978	1	143019.972	3	2	4	5	1	32451	0	1000	1258	636	0	3	2	4	5	1	1640	1900	2188	2474	2756	6000	5000	1	1	1	1	1	1
7	26	0	5	1000	148020	148021.975	1	148019.968	1	3	2	5	4	13254	0	1000	1288	602	0	1	3	2	5	4	1606	1874	2182	2472	2782	6000	5000	1	1	1	1	1	1
7	27	1	5	1000	153020	153021.99	1	153019.984	1	3	2	5	4	13254	0	1000	1584	778	0	1	3	2	5	4	1782	2350	2682	2992	3272	6000	5000	1	1	1	1	1	1
7	28	1	5	1000	158020	158021.974	1	158019.968	1	3	2	5	4	13254	0	1000	1262	786	0	1	3	2	5	4	1790	2082	2368	2646	2936	6000	5000	1	1	1	1	1	1
7	29	1	5	1000	163020	163021.964	1	163019.958	3	5	1	2	4	35124	0	1000	1228	588	0	3	5	1	2	4	1592	1860	2134	2428	2720	6000	5000	1	1	1	1	1	1
7	30	0	5	1000	168020	168021.966	1	168019.96	1	3	2	5	4	13254	0	1000	1268	682	0	1	3	2	5	4	1686	1964	2262	2546	2856	6000	5000	1	1	1	1	1	1
7	31	1	5	1000	173020	173021.978	1	173019.971	3	2	4	5	1	32451	0	1000	1264	650	0	3	2	4	5	1	1654	1920	2210	2502	2806	6000	5000	1	1	1	1	1	1
7	32	0	5	1000	178020	178021.963	1	178019.957	1	3	2	5	4	13254	0	1000	1250	528	0	1	3	2	5	4	1532	1816	2116	2392	2702	6000	5000	1	1	1	1	1	1
7	33	1	5	1000	183020	183021.977	1	183019.971	1	4	5	2	3	14523	0	1000	1212	776	0	1	4	5	2	3	1780	2058	2338	2612	2916	6000	5000	1	1	1	1	1	1
7	34	1	5	1000	188020	188021.976	1	188019.97	1	4	5	2	3	14523	0	16000	1224	636	0	1	4	5	2	3	1640	1910	2204	2472	2776	6000	5000	1	1	1	1	1	1
7	35	1	5	1000	208020	208021.985	1	208019.979	1	4	5	2	3	14523	0	1000	1304	732	0	1	4	5	2	3	1736	2044	2318	2612	2916	6000	5000	1	1	1	1	1	1
7	36	1	5	1000	213020	213021.976	1	213019.97	1	3	2	5	4	13254	0	1000	1244	724	0	1	3	2	5	4	1728	2020	2302	2568	2894	6000	5000	1	1	1	1	1	1
7	37	0	5	1000	218020	218021.975	1	218019.969	3	5	1	2	4	35124	0	1000	1224	530	0	3	5	1	2	4	1534	1794	2082	2364	2650	6000	5000	1	1	1	1	1	1
7	38	0	5	1000	223020	223021.975	1	223019.968	1	3	2	5	4	13254	0	1000	1266	568	0	1	3	2	5	4	1572	1840	2146	2432	2726	6000	5000	1	1	1	1	1	1
7	39	0	5	1000	228020	228021.978	1	228019.971	3	5	1	2	4	35124	0	1000	1228	594	0	3	5	1	2	4	1598	1858	2150	2426	2722	6000	5000	1	1	1	1	1	1
7	40	1	5	1000	233020	233021.975	1	233019.969	1	3	2	5	4	13254	0	1000	1168	692	0	1	3	2	5	4	1696	1966	2256	2516	2788	6000	5000	1	1	1	1	1	1
7	41	0	5	1000	238020	238021.961	1	238019.954	1	4	5	2	3	14523	0	1000	1276	634	0	1	4	5	2	3	1638	1918	2214	2504	2816	6000	5000	1	1	1	1	1	1
7	42	0	5	1000	243020	243021.971	1	243019.965	1	4	5	2	3	14523	0	1000	1218	618	0	1	4	5	2	3	1622	1878	2162	2426	2738	6000	5000	1	1	1	1	1	1
7	43	0	5	1000	248020	248021.964	1	248019.958	3	5	1	2	4	35124	0	1000	1230	650	0	3	5	1	2	4	1654	1922	2212	2514	2794	6000	5000	1	1	1	1	1	1
7	44	0	5	1000	253020	253021.965	1	253019.959	1	4	5	2	3	14523	0	1000	1282	656	0	1	4	5	2	3	1660	1978	2266	2536	2838	6000	5000	1	1	1	1	1	1
7	45	1	5	1000	258020	258021.967	1	258019.961	3	2	4	5	1	32451	0	1000	1250	596	0	3	2	4	5	1	1600	1864	2144	2434	2738	6000	5000	1	1	1	1	1	1
7	46	1	5	1000	263020	263021.961	1	263019.955	1	4	5	2	3	14523	0	1000	1234	816	0	1	4	5	2	3	1820	2096	2378	2624	2924	6000	5000	1	1	1	1	1	1
7	47	1	5	1000	268020	268021.964	1	268019.958	3	5	1	2	4	35124	0	1000	1236	576	0	3	5	1	2	4	1580	1868	2162	2436	2710	6000	5000	1	1	1	1	1	1
7	48	0	5	1000	273020	273021.967	1	273019.961	3	5	1	2	4	35124	0	1000	1276	612	0	3	5	1	2	4	1616	1910	2212	2500	2806	6000	5000	1	1	1	1	1	1
7	49	1	5	1000	278020	278021.963	1	278019.957	3	5	1	2	4	35124	0	1000	1260	604	0	3	5	1	2	4	1608	1874	2154	2468	2754	6000	5000	1	1	1	1	1	1
7	50	1	5	1000	283020	283021.973	1	283019.967	3	5	1	2	4	35124	0	1000	1270	570	0	3	5	1	2	4	1574	1846	2138	2430	2742	6000	5000	1	1	1	1	1	1
7	51	1	5	1000	288020	288021.995	1	288019.988	3	2	4	5	1	32451	0	16000	1306	702	0	3	2	4	5	1	1706	1990	2292	2604	2898	6000	5000	1	1	1	1	1	1
7	52	1	5	1000	308020	308021.966	1	308019.96	3	2	4	5	1	32451	0	1000	1256	694	0	3	2	4	5	1	1698	1956	2256	2538	2856	6000	5000	1	1	1	1	1	1
7	53	1	5	1000	313020	313021.964	1	313019.958	3	2	4	5	1	32451	0	1000	1214	692	0	3	2	4	5	1	1696	1950	2236	2506	2800	6000	5000	1	1	1	1	1	1
7	54	0	5	1000	318020	318021.965	1	318019.959	1	4	5	2	3	14523	0	1000	1204	732	0	1	4	5	2	3	1736	2004	2300	2568	2858	6000	5000	1	1	1	1	1	1
7	55	1	5	1000	323020	323021.963	1	323019.957	3	5	1	2	4	35124	0	1000	1260	884	0	3	5	1	2	4	1888	2160	2464	2772	3082	6000	5000	1	1	1	1	1	1
7	56	1	5	1000	328020	328021.965	1	328019.959	1	4	5	2	3	14523	0	1000	1220	770	0	1	4	5	2	3	1774	2066	2316	2604	2900	6000	5000	1	1	1	1	1	1
7	57	1	5	1000	333020	333021.974	1	333019.968	3	2	4	5	1	32451	0	1000	1294	634	0	3	2	4	5	1	1638	1898	2194	2486	2780	6000	5000	1	1	1	1	1	1
7	58	1	5	1000	338020	338021.975	1	338019.968	3	5	1	2	4	35124	0	1000	1198	538	0	3	5	1	2	4	1542	1804	2072	2364	2656	6000	5000	1	1	1	1	1	1
7	59	0	5	1000	343020	343021.975	1	343019.968	3	2	4	5	1	32451	0	1000	1234	608	0	3	2	4	5	1	1612	1856	2158	2460	2788	6000	5000	1	1	1	1	1	1
7	60	1	5	1000	348020	348021.973	1	348019.967	1	4	5	2	3	14523	0	1000	1146	754	0	1	4	5	2	3	1758	2022	2286	2544	2816	6000	5000	1	1	1	1	1	1
7	61	0	5	1000	353020	353021.965	1	353019.959	3	5	1	2	4	35124	0	1000	1176	566	0	3	5	1	2	4	1570	1832	2108	2376	2662	6000	5000	1	1	1	1	1	1
7	62	1	5	1000	358020	358021.973	1	358019.967	1	4	5	2	3	14523	0	1000	1148	552	0	1	4	5	2	3	1556	1818	2090	2348	2616	6000	5000	1	1	1	1	1	1
7	63	0	5	1000	363020	363021.97	1	363019.964	1	3	2	5	4	13254	0	1000	1310	676	0	1	3	2	5	4	1680	1978	2306	2594	2884	6000	5000	1	1	1	1	1	1
7	64	0	5	1000	368020	368021.955	1	368019.949	3	2	4	5	1	32451	0	1000	1336	524	0	3	2	4	5	1	1528	1814	2146	2432	2738	6000	5000	1	1	1	1	1	1
7	65	0	5	1000	373020	373021.949	1	373019.943	3	2	4	5	1	32451	0	1000	1368	684	0	3	2	4	5	1	1688	1962	2268	2588	2926	6000	5000	1	1	1	1	1	1
7	66	1	5	1000	378020	378021.967	1	378019.961	1	3	2	5	4	13254	0	1000	1254	662	0	1	3	2	5	4	1666	1936	2228	2510	2808	6000	5000	1	1	1	1	1	1
7	67	1	5	1000	383020	383021.966	1	383019.96	3	2	4	5	1	32451	0	1000	1278	726	0	3	2	4	5	1	1730	2004	2308	2590	2874	6000	5000	1	1	1	1	1	1
7	68	0	5	1000	388020	388021.975	1	388019.969	3	5	1	2	4	35124	0	16000	1282	838	0	3	5	1	2	4	1842	2114	2410	2696	3004	6000	5000	1	1	1	1	1	1
8	1	1	5	1000	8020	8021.973	1	8020	1	3	2	5	4	13254	0	1000	1304	750	0	1	3	2	5	4	1754	2064	2356	2662	2968	6000	5000	1	1	1	1	1	1
8	2	0	5	1000	13020	13021.961	1	13019.988	3	5	1	2	4	35124	0	1000	1188	642	0	3	5	1	2	4	1646	1892	2170	2446	2740	6000	5000	1	1	1	1	1	1
8	3	0	5	1000	18020	18021.968	1	18019.996	3	2	4	5	1	32451	0	1000	1232	576	0	3	2	4	5	1	1580	1844	2120	2378	2666	6000	5000	1	1	1	1	1	1
8	4	0	5	1000	23020	23021.959	1	23019.986	3	2	4	5	1	32451	0	1000	1234	728	0	3	2	4	5	1	1732	1992	2286	2550	2818	6000	5000	1	1	1	1	1	1
8	5	0	5	1000	28020	28021.958	1	28019.985	3	5	1	2	4	35124	0	1000	1190	560	0	3	5	1	2	4	1564	1830	2110	2372	2660	6000	5000	1	1	1	1	1	1
8	6	0	5	1000	33020	33021.949	1	33019.976	3	5	1	2	4	35124	0	1000	1218	510	0	3	5	1	2	4	1514	1776	2058	2334	2606	6000	5000	1	1	1	1	1	1
8	7	1	5	1000	38020	38021.961	1	38019.988	1	4	5	2	3	14523	0	1000	1216	618	0	1	4	5	2	3	1622	1896	2162	2432	2734	6000	5000	1	1	1	1	1	1
8	8	0	5	1000	43020	43021.96	1	43019.987	3	5	1	2	4	35124	0	1000	1182	578	0	3	5	1	2	4	1582	1852	2130	2392	2666	6000	5000	1	1	1	1	1	1
8	9	0	5	1000	48020	48021.962	1	48019.99	1	3	2	5	4	13254	0	1000	1270	624	0	1	3	2	5	4	1628	1916	2200	2486	2772	6000	5000	1	1	1	1	1	1
8	10	0	5	1000	53020	53021.961	1	53019.988	3	2	4	5	1	32451	0	1000	1332	594	0	3	2	4	5	1	1598	1880	2188	2486	2794	6000	5000	1	1	1	1	1	1
8	11	1	5	1000	58020	58021.994	1	58020.021	1	4	5	2	3	14523	0	1000	1200	718	0	1	4	5	2	3	1722	1974	2258	2522	2816	6000	5000	1	1	1	1	1	1
8	12	0	5	1000	63020	63021.95	1	63019.978	3	2	4	5	1	32451	0	1000	1688	556	0	3	2	4	5	1	1560	1850	2546	2824	3124	6000	5000	1	1	1	1	1	1
8	13	1	5	1000	68020	68021.959	1	68019.987	3	5	1	2	4	35124	0	1000	1204	608	0	3	5	1	2	4	1612	1896	2144	2434	2714	6000	5000	1	1	1	1	1	1
8	14	0	5	1000	73020	73021.961	1	73019.988	3	2	4	5	1	32451	0	1000	1278	636	0	3	2	4	5	1	1640	1904	2182	2484	2778	6000	5000	1	1	1	1	1	1
8	15	1	5	1000	78020	78021.96	1	78019.987	3	2	4	5	1	32451	0	1000	1282	668	0	3	2	4	5	1	1672	1932	2226	2524	2818	6000	5000	1	1	1	1	1	1
8	16	1	5	1000	83020	83021.961	1	83019.988	1	4	5	2	3	14523	0	1000	1226	698	0	1	4	5	2	3	1702	1974	2260	2528	2838	6000	5000	1	1	1	1	1	1
8	17	0	5	1000	88020	88021.958	1	88019.985	1	3	2	5	4	13254	0	16000	1634	628	0	1	3	2	5	4	1632	1926	2234	2822	3166	6000	5000	1	1	1	1	1	1
8	18	0	5	1000	108020	108021.97	1	108019.997	1	3	2	5	4	13254	0	1000	1324	756	0	1	3	2	5	4	1760	2060	2348	2680	2982	6000	5000	1	1	1	1	1	1
8	19	1	5	1000	113020	113021.954	1	113019.981	1	4	5	2	3	14523	0	1000	1198	690	0	1	4	5	2	3	1694	1950	2234	2500	2812	6000	5000	1	1	1	1	1	1
8	20	0	5	1000	118020	118021.952	1	118019.979	1	4	5	2	3	14523	0	1000	1256	632	0	1	4	5	2	3	1636	1908	2220	2480	2786	6000	5000	1	1	1	1	1	1
8	21	0	5	1000	123020	123021.961	1	123019.988	3	5	1	2	4	35124	0	1000	1128	628	0	3	5	1	2	4	1632	1894	2158	2430	2694	6000	5000	1	1	1	1	1	1
8	22	1	5	1000	128020	128021.958	1	128019.985	3	2	4	5	1	32451	0	1000	1226	758	0	3	2	4	5	1	1762	2018	2308	2590	2862	6000	5000	1	1	1	1	1	1
8	23	0	5	1000	133020	133020.071	1	133018.098	3	2	4	5	1	32451	0	1000	1232	780	0	3	2	4	5	1	1784	2032	2316	2588	2852	6000	5000	1	1	1	1	1	1
8	24	0	5	1000	138020	138021.976	1	138020.003	1	4	5	2	3	14523	0	1000	1186	644	0	1	4	5	2	3	1648	1912	2182	2462	2746	6000	5000	1	1	1	1	1	1
8	25	1	5	1000	143020	143021.95	1	143019.977	3	2	4	5	1	32451	0	1000	1208	580	0	3	2	4	5	1	1584	1830	2124	2376	2670	6000	5000	1	1	1	1	1	1
8	26	0	5	1000	148020	148021.95	1	148019.977	1	4	5	2	3	14523	0	1000	1150	606	0	1	4	5	2	3	1610	1848	2098	2374	2676	6000	5000	1	1	1	1	1	1
8	27	1	5	1000	153020	153021.96	1	153019.987	3	5	1	2	4	35124	0	1000	1122	514	0	3	5	1	2	4	1518	1758	2010	2254	2536	6000	5000	1	1	1	1	1	1
8	28	0	5	1000	158020	158021.948	1	158019.976	3	5	1	2	4	35124	0	1000	1140	768	0	3	5	1	2	4	1772	2026	2280	2522	2796	6000	5000	1	1	1	1	1	1
8	29	1	5	1000	163020	163021.96	1	163019.987	3	5	1	2	4	35124	0	1000	1408	600	0	3	5	1	2	4	1604	1846	2118	2374	2924	6000	5000	1	1	1	1	1	1
8	30	1	5	1000	168020	168021.96	1	168019.987	1	3	2	5	4	13254	0	1000	1182	762	0	1	3	2	5	4	1766	2024	2292	2572	2844	6000	5000	1	1	1	1	1	1
8	31	1	5	1000	173020	173021.942	1	173019.969	3	2	4	5	1	32451	0	1000	1184	624	0	3	2	4	5	1	1628	1870	2154	2404	2694	6000	5000	1	1	1	1	1	1
8	32	1	5	1000	178020	178021.961	1	178019.988	3	2	4	5	1	32451	0	1000	1270	652	0	3	2	4	5	1	1656	1912	2198	2474	2766	6000	5000	1	1	1	1	1	1
8	33	0	5	1000	183020	183021.952	1	183019.979	1	3	2	5	4	13254	0	1000	1198	538	0	1	3	2	5	4	1542	1828	2090	2376	2652	6000	5000	1	1	1	1	1	1
8	34	1	5	1000	188020	188020.042	1	188018.069	3	5	1	2	4	35124	0	16000	1188	626	0	3	5	1	2	4	1630	1886	2150	2422	2720	6000	5000	1	1	1	1	1	1
8	35	1	5	1000	208020	208021.96	1	208019.987	3	5	1	2	4	35124	0	1000	1156	574	0	3	5	1	2	4	1578	1828	2092	2370	2646	6000	5000	1	1	1	1	1	1
8	36	1	5	1000	213020	213021.962	1	213019.99	1	4	5	2	3	14523	0	1000	1140	672	0	1	4	5	2	3	1676	1940	2190	2450	2730	6000	5000	1	1	1	1	1	1
8	37	1	5	1000	218020	218021.949	1	218019.976	1	4	5	2	3	14523	0	1000	1164	616	0	1	4	5	2	3	1620	1874	2158	2416	2694	6000	5000	1	1	1	1	1	1
8	38	1	5	1000	223020	223021.964	1	223019.992	3	5	1	2	4	35124	0	1000	1182	598	0	3	5	1	2	4	1602	1872	2154	2404	2678	6000	5000	1	1	1	1	1	1
8	39	0	5	1000	228020	228021.95	1	228019.977	1	3	2	5	4	13254	0	1000	1318	660	0	1	3	2	5	4	1664	1926	2226	2508	2842	6000	5000	1	1	1	1	1	1
8	40	0	5	1000	233020	233021.961	1	233019.988	1	3	2	5	4	13254	0	1000	1294	644	0	1	3	2	5	4	1648	1926	2236	2526	2834	6000	5000	1	1	1	1	1	1
8	41	1	5	1000	238020	238021.96	1	238019.987	1	3	2	5	4	13254	0	1000	1186	682	0	1	3	2	5	4	1686	1948	2222	2478	2754	6000	5000	1	1	1	1	1	1
8	42	1	5	1000	243020	243021.951	1	243019.978	3	5	1	2	4	35124	0	1000	1178	612	0	3	5	1	2	4	1616	1856	2126	2406	2688	6000	5000	1	1	1	1	1	1
8	43	1	5	1000	248020	248021.97	1	248019.997	3	5	1	2	4	35124	0	1000	1216	636	0	3	5	1	2	4	1640	1960	2236	2498	2776	6000	5000	1	1	1	1	1	1
8	44	0	5	1000	253020	253021.95	1	253019.977	1	4	5	2	3	14523	0	1000	1192	712	0	1	4	5	2	3	1716	1960	2250	2524	2820	6000	5000	1	1	1	1	1	1
8	45	1	5	1000	258020	258021.96	1	258019.987	1	4	5	2	3	14523	0	1000	1182	636	0	1	4	5	2	3	1640	1884	2194	2446	2740	6000	5000	1	1	1	1	1	1
8	46	1	5	1000	263020	263021.948	1	263019.976	1	3	2	5	4	13254	0	1000	1126	530	0	1	3	2	5	4	1534	1792	2046	2298	2562	6000	5000	1	1	1	1	1	1
8	47	0	5	1000	268020	268021.952	1	268019.979	1	4	5	2	3	14523	0	1000	1178	652	0	1	4	5	2	3	1656	1924	2208	2476	2758	6000	5000	1	1	1	1	1	1
8	48	0	5	1000	273020	273021.95	1	273019.977	1	3	2	5	4	13254	0	1000	1164	642	0	1	3	2	5	4	1646	1904	2168	2438	2714	6000	5000	1	1	1	1	1	1
8	49	0	5	1000	278020	278021.951	1	278019.978	3	5	1	2	4	35124	0	1000	1140	540	0	3	5	1	2	4	1544	1800	2058	2320	2594	6000	5000	1	1	1	1	1	1
8	50	1	5	1000	283020	283021.945	1	283019.972	1	3	2	5	4	13254	0	1000	1106	676	0	1	3	2	5	4	1680	1926	2180	2432	2674	6000	5000	1	1	1	1	1	1
8	51	1	5	1000	288020	288021.964	1	288019.992	1	3	2	5	4	13254	0	16000	1172	748	0	1	3	2	5	4	1752	2034	2288	2560	2832	6000	5000	1	1	1	1	1	1
8	52	1	5	1000	308020	308021.953	1	308019.98	1	3	2	5	4	13254	0	1000	1100	654	0	1	3	2	5	4	1658	1926	2146	2406	2646	6000	5000	1	1	1	1	1	1
8	53	0	5	1000	313020	313021.956	1	313019.983	1	3	2	5	4	13254	0	1000	1228	614	0	1	3	2	5	4	1618	1896	2174	2472	2744	6000	5000	1	1	1	1	1	1
8	54	1	5	1000	318020	318021.95	1	318019.977	3	2	4	5	1	32451	0	1000	1166	596	0	3	2	4	5	1	1600	1848	2118	2366	2666	6000	5000	1	1	1	1	1	1
8	55	1	5	1000	323020	323021.951	1	323019.978	3	5	1	2	4	35124	0	1000	1130	594	0	3	5	1	2	4	1598	1846	2108	2366	2632	6000	5000	1	1	1	1	1	1
8	56	1	5	1000	328020	328021.959	1	328019.987	3	2	4	5	1	32451	0	1000	1182	544	0	3	2	4	5	1	1548	1804	2076	2330	2584	6000	5000	1	1	1	1	1	1
8	57	1	5	1000	333020	333021.947	1	333019.974	1	3	2	5	4	13254	0	1000	1150	698	0	1	3	2	5	4	1702	1986	2228	2488	2752	6000	5000	1	1	1	1	1	1
8	58	1	5	1000	338020	338021.933	1	338019.96	1	4	5	2	3	14523	0	1000	1170	702	0	1	4	5	2	3	1706	1970	2234	2502	2776	6000	5000	1	1	1	1	1	1
8	59	1	5	1000	343020	343021.963	1	343019.99	3	2	4	5	1	32451	0	1000	1188	654	0	3	2	4	5	1	1658	1912	2190	2444	2716	6000	5000	1	1	1	1	1	1
8	60	0	5	1000	348020	348021.948	1	348019.976	3	5	1	2	4	35124	0	1000	1110	540	0	3	5	1	2	4	1544	1778	2046	2288	2562	6000	5000	1	1	1	1	1	1
8	61	0	5	1000	353020	353021.952	1	353019.979	1	4	5	2	3	14523	0	1000	1152	732	0	1	4	5	2	3	1736	1982	2258	2514	2794	6000	5000	1	1	1	1	1	1
8	62	0	5	1000	358020	358021.948	1	358019.976	1	4	5	2	3	14523	0	1000	1102	636	0	1	4	5	2	3	1640	1894	2140	2392	2640	6000	5000	1	1	1	1	1	1
8	63	1	5	1000	363020	363021.951	1	363019.978	1	3	2	5	4	13254	0	1000	1092	590	0	1	3	2	5	4	1594	1856	2120	2360	2600	6000	5000	1	1	1	1	1	1
8	64	0	5	1000	368020	368021.95	1	368019.977	3	2	4	5	1	32451	0	1000	1118	636	0	3	2	4	5	1	1640	1886	2144	2382	2666	6000	5000	1	1	1	1	1	1
8	65	0	5	1000	373020	373021.949	1	373019.976	1	3	2	5	4	13254	0	1000	1114	658	0	1	3	2	5	4	1662	1922	2174	2428	2668	6000	5000	1	1	1	1	1	1
8	66	0	5	1000	378020	378021.95	1	378019.977	1	4	5	2	3	14523	0	1000	1160	684	0	1	4	5	2	3	1688	1956	2212	2476	2750	6000	5000	1	1	1	1	1	1
8	67	0	5	1000	383020	383021.983	1	383020.01	3	2	4	5	1	32451	0	1000	1248	696	0	3	2	4	5	1	1700	1954	2250	2520	2818	6000	5000	1	1	1	1	1	1
8	68	1	5	1000	388020	388021.954	1	388019.982	1	3	2	5	4	13254	0	16000	1198	686	0	1	3	2	5	4	1690	1958	2220	2502	2792	6000	5000	1	1	1	1	1	1