BN	TN	seqType	Horizon	PrepTime	startTime	startTimeReal	startTRReal	startTRtime	press0	press1	press2	press3	press4	cueP	complete	iti	MT	RT	isError	response0	response1	response2	response3	response4	pressTime0	pressTime1	pressTime2	pressTime3	pressTime4	timeThreshold	timeThresholdSuper	points	Gain1	Gain2	Gain3	Gain4	Gain5
1	1	0	5	1000	8020	8020.001	9	16	1	3	2	5	4	13254	0	1000	1858	572	0	1	3	2	5	4	1576	2240	2584	2930	3206	6000	5000	1	1	1	1	1	1
1	2	1	5	1000	13020	13021.991	14	16.001	1	3	2	5	4	13254	0	1000	1586	304	0	1	3	2	5	4	1308	1674	1936	2376	2682	6000	5000	1	1	1	1	1	1
1	3	0	5	1000	18020	18020	19	12.013	1	3	2	5	4	13254	0	1000	1934	390	0	1	3	2	5	4	1394	1782	2300	2760	3094	6000	5000	1	1	1	1	1	1
1	4	1	5	1000	23020	23020.004	24	10.003	3	5	1	2	4	35124	0	1000	1742	442	0	3	5	1	2	4	1446	1658	2182	2592	2950	6000	5000	1	1	1	1	1	1
1	5	1	5	1000	28020	28020	29	7.997	3	2	4	5	1	32451	0	1000	1410	354	0	3	2	4	5	1	1358	1644	1998	2272	2528	6000	5000	1	1	1	1	1	1
1	6	1	5	1000	33020	33020.083	34	8.082	1	3	2	5	4	13254	0	1000	1608	352	0	1	3	2	5	4	1356	1692	2036	2366	2736	6000	5000	1	1	1	1	1	1
1	7	0	5	1000	38020	38020.013	39	3.999	3	2	4	5	1	32451	0	1000	1678	378	0	3	2	4	5	1	1382	1724	2136	2484	2800	6000	5000	1	1	1	1	1	1
1	8	1	5	1000	43020	43022.131	44	6.117	3	2	4	5	1	32451	0	1000	1606	364	0	3	2	4	5	1	1368	1684	2038	2382	2722	6000	5000	1	1	1	1	1	1
1	9	1	5	1000	48020	48022.001	49	4.008	1	4	5	2	3	14523	0	1000	2050	292	0	1	4	5	2	3	1296	1698	1938	2668	3060	6000	5000	1	1	1	1	1	1
1	10	0	5	1000	53020	53021.988	54	1.997	1	4	5	2	3	14523	0	1000	1838	418	0	1	4	5	2	3	1422	1816	2174	2642	2996	6000	5000	1	1	1	1	1	1
1	11	1	5	1000	58020	58020.082	58	998.079	1	3	2	5	4	13254	0	1000	1566	408	0	1	3	2	5	4	1412	1752	2072	2374	2694	6000	5000	1	1	1	1	1	1
1	12	0	5	1000	63020	63021.991	63	998.004	1	4	5	2	3	14523	0	1000	2294	276	1	1	4	5	1	3	1280	1626	1946	2422	3378	6000	5000	0	1	1	1	1	1
1	13	0	5	1000	68020	68021.979	68	995.965	1	4	5	2	3	14523	0	1000	1902	418	0	1	4	5	2	3	1422	1796	2204	2756	3090	6000	5000	1	1	1	1	1	1
1	14	0	5	1000	73020	73021.96	73	995.961	1	3	2	5	4	13254	0	1000	1644	316	0	1	3	2	5	4	1320	1670	2082	2440	2748	6000	5000	1	1	1	1	1	1
1	15	1	5	1000	78020	78021.989	78	994.001	3	2	4	5	1	32451	0	1000	1526	342	0	3	2	4	5	1	1346	1658	2028	2330	2666	6000	5000	1	1	1	1	1	1
1	16	0	5	1000	83020	83020.031	83	990.03	3	5	1	2	4	35124	0	1000	1638	308	1	3	5	1	2	5	1312	1578	1908	2454	2800	6000	5000	0	1	1	1	1	1
1	17	1	5	1000	88020	88021.99	88	990.001	1	4	5	2	3	14523	0	16000	1964	450	0	1	4	5	2	3	1454	2142	2478	2886	3194	6000	5000	1	1	1	1	1	1
1	18	1	5	1000	108020	108021.986	108	983.985	1	4	5	2	3	14523	0	1000	1932	580	0	1	4	5	2	3	1584	2056	2364	2974	3264	6000	5000	1	1	1	1	1	1
1	19	0	5	1000	113020	113020.003	113	980.016	3	2	4	5	1	32451	0	1000	1686	368	0	3	2	4	5	1	1372	1696	2158	2480	2804	6000	5000	1	1	1	1	1	1
1	20	0	5	1000	118020	118021.992	118	980.005	3	2	4	5	1	32451	0	1000	1764	340	0	3	2	4	5	1	1344	1608	2022	2586	2886	6000	5000	1	1	1	1	1	1
1	21	0	5	1000	123020	123022.084	123	978.095	1	4	5	2	3	14523	0	1000	2164	408	1	1	4	5	4	3	1412	2138	2440	2586	3374	6000	5000	0	1	1	1	1	1
1	22	1	5	1000	128020	128020.105	128	976.117	3	5	1	2	4	35124	0	1000	2030	450	0	3	5	1	2	4	1454	1764	2086	2626	3264	6000	5000	1	1	1	1	1	1
1	23	0	5	1000	133020	133020.013	133	972.009	3	5	1	2	4	35124	0	1000	2152	380	1	3	5	5	2	4	1384	1634	1828	2802	3324	6000	5000	0	1	1	1	1	1
1	24	1	5	1000	138020	138021.988	138	971.999	3	5	1	2	4	35124	0	1000	1802	398	0	3	5	1	2	4	1402	1696	2110	2440	2968	6000	5000	1	1	1	1	1	1
1	25	1	5	1000	143020	143021.989	143	972.002	1	4	5	2	3	14523	0	1000	1596	304	0	1	4	5	2	3	1308	1652	1918	2364	2670	6000	5000	1	1	1	1	1	1
1	26	1	5	1000	148020	148020.016	148	968.029	3	2	4	5	1	32451	0	1000	1358	358	0	3	2	4	5	1	1362	1618	1962	2252	2516	6000	5000	1	1	1	1	1	1
1	27	1	5	1000	153020	153020.03	153	966.042	3	2	4	5	1	32451	0	1000	1464	456	0	3	2	4	5	1	1460	1802	2158	2432	2704	6000	5000	1	1	1	1	1	1
1	28	0	5	1000	158020	158020.012	158	963.933	3	2	4	5	1	32451	0	1000	1476	524	0	3	2	4	5	1	1528	1836	2208	2522	2784	6000	5000	1	1	1	1	1	1
1	29	0	5	1000	163020	163021.987	163	964.01	3	5	1	2	4	35124	0	1000	1446	428	0	3	5	1	2	4	1432	1662	2002	2362	2622	6000	5000	1	1	1	1	1	1
1	30	0	5	1000	168020	168020.01	168	959.993	3	2	4	5	1	32451	0	1000	1428	326	0	3	2	4	5	1	1330	1614	1950	2262	2540	6000	5000	1	1	1	1	1	1
1	31	0	5	1000	173020	173021.987	173	960.001	1	3	2	5	4	13254	0	1000	2064	890	0	1	3	2	5	4	1894	2216	2794	3482	3732	6000	5000	1	1	1	1	1	1
1	32	1	5	1000	178020	178021.994	178	959.973	1	4	5	2	3	14523	0	1000	1674	448	0	1	4	5	2	3	1452	1838	2150	2598	2892	6000	5000	1	1	1	1	1	1
1	33	1	5	1000	183020	183020.002	183	956.014	1	4	5	2	3	14523	0	1000	1562	352	0	1	4	5	2	3	1356	1758	2012	2404	2640	6000	5000	1	1	1	1	1	1
1	34	0	5	1000	188020	188020.024	188	954.012	3	5	1	2	4	35124	0	16000	1458	364	0	3	5	1	2	4	1368	1592	1906	2328	2600	6000	5000	1	1	1	1	1	1
1	35	0	5	1000	208020	208022.009	208	948.01	3	5	1	2	4	35124	0	1000	1536	438	0	3	5	1	2	4	1442	1698	2040	2428	2762	6000	5000	1	1	1	1	1	1
1	36	0	5	1000	213020	213021.974	213	945.981	1	3	2	5	4	13254	0	1000	1764	376	0	1	3	2	5	4	1380	1700	2044	2612	2890	6000	5000	1	1	1	1	1	1
1	37	0	5	1000	218020	218021.981	218	945.99	1	3	2	5	4	13254	0	1000	1308	364	0	1	3	2	5	4	1368	1676	1970	2230	2488	6000	5000	1	1	1	1	1	1
1	38	0	5	1000	223020	223021.991	223	943.989	3	2	4	5	1	32451	0	1000	1376	396	0	3	2	4	5	1	1400	1646	1976	2286	2552	6000	5000	1	1	1	1	1	1
1	39	1	5	1000	228020	228021.972	228	942.012	1	3	2	5	4	13254	0	1000	1320	400	0	1	3	2	5	4	1404	1670	1968	2234	2538	6000	5000	1	1	1	1	1	1
1	40	1	5	1000	233020	233021.975	233	939.997	3	5	1	2	4	35124	0	1000	1314	362	0	3	5	1	2	4	1366	1564	1850	2156	2448	6000	5000	1	1	1	1	1	1
1	41	0	5	1000	238020	238021.968	238	938.001	1	3	2	5	4	13254	0	1000	1360	366	0	1	3	2	5	4	1370	1634	1878	2184	2526	6000	5000	1	1	1	1	1	1
1	42	0	5	1000	243020	243021.959	243	935.982	1	4	5	2	3	14523	0	1000	1674	360	0	1	4	5	2	3	1364	1718	2062	2606	2892	6000	5000	1	1	1	1	1	1
1	43	0	5	1000	248020	248021.979	248	934.01	3	5	1	2	4	35124	0	1000	1312	350	0	3	5	1	2	4	1354	1568	1860	2208	2464	6000	5000	1	1	1	1	1	1
1	44	1	5	1000	253020	253021.963	253	933.999	1	3	2	5	4	13254	0	1000	1314	374	0	1	3	2	5	4	1378	1658	1894	2224	2460	6000	5000	1	1	1	1	1	1
1	45	1	5	1000	258020	258021.98	258	932.014	1	4	5	2	3	14523	0	1000	1276	338	0	1	4	5	2	3	1342	1578	1820	2162	2410	6000	5000	1	1	1	1	1	1
1	46	1	5	1000	263020	263021.963	263	930.003	1	3	2	5	4	13254	0	1000	1314	318	0	1	3	2	5	4	1322	1598	1950	2190	2432	6000	5000	1	1	1	1	1	1
1	47	1	5	1000	268020	268021.961	268	927.984	3	2	4	5	1	32451	0	1000	1238	384	0	3	2	4	5	1	1388	1630	1952	2188	2420	6000	5000	1	1	1	1	1	1
1	48	1	5	1000	273020	273021.958	273	925.969	3	5	1	2	4	35124	0	1000	1218	372	1	3	5	1	2	3	1376	1606	1884	2170	2432	6000	5000	0	1	1	1	1	1
1	49	0	5	1000	278020	278021.969	278	923.987	1	4	5	2	3	14523	0	1000	2314	432	0	1	4	5	2	3	1436	2142	2668	3254	3554	6000	5000	1	1	1	1	1	1
1	50	1	5	1000	283020	283021.977	283	921.999	3	2	4	5	1	32451	0	1000	1236	472	0	3	2	4	5	1	1476	1732	2004	2262	2522	6000	5000	1	1	1	1	1	1
1	51	0	5	1000	288020	288020.005	288	920.03	1	4	5	2	3	14523	0	16000	1594	376	0	1	4	5	2	3	1380	1722	2026	2412	2774	6000	5000	1	1	1	1	1	1
1	52	0	5	1000	308020	308021.979	308	913.986	1	4	5	2	3	14523	0	1000	1588	964	0	1	4	5	2	3	1968	2258	2608	3030	3318	6000	5000	1	1	1	1	1	1
1	53	0	5	1000	313020	313021.976	313	913.997	3	2	4	5	1	32451	0	1000	1222	436	0	3	2	4	5	1	1440	1662	1944	2202	2442	6000	5000	1	1	1	1	1	1
1	54	1	5	1000	318020	318021.977	318	909.987	3	5	1	2	4	35124	0	1000	1138	404	1	3	5	1	2	3	1408	1624	1848	2124	2400	6000	5000	0	1	1	1	1	1
1	55	1	5	1000	323020	323021.976	323	909.986	3	5	1	2	4	35124	0	1000	1520	380	0	3	5	1	2	4	1384	1604	1968	2312	2666	6000	5000	1	1	1	1	1	1
1	56	0	5	1000	328020	328021.977	328	907.987	3	2	4	5	1	32451	0	1000	1278	348	0	3	2	4	5	1	1352	1572	1898	2198	2456	6000	5000	1	1	1	1	1	1
1	57	1	5	1000	333020	333021.976	333	906.001	1	4	5	2	3	14523	0	1000	1386	360	1	1	4	5	2	4	1364	1678	1956	2314	2646	6000	5000	0	1	1	1	1	1
1	58	1	5	1000	338020	338021.978	338	903.997	3	5	1	2	4	35124	0	1000	1628	376	0	3	5	1	2	4	1380	1666	1998	2344	2810	6000	5000	1	1	1	1	1	1
1	59	1	5	1000	343020	343021.975	343	901.991	1	3	2	5	4	13254	0	1000	1364	316	0	1	3	2	5	4	1320	1600	1932	2180	2472	6000	5000	1	1	1	1	1	1
1	60	1	5	1000	348020	348021.956	348	899.978	1	3	2	5	4	13254	0	1000	1280	358	0	1	3	2	5	4	1362	1640	1926	2208	2460	6000	5000	1	1	1	1	1	1
1	61	0	5	1000	353020	353021.976	353	897.999	3	5	1	2	4	35124	0	1000	1510	326	0	3	5	1	2	4	1330	1580	1860	2362	2644	6000	5000	1	1	1	1	1	1
1	62	0	5	1000	358020	358021.978	358	897.936	3	5	1	2	4	35124	0	1000	1670	392	0	3	5	1	2	4	1396	1664	2006	2590	2894	6000	5000	1	1	1	1	1	1
1	63	0	5	1000	363020	363021.999	363	896.037	1	4	5	2	3	14523	0	1000	1904	432	0	1	4	5	2	3	1436	1722	2332	2872	3146	6000	5000	1	1	1	1	1	1
1	64	1	5	1000	368020	368021.978	368	894.001	1	4	5	2	3	14523	0	1000	1466	308	0	1	4	5	2	3	1312	1606	1868	2302	2584	6000	5000	1	1	1	1	1	1
1	65	0	5	1000	373020	373021.978	373	892.003	1	3	2	5	4	13254	0	1000	1510	274	0	1	3	2	5	4	1278	1604	1924	2336	2588	6000	5000	1	1	1	1	1	1
1	66	0	5	1000	378020	378021.978	378	890.002	3	5	1	2	4	35124	0	1000	1682	512	0	3	5	1	2	4	1516	1796	2076	2602	3002	6000	5000	1	1	1	1	1	1
1	67	1	5	1000	383020	383021.976	383	887.988	3	2	4	5	1	32451	0	1000	1200	342	0	3	2	4	5	1	1346	1596	1878	2144	2368	6000	5000	1	1	1	1	1	1
1	68	0	5	1000	388020	388021.979	388	885.997	1	3	2	5	4	13254	0	16000	1450	400	0	1	3	2	5	4	1404	1664	1886	2430	2672	6000	5000	1	1	1	1	1	1
2	1	1	5	1000	8020	8020.06	9	16.097	3	2	4	5	1	32451	0	1000	1214	568	0	3	2	4	5	1	1572	1854	2174	2414	2618	6000	5000	1	1	1	1	1	1
2	2	0	5	1000	13020	13021.962	14	16.001	1	3	2	5	4	13254	0	1000	1330	300	0	1	3	2	5	4	1304	1506	1728	2138	2418	6000	5000	1	1	1	1	1	1
2	3	0	5	1000	18020	18021.952	19	13.978	1	3	2	5	4	13254	0	1000	1332	264	0	1	3	2	5	4	1268	1518	1752	2134	2380	6000	5000	1	1	1	1	1	1
2	4	1	5	1000	23020	23021.935	24	11.982	1	3	2	5	4	13254	0	1000	1296	266	0	1	3	2	5	4	1270	1578	1788	2144	2392	6000	5000	1	1	1	1	1	1
2	5	1	5	1000	28020	28020.05	29	10.071	1	4	5	2	3	14523	0	1000	1652	288	0	1	4	5	2	3	1292	1582	1814	2504	2758	6000	5000	1	1	1	1	1	1
2	6	1	5	1000	33020	33020.015	34	8.067	1	4	5	2	3	14523	0	1000	1494	294	0	1	4	5	2	3	1298	1588	1870	2284	2610	6000	5000	1	1	1	1	1	1
2	7	0	5	1000	38020	38021.961	39	8.002	3	5	1	2	4	35124	0	1000	1348	340	0	3	5	1	2	4	1344	1594	1846	2222	2518	6000	5000	1	1	1	1	1	1
2	8	0	5	1000	43020	43021.984	44	6.023	1	4	5	2	3	14523	0	1000	1520	268	0	1	4	5	2	3	1272	1594	1886	2318	2586	6000	5000	1	1	1	1	1	1
2	9	0	5	1000	48020	48021.987	49	4.003	3	2	4	5	1	32451	0	1000	1014	288	1	3	2	4	5	5	1292	1472	1754	2074	2174	6000	5000	0	1	1	1	1	1
2	10	0	5	1000	53020	53021.974	54	2.001	3	2	4	5	1	32451	0	1000	1202	340	0	3	2	4	5	1	1344	1568	1862	2158	2356	6000	5000	1	1	1	1	1	1
2	11	1	5	1000	58020	58021.961	59	0	3	2	4	5	1	32451	0	1000	982	356	0	3	2	4	5	1	1360	1540	1804	2028	2188	6000	5000	1	1	1	1	1	1
2	12	1	5	1000	63020	63021.971	64	0	3	2	4	5	1	32451	0	1000	922	372	0	3	2	4	5	1	1376	1534	1790	1998	2136	6000	5000	1	1	1	1	1	1
2	13	1	5	1000	68020	68021.982	68	998.022	1	4	5	2	3	14523	0	1000	1552	286	0	1	4	5	2	3	1290	1558	1888	2256	2620	6000	5000	1	1	1	1	1	1
2	14	1	5	1000	73020	73021.978	73	996.008	3	2	4	5	1	32451	0	1000	1280	316	0	3	2	4	5	1	1320	1510	1790	2072	2366	6000	5000	1	1	1	1	1	1
2	15	1	5	1000	78020	78021.973	78	993.986	3	5	1	2	4	35124	0	1000	1260	372	1	3	5	1	2	3	1376	1614	1902	2230	2508	6000	5000	0	1	1	1	1	1
2	16	0	5	1000	83020	83020.004	83	990.045	1	4	5	2	3	14523	0	1000	1844	832	0	1	4	5	2	3	1836	2428	2758	3130	3462	6000	5000	1	1	1	1	1	1
2	17	0	5	1000	88020	88021.974	88	989.999	3	5	1	2	4	35124	0	16000	1334	474	0	3	5	1	2	4	1478	1714	1990	2350	2630	6000	5000	1	1	1	1	1	1
2	18	0	5	1000	108020	108021.956	108	983.969	3	5	1	2	4	35124	0	1000	1536	500	0	3	5	1	2	4	1504	1778	2058	2450	2804	6000	5000	1	1	1	1	1	1
2	19	0	5	1000	113020	113022.024	113	982.012	3	2	4	5	1	32451	0	1000	1200	302	0	3	2	4	5	1	1306	1528	1830	2088	2300	6000	5000	1	1	1	1	1	1
2	20	0	5	1000	118020	118022.021	118	980.059	1	3	2	5	4	13254	0	1000	1408	316	0	1	3	2	5	4	1320	1628	1836	2210	2514	6000	5000	1	1	1	1	1	1
2	21	0	5	1000	123020	123021.961	123	978.004	1	4	5	2	3	14523	0	1000	1626	364	0	1	4	5	2	3	1368	1636	1974	2440	2782	6000	5000	1	1	1	1	1	1
2	22	1	5	1000	128020	128021.976	128	978.003	1	3	2	5	4	13254	0	1000	1734	304	0	1	3	2	5	4	1308	1600	2040	2484	2792	6000	5000	1	1	1	1	1	1
2	23	0	5	1000	133020	133021.977	133	976.01	3	2	4	5	1	32451	0	1000	1468	424	0	3	2	4	5	1	1428	1674	2114	2418	2678	6000	5000	1	1	1	1	1	1
2	24	0	5	1000	138020	138021.985	138	974.019	3	5	1	2	4	35124	0	1000	1290	328	0	3	5	1	2	4	1332	1582	1810	2156	2402	6000	5000	1	1	1	1	1	1
2	25	0	5	1000	143020	143021.991	143	972.029	1	3	2	5	4	13254	0	1000	1296	222	0	1	3	2	5	4	1226	1492	1720	2086	2324	6000	5000	1	1	1	1	1	1
2	26	0	5	1000	148020	148021.96	148	969.995	3	2	4	5	1	32451	0	1000	1276	320	0	3	2	4	5	1	1324	1542	1854	2156	2356	6000	5000	1	1	1	1	1	1
2	27	1	5	1000	153020	153021.974	153	968	1	3	2	5	4	13254	0	1000	1392	370	0	1	3	2	5	4	1374	1650	1908	2278	2530	6000	5000	1	1	1	1	1	1
2	28	1	5	1000	158020	158021.972	158	965.947	3	5	1	2	4	35124	0	1000	2154	368	1	3	5	2	2	4	1372	1594	2002	2986	3334	6000	5000	0	1	1	1	1	1
2	29	1	5	1000	163020	163021.975	163	966.011	3	5	1	2	4	35124	0	1000	1522	466	0	3	5	1	2	4	1470	1668	1986	2312	2804	6000	5000	1	1	1	1	1	1
2	30	1	5	1000	168020	168022.1	168	964.138	1	3	2	5	4	13254	0	1000	1278	394	0	1	3	2	5	4	1398	1684	1926	2220	2492	6000	5000	1	1	1	1	1	1
2	31	0	5	1000	173020	173021.976	173	962.014	1	3	2	5	4	13254	0	1000	1302	452	0	1	3	2	5	4	1456	1732	1992	2338	2596	6000	5000	1	1	1	1	1	1
2	32	1	5	1000	178020	178021.977	178	960.006	3	2	4	5	1	32451	0	1000	1140	350	0	3	2	4	5	1	1354	1594	1890	2132	2330	6000	5000	1	1	1	1	1	1
2	33	0	5	1000	183020	183020.005	183	956.03	3	2	4	5	1	32451	0	1000	1144	372	0	3	2	4	5	1	1376	1568	1850	2132	2324	6000	5000	1	1	1	1	1	1
2	34	0	5	1000	188020	188021.962	188	956.001	1	4	5	2	3	14523	0	16000	0	518	1	1	3	5	2	0	1522	1830	2796	3400	0	6000	5000	0	1	1	1	1	1
2	35	0	5	1000	208020	208021.964	208	949.988	1	4	5	2	3	14523	0	1000	1608	456	0	1	4	5	2	3	1460	1760	2052	2552	2846	6000	5000	1	1	1	1	1	1
2	36	0	5	1000	213020	213021.972	213	947.998	1	4	5	2	3	14523	0	1000	1502	370	0	1	4	5	2	3	1374	1708	2018	2408	2688	6000	5000	1	1	1	1	1	1
2	37	0	5	1000	218020	218021.964	218	946.004	1	3	2	5	4	13254	0	1000	1244	306	0	1	3	2	5	4	1310	1532	1762	2158	2372	6000	5000	1	1	1	1	1	1
2	38	1	5	1000	223020	223021.959	223	943.973	3	5	1	2	4	35124	0	1000	1638	334	0	3	5	1	2	4	1338	1548	2006	2340	2780	6000	5000	1	1	1	1	1	1
2	39	0	5	1000	228020	228021.93	228	941.97	1	3	2	5	4	13254	0	1000	1530	308	0	1	3	2	5	4	1312	1546	1808	2238	2626	6000	5000	1	1	1	1	1	1
2	40	0	5	1000	233020	233021.953	233	942.004	3	5	1	2	4	35124	0	1000	1598	478	0	3	5	1	2	4	1482	1738	2040	2574	2892	6000	5000	1	1	1	1	1	1
2	41	0	5	1000	238020	238021.949	238	939.999	3	5	1	2	4	35124	0	1000	1386	302	0	3	5	1	2	4	1306	1558	1802	2196	2500	6000	5000	1	1	1	1	1	1
2	42	1	5	1000	243020	243021.962	243	938.009	1	3	2	5	4	13254	0	1000	1412	302	0	1	3	2	5	4	1306	1582	1864	2290	2500	6000	5000	1	1	1	1	1	1
2	43	1	5	1000	248020	248021.962	248	936.012	1	3	2	5	4	13254	0	1000	1234	286	0	1	3	2	5	4	1290	1542	1814	2106	2308	6000	5000	1	1	1	1	1	1
2	44	1	5	1000	253020	253021.96	253	933.998	3	2	4	5	1	32451	0	1000	1042	318	0	3	2	4	5	1	1322	1542	1768	2018	2182	6000	5000	1	1	1	1	1	1
2	45	0	5	1000	258020	258021.952	258	932.019	3	5	1	2	4	35124	0	1000	1496	372	0	3	5	1	2	4	1376	1632	1878	2344	2622	6000	5000	1	1	1	1	1	1
2	46	1	5	1000	263020	263021.95	263	930.002	1	4	5	2	3	14523	0	1000	1586	330	0	1	4	5	2	3	1334	1582	1924	2362	2694	6000	5000	1	1	1	1	1	1
2	47	0	5	1000	268020	268021.964	268	929.997	3	2	4	5	1	32451	0	1000	1192	354	0	3	2	4	5	1	1358	1530	1740	2138	2332	6000	5000	1	1	1	1	1	1
2	48	1	5	1000	273020	273021.962	273	928.002	3	5	1	2	4	35124	0	1000	1662	302	0	3	5	1	2	4	1306	1546	2004	2510	2756	6000	5000	1	1	1	1	1	1
2	49	0	5	1000	278020	278021.987	278	926.035	3	2	4	5	1	32451	0	1000	1218	326	0	3	2	4	5	1	1330	1558	1848	2134	2356	6000	5000	1	1	1	1	1	1
2	50	1	5	1000	283020	283021.961	283	923.998	1	4	5	2	3	14523	0	1000	1404	260	0	1	4	5	2	3	1264	1520	1834	2222	2478	6000	5000	1	1	1	1	1	1
2	51	0	5	1000	288020	288021.95	288	921.985	1	3	2	5	4	13254	0	16000	1262	270	0	1	3	2	5	4	1274	1492	1730	2134	2358	6000	5000	1	1	1	1	1	1
2	52	0	5	1000	308020	308021.975	308	916.01	1	3	2	5	4	13254	0	1000	1506	592	0	1	3	2	5	4	1596	1892	2160	2584	2920	6000	5000	1	1	1	1	1	1
2	53	1	5	1000	313020	313021.953	313	913.993	1	4	5	2	3	14523	0	1000	1384	294	0	1	4	5	2	3	1298	1574	1886	2224	2490	6000	5000	1	1	1	1	1	1
2	54	0	5	1000	318020	318021.937	318	911.972	1	4	5	2	3	14523	0	1000	1736	220	0	1	4	5	2	3	1224	1524	2018	2484	2780	6000	5000	1	1	1	1	1	1
2	55	1	5	1000	323020	323021.952	323	909.987	1	4	5	2	3	14523	0	1000	1162	370	0	1	4	5	2	3	1374	1672	1916	2198	2494	6000	5000	1	1	1	1	1	1
2	56	1	5	1000	328020	328021.939	328	907.984	3	5	1	2	4	35124	0	1000	1304	366	0	3	5	1	2	4	1370	1592	1836	2106	2484	6000	5000	1	1	1	1	1	1
2	57	1	5	1000	333020	333021.963	333	907.999	3	2	4	5	1	32451	0	1000	1070	422	0	3	2	4	5	1	1426	1656	1858	2118	2290	6000	5000	1	1	1	1	1	1
2	58	1	5	1000	338020	338021.953	338	906.021	1	3	2	5	4	13254	0	1000	1548	306	0	1	3	2	5	4	1310	1566	1792	2394	2668	6000	5000	1	1	1	1	1	1
2	59	0	5	1000	343020	343021.954	343	904.003	1	4	5	2	3	14523	0	1000	1504	500	0	1	4	5	2	3	1504	1884	2204	2556	2826	6000	5000	1	1	1	1	1	1
2	60	1	5	1000	348020	348021.951	348	901.979	3	2	4	5	1	32451	0	1000	976	346	0	3	2	4	5	1	1350	1550	1740	1962	2122	6000	5000	1	1	1	1	1	1
2	61	0	5	1000	353020	353021.951	353	899.998	1	4	5	2	3	14523	0	1000	1438	464	0	1	4	5	2	3	1468	1686	2078	2396	2720	6000	5000	1	1	1	1	1	1
2	62	1	5	1000	358020	358021.952	358	897.991	3	5	1	2	4	35124	0	1000	2090	412	1	3	4	1	2	4	1416	1640	2526	2954	3304	6000	5000	0	1	1	1	1	1
2	63	1	5	1000	363020	363021.953	363	895.993	1	4	5	2	3	14523	0	1000	1284	316	0	1	4	5	2	3	1320	1560	1846	2138	2418	6000	5000	1	1	1	1	1	1
2	64	1	5	1000	368020	368021.959	368	894.009	1	3	2	5	4	13254	0	1000	1228	332	0	1	3	2	5	4	1336	1584	1802	2118	2340	6000	5000	1	1	1	1	1	1
2	65	0	5	1000	373020	373021.953	373	891.999	3	5	1	2	4	35124	0	1000	1328	354	0	3	5	1	2	4	1358	1588	1838	2260	2508	6000	5000	1	1	1	1	1	1
2	66	1	5	1000	378020	378021.957	378	892.005	3	5	1	2	4	35124	0	1000	1364	288	0	3	5	1	2	4	1292	1494	1796	2182	2452	6000	5000	1	1	1	1	1	1
2	67	0	5	1000	383020	383021.938	383	889.987	3	5	1	2	4	35124	0	1000	1404	444	0	3	5	1	2	4	1448	1654	1984	2364	2662	6000	5000	1	1	1	1	1	1
2	68	1	5	1000	388020	388021.957	388	888.026	3	2	4	5	1	32451	0	16000	1038	336	0	3	2	4	5	1	1340	1552	1820	2028	2220	6000	5000	1	1	1	1	1	1
3	1	1	5	1000	8020	8020.001	9	16.001	1	4	5	2	3	14523	0	1000	1512	540	0	1	4	5	2	3	1544	1814	2124	2452	2850	6000	5000	1	1	1	1	1	1
3	2	0	5	1000	13020	13021.988	14	15.985	1	3	2	5	4	13254	0	1000	1296	336	0	1	3	2	5	4	1340	1564	1770	2174	2422	6000	5000	1	1	1	1	1	1
3	3	1	5	1000	18020	18022.039	19	14.049	3	2	4	5	1	32451	0	1000	1448	338	0	3	2	4	5	1	1342	1386	2122	2392	2592	6000	5000	1	1	1	1	1	1
3	4	0	5	1000	23020	23021.987	24	11.982	3	5	1	2	4	35124	0	1000	1928	332	0	3	5	1	2	4	1336	1482	1820	2764	3038	6000	5000	1	1	1	1	1	1
3	5	1	5	1000	28020	28021.988	29	9.998	3	5	1	2	4	35124	0	1000	1454	514	0	3	5	1	2	4	1518	1834	2134	2458	2768	6000	5000	1	1	1	1	1	1
3	6	1	5	1000	33020	33021.978	34	9.99	1	4	5	2	3	14523	0	1000	1516	188	0	1	4	5	2	3	1192	1502	1800	2210	2512	6000	5000	1	1	1	1	1	1
3	7	1	5	1000	38020	38021.978	39	7.998	3	2	4	5	1	32451	0	1000	1232	352	0	3	2	4	5	1	1356	1624	1910	2200	2426	6000	5000	1	1	1	1	1	1
3	8	1	5	1000	43020	43022.217	44	6.226	3	2	4	5	1	32451	0	1000	1242	256	0	3	2	4	5	1	1260	1502	1772	2062	2286	6000	5000	1	1	1	1	1	1
3	9	1	5	1000	48020	48021.978	49	4.001	1	4	5	2	3	14523	0	1000	1478	284	0	1	4	5	2	3	1288	1568	1856	2246	2552	6000	5000	1	1	1	1	1	1
3	10	0	5	1000	53020	53020.002	54	0	3	5	1	2	4	35124	0	1000	1394	338	0	3	5	1	2	4	1342	1552	1836	2224	2538	6000	5000	1	1	1	1	1	1
3	11	0	5	1000	58020	58020.062	58	998.072	3	2	4	5	1	32451	0	1000	1318	346	0	3	2	4	5	1	1350	1558	1874	2198	2442	6000	5000	1	1	1	1	1	1
3	12	0	5	1000	63020	63021.979	63	999.988	1	3	2	5	4	13254	0	1000	1582	386	0	1	3	2	5	4	1390	1694	2008	2438	2760	6000	5000	1	1	1	1	1	1
3	13	0	5	1000	68020	68021.989	68	998.031	1	4	5	2	3	14523	0	1000	1686	304	0	1	4	5	2	3	1308	1642	2034	2410	2772	6000	5000	1	1	1	1	1	1
3	14	1	5	1000	73020	73021.976	73	995.952	3	5	1	2	4	35124	0	1000	1344	336	0	3	5	1	2	4	1340	1574	1862	2194	2458	6000	5000	1	1	1	1	1	1
3	15	1	5	1000	78020	78020.001	78	991.997	1	3	2	5	4	13254	0	1000	1366	300	0	1	3	2	5	4	1304	1578	1812	2216	2470	6000	5000	1	1	1	1	1	1
3	16	0	5	1000	83020	83020.017	83	990.036	1	3	2	5	4	13254	0	1000	1444	314	0	1	3	2	5	4	1318	1584	1864	2250	2560	6000	5000	1	1	1	1	1	1
3	17	0	5	1000	88020	88021.992	88	989.977	3	2	4	5	1	32451	0	16000	1566	310	0	3	2	4	5	1	1314	1550	1850	2372	2624	6000	5000	1	1	1	1	1	1
3	18	0	5	1000	108020	108021.98	108	984.004	3	2	4	5	1	32451	0	1000	1356	440	0	3	2	4	5	1	1444	1702	2008	2326	2558	6000	5000	1	1	1	1	1	1
3	19	1	5	1000	113020	113021.987	113	981.979	3	2	4	5	1	32451	0	1000	1132	304	0	3	2	4	5	1	1308	1534	1800	2060	2222	6000	5000	1	1	1	1	1	1
3	20	0	5	1000	118020	118020.002	118	978.015	1	4	5	2	3	14523	0	1000	1918	268	0	1	4	5	2	3	1272	1568	2314	2702	2992	6000	5000	1	1	1	1	1	1
3	21	1	5	1000	123020	123021.989	123	977.979	1	4	5	2	3	14523	0	1000	1414	320	0	1	4	5	2	3	1324	1620	1904	2258	2538	6000	5000	1	1	1	1	1	1
3	22	1	5	1000	128020	128021.991	128	975.992	3	5	1	2	4	35124	0	1000	1362	398	0	3	5	1	2	4	1402	1624	1900	2206	2552	6000	5000	1	1	1	1	1	1
3	23	0	5	1000	133020	133021.988	133	975.988	1	3	2	5	4	13254	0	1000	1362	374	0	1	3	2	5	4	1378	1660	1914	2280	2542	6000	5000	1	1	1	1	1	1
3	24	0	5	1000	138020	138020.003	138	972.014	1	3	2	5	4	13254	0	1000	1174	328	0	1	3	2	5	4	1332	1580	1826	2114	2298	6000	5000	1	1	1	1	1	1
3	25	1	5	1000	143020	143021.99	143	971.911	1	4	5	2	3	14523	0	1000	1658	330	0	1	4	5	2	3	1334	1606	1858	2158	2806	6000	5000	1	1	1	1	1	1
3	26	1	5	1000	148020	148021.99	148	970.012	1	3	2	5	4	13254	0	1000	1234	348	0	1	3	2	5	4	1352	1630	1874	2150	2398	6000	5000	1	1	1	1	1	1
3	27	0	5	1000	153020	153021.99	153	968.001	1	4	5	2	3	14523	0	1000	1580	314	0	1	4	5	2	3	1318	1676	2008	2378	2692	6000	5000	1	1	1	1	1	1
3	28	1	5	1000	158020	158021.989	158	965.998	3	2	4	5	1	32451	0	1000	1250	346	0	3	2	4	5	1	1350	1620	1884	2170	2368	6000	5000	1	1	1	1	1	1
3	29	0	5	1000	163020	163020.054	163	962.055	1	3	2	5	4	13254	0	1000	1346	270	0	1	3	2	5	4	1274	1518	1770	2152	2370	6000	5000	1	1	1	1	1	1
3	30	1	5	1000	168020	168020.002	168	962.014	3	5	1	2	4	35124	0	1000	1446	348	0	3	5	1	2	4	1352	1634	1926	2302	2598	6000	5000	1	1	1	1	1	1
3	31	1	5	1000	173020	173021.989	173	961.982	3	2	4	5	1	32451	0	1000	1210	354	0	3	2	4	5	1	1358	1612	1862	2148	2316	6000	5000	1	1	1	1	1	1
3	32	1	5	1000	178020	178020.001	178	958	3	5	1	2	4	35124	0	1000	1520	370	0	3	5	1	2	4	1374	1676	2002	2310	2660	6000	5000	1	1	1	1	1	1
3	33	0	5	1000	183020	183020.013	183	956.033	1	4	5	2	3	14523	0	1000	2220	312	0	1	4	5	2	3	1316	1990	2398	2946	3328	6000	5000	1	1	1	1	1	1
3	34	1	5	1000	188020	188020.002	188	953.993	1	3	2	5	4	13254	0	16000	1410	360	0	1	3	2	5	4	1364	1618	1864	2288	2580	6000	5000	1	1	1	1	1	1
3	35	1	5	1000	208020	208021.992	208	949.988	1	3	2	5	4	13254	0	1000	0	604	1	1	4	3	5	0	1608	1952	2916	3810	0	6000	5000	0	1	1	1	1	1
3	36	1	5	1000	213020	213021.978	213	947.964	1	3	2	5	4	13254	0	1000	1398	344	0	1	3	2	5	4	1348	1686	1994	2276	2544	6000	5000	1	1	1	1	1	1
3	37	0	5	1000	218020	218020.001	218	943.988	3	2	4	5	1	32451	0	1000	1198	330	0	3	2	4	5	1	1334	1568	1890	2158	2314	6000	5000	1	1	1	1	1	1
3	38	1	5	1000	223020	223020.107	223	942.117	1	4	5	2	3	14523	0	1000	1512	354	0	1	4	5	2	3	1358	1678	2040	2370	2668	6000	5000	1	1	1	1	1	1
3	39	0	5	1000	228020	228020.01	228	940.03	1	4	5	2	3	14523	0	1000	1458	308	0	1	4	5	2	3	1312	1606	1922	2276	2586	6000	5000	1	1	1	1	1	1
3	40	0	5	1000	233020	233020.052	233	938.061	1	4	5	2	3	14523	0	1000	1586	316	0	1	4	5	2	3	1320	1632	2000	2396	2706	6000	5000	1	1	1	1	1	1
3	41	0	5	1000	238020	238021.981	238	940.002	3	2	4	5	1	32451	0	1000	1394	306	0	3	2	4	5	1	1310	1586	1880	2206	2462	6000	5000	1	1	1	1	1	1
3	42	1	5	1000	243020	243021.978	243	938.001	3	5	1	2	4	35124	0	1000	1490	344	0	3	5	1	2	4	1348	1622	1956	2328	2646	6000	5000	1	1	1	1	1	1
3	43	0	5	1000	248020	248021.988	248	936.019	3	5	1	2	4	35124	0	1000	1620	282	0	3	5	1	2	4	1286	1588	1912	2320	2678	6000	5000	1	1	1	1	1	1
3	44	0	5	1000	253020	253021.986	253	934.006	1	4	5	2	3	14523	0	1000	1512	482	0	1	4	5	2	3	1486	1796	2118	2436	2786	6000	5000	1	1	1	1	1	1
3	45	0	5	1000	258020	258021.976	258	931.999	3	5	1	2	4	35124	0	1000	1424	406	0	3	5	1	2	4	1410	1652	1940	2292	2626	6000	5000	1	1	1	1	1	1
3	46	0	5	1000	263020	263021.977	263	930	3	5	1	2	4	35124	0	1000	1514	320	0	3	5	1	2	4	1324	1544	1832	2202	2620	6000	5000	1	1	1	1	1	1
3	47	1	5	1000	268020	268020	268	926.021	1	4	5	2	3	14523	0	1000	1348	302	0	1	4	5	2	3	1306	1586	1866	2180	2456	6000	5000	1	1	1	1	1	1
3	48	1	5	1000	273020	273021.979	273	927.99	1	4	5	2	3	14523	0	1000	1314	332	0	1	4	5	2	3	1336	1586	1874	2144	2436	6000	5000	1	1	1	1	1	1
3	49	0	5	1000	278020	278021.98	278	926.009	3	2	4	5	1	32451	0	1000	1270	332	0	3	2	4	5	1	1336	1584	1868	2170	2386	6000	5000	1	1	1	1	1	1
3	50	0	5	1000	283020	283021.982	283	924.005	3	5	1	2	4	35124	0	1000	1262	358	0	3	5	1	2	4	1362	1570	1864	2166	2408	6000	5000	1	1	1	1	1	1
3	51	1	5	1000	288020	288021.979	288	921.997	3	2	4	5	1	32451	0	16000	1116	270	0	3	2	4	5	1	1274	1492	1696	1940	2158	6000	5000	1	1	1	1	1	1
3	52	1	5	1000	308020	308021.98	308	916.005	3	2	4	5	1	32451	0	1000	1158	492	0	3	2	4	5	1	1496	1710	1928	2194	2414	6000	5000	1	1	1	1	1	1
3	53	0	5	1000	313020	313021.99	313	913.951	3	2	4	5	1	32451	0	1000	1140	294	0	3	2	4	5	1	1298	1500	1754	1998	2190	6000	5000	1	1	1	1	1	1
3	54	0	5	1000	318020	318021.976	318	912.001	3	2	4	5	1	32451	0	1000	1140	310	0	3	2	4	5	1	1314	1530	1766	2030	2240	6000	5000	1	1	1	1	1	1
3	55	0	5	1000	323020	323020.002	323	908.021	1	4	5	2	3	14523	0	1000	1418	324	0	1	4	5	2	3	1328	1594	1900	2258	2556	6000	5000	1	1	1	1	1	1
3	56	0	5	1000	328020	328022.001	328	908.022	1	3	2	5	4	13254	0	1000	1596	368	0	1	3	2	5	4	1372	1684	2014	2460	2772	6000	5000	1	1	1	1	1	1
3	57	1	5	1000	333020	333021.982	333	906.02	1	3	2	5	4	13254	0	1000	1338	286	0	1	3	2	5	4	1290	1570	1792	2134	2430	6000	5000	1	1	1	1	1	1
3	58	0	5	1000	338020	338021.99	338	904.012	3	5	1	2	4	35124	0	1000	1346	288	0	3	5	1	2	4	1292	1542	1800	2170	2412	6000	5000	1	1	1	1	1	1
3	59	0	5	1000	343020	343021.978	343	901.997	1	3	2	5	4	13254	0	1000	1390	400	0	1	3	2	5	4	1404	1686	1910	2356	2590	6000	5000	1	1	1	1	1	1
3	60	0	5	1000	348020	348021.989	348	902.012	3	5	1	2	4	35124	0	1000	1254	312	0	3	5	1	2	4	1316	1550	1812	2114	2326	6000	5000	1	1	1	1	1	1
3	61	1	5	1000	353020	353021.982	353	900.004	1	3	2	5	4	13254	0	1000	1234	326	0	1	3	2	5	4	1330	1612	1824	2152	2372	6000	5000	1	1	1	1	1	1
3	62	1	5	1000	358020	358021.977	358	898.01	3	5	1	2	4	35124	0	1000	1428	502	0	3	5	1	2	4	1506	1790	2042	2382	2730	6000	5000	1	1	1	1	1	1
3	63	1	5	1000	363020	363021.988	363	896.014	3	5	1	2	4	35124	0	1000	1250	220	0	3	5	1	2	4	1224	1398	1708	1948	2254	6000	5000	1	1	1	1	1	1
3	64	0	5	1000	368020	368021.958	368	894.003	3	2	4	5	1	32451	0	1000	1038	374	0	3	2	4	5	1	1378	1602	1790	2030	2202	6000	5000	1	1	1	1	1	1
3	65	1	5	1000	373020	373021.996	373	891.982	1	3	2	5	4	13254	0	1000	1566	376	0	1	3	2	5	4	1380	1658	1948	2478	2730	6000	5000	1	1	1	1	1	1
3	66	1	5	1000	378020	378022.001	378	891.991	3	2	4	5	1	32451	0	1000	1264	386	0	3	2	4	5	1	1390	1660	1942	2198	2418	6000	5000	1	1	1	1	1	1
3	67	1	5	1000	383020	383021.979	383	889.997	1	3	2	5	4	13254	0	1000	1136	312	0	1	3	2	5	4	1316	1560	1812	2032	2268	6000	5000	1	1	1	1	1	1
3	68	1	5	1000	388020	388021.978	388	887.998	1	4	5	2	3	14523	0	16000	1408	328	0	1	4	5	2	3	1332	1610	1880	2168	2550	6000	5000	1	1	1	1	1	1
4	1	1	5	1000	8020	8021.883	9	16.013	1	3	2	5	4	13254	0	1000	1370	464	0	1	3	2	5	4	1468	1768	2058	2334	2610	6000	5000	1	1	1	1	1	1
4	2	0	5	1000	13020	13021.872	14	13.999	1	4	5	2	3	14523	0	1000	1448	392	0	1	4	5	2	3	1396	1692	1986	2356	2656	6000	5000	1	1	1	1	1	1
4	3	0	5	1000	18020	18021.867	19	13.993	1	4	5	2	3	14523	0	1000	1280	188	0	1	4	5	2	3	1192	1440	1688	1990	2286	6000	5000	1	1	1	1	1	1
4	4	1	5	1000	23020	23021.871	24	12.003	3	2	4	5	1	32451	0	1000	944	320	0	3	2	4	5	1	1324	1498	1712	1918	2056	6000	5000	1	1	1	1	1	1
4	5	1	5	1000	28020	28021.879	29	10.013	1	4	5	2	3	14523	0	1000	1308	194	0	1	4	5	2	3	1198	1482	1752	2062	2302	6000	5000	1	1	1	1	1	1
4	6	1	5	1000	33020	33021.906	34	8.004	1	4	5	2	3	14523	0	1000	1238	346	0	1	4	5	2	3	1350	1620	1878	2156	2396	6000	5000	1	1	1	1	1	1
4	7	1	5	1000	38020	38021.896	39	5.994	1	3	2	5	4	13254	0	1000	0	324	1	1	4	3	5	4	1328	1614	2582	3600	3872	6000	5000	0	1	1	1	1	1
4	8	0	5	1000	43020	43021.871	44	4.002	3	5	1	2	4	35124	0	1000	1258	406	0	3	5	1	2	4	1410	1640	1894	2212	2436	6000	5000	1	1	1	1	1	1
4	9	0	5	1000	48020	48021.867	49	1.998	1	3	2	5	4	13254	0	1000	1524	434	0	1	3	2	5	4	1438	1754	2066	2478	2748	6000	5000	1	1	1	1	1	1
4	10	0	5	1000	53020	53021.862	54	1.98	3	2	4	5	1	32451	0	1000	1130	344	0	3	2	4	5	1	1348	1538	1740	2026	2240	6000	5000	1	1	1	1	1	1
4	11	1	5	1000	58020	58021.917	59	0	1	3	2	5	4	13254	0	1000	2390	444	1	1	4	2	5	4	1448	1738	2962	3374	3638	6000	5000	0	1	1	1	1	1
4	12	1	5	1000	63020	63021.905	63	998	3	2	4	5	1	32451	0	1000	1162	370	0	3	2	4	5	1	1374	1608	1864	2136	2330	6000	5000	1	1	1	1	1	1
4	13	1	5	1000	68020	68021.882	68	996.002	3	5	1	2	4	35124	0	1000	1400	360	0	3	5	1	2	4	1364	1610	1926	2208	2538	6000	5000	1	1	1	1	1	1
4	14	0	5	1000	73020	73021.894	73	994.002	3	2	4	5	1	32451	0	1000	1220	330	0	3	2	4	5	1	1334	1588	1872	2150	2338	6000	5000	1	1	1	1	1	1
4	15	0	5	1000	78020	78021.9	78	992.02	3	2	4	5	1	32451	0	1000	1118	306	0	3	2	4	5	1	1310	1516	1760	2032	2202	6000	5000	1	1	1	1	1	1
4	16	0	5	1000	83020	83021.895	83	992.024	3	5	1	2	4	35124	0	1000	1436	354	0	3	5	1	2	4	1358	1596	1864	2164	2572	6000	5000	1	1	1	1	1	1
4	17	1	5	1000	88020	88021.879	88	990.002	3	5	1	2	4	35124	0	16000	1282	316	0	3	5	1	2	4	1320	1572	1848	2136	2396	6000	5000	1	1	1	1	1	1
4	18	1	5	1000	108020	108021.868	108	981.965	3	5	1	2	4	35124	0	1000	1428	556	0	3	5	1	2	4	1560	1880	2162	2484	2754	6000	5000	1	1	1	1	1	1
4	19	0	5	1000	113020	113021.894	113	980.012	3	5	1	2	4	35124	0	1000	1260	324	0	3	5	1	2	4	1328	1532	1780	2120	2370	6000	5000	1	1	1	1	1	1
4	20	1	5	1000	118020	118021.88	118	979.98	3	2	4	5	1	32451	0	1000	1056	300	0	3	2	4	5	1	1304	1516	1778	2008	2182	6000	5000	1	1	1	1	1	1
4	21	1	5	1000	123020	123021.974	123	978.094	3	2	4	5	1	32451	0	1000	1028	268	0	3	2	4	5	1	1272	1482	1700	1932	2126	6000	5000	1	1	1	1	1	1
4	22	0	5	1000	128020	128021.88	128	976.012	3	2	4	5	1	32451	0	1000	1060	300	0	3	2	4	5	1	1304	1508	1726	1952	2138	6000	5000	1	1	1	1	1	1
4	23	1	5	1000	133020	133021.873	133	973.979	3	2	4	5	1	32451	0	1000	1040	330	0	3	2	4	5	1	1334	1540	1750	1960	2138	6000	5000	1	1	1	1	1	1
4	24	0	5	1000	138020	138021.883	138	971.908	3	5	1	2	4	35124	0	1000	1206	294	0	3	5	1	2	4	1298	1544	1772	2066	2290	6000	5000	1	1	1	1	1	1
4	25	1	5	1000	143020	143021.93	143	970.052	1	3	2	5	4	13254	0	1000	1120	300	0	1	3	2	5	4	1304	1538	1746	1980	2226	6000	5000	1	1	1	1	1	1
4	26	0	5	1000	148020	148021.881	148	969.931	3	2	4	5	1	32451	0	1000	940	282	0	3	2	4	5	1	1286	1450	1622	1834	2000	6000	5000	1	1	1	1	1	1
4	27	1	5	1000	153020	153021.894	153	968.016	3	5	1	2	4	35124	0	1000	1536	318	0	3	5	1	2	4	1322	1540	1782	2068	2684	6000	5000	1	1	1	1	1	1
4	28	1	5	1000	158020	158021.894	158	966.002	3	5	1	2	4	35124	0	1000	1164	350	0	3	5	1	2	4	1354	1558	1816	2056	2320	6000	5000	1	1	1	1	1	1
4	29	1	5	1000	163020	163021.88	163	963.978	1	3	2	5	4	13254	0	1000	1136	268	0	1	3	2	5	4	1272	1494	1740	1994	2206	6000	5000	1	1	1	1	1	1
4	30	1	5	1000	168020	168021.879	168	961.985	1	3	2	5	4	13254	0	1000	1078	360	0	1	3	2	5	4	1364	1602	1800	1982	2208	6000	5000	1	1	1	1	1	1
4	31	1	5	1000	173020	173022.008	173	960.11	3	5	1	2	4	35124	0	1000	1424	314	0	3	5	1	2	4	1318	1542	1846	2112	2556	6000	5000	1	1	1	1	1	1
4	32	1	5	1000	178020	178021.891	178	958	3	2	4	5	1	32451	0	1000	1064	278	0	3	2	4	5	1	1282	1510	1740	1948	2136	6000	5000	1	1	1	1	1	1
4	33	1	5	1000	183020	183021.881	183	955.987	1	3	2	5	4	13254	0	1000	1030	332	0	1	3	2	5	4	1336	1558	1778	2008	2148	6000	5000	1	1	1	1	1	1
4	34	0	5	1000	188020	188021.887	188	956.021	1	3	2	5	4	13254	0	16000	1210	364	0	1	3	2	5	4	1368	1614	1848	2356	2454	6000	5000	1	1	1	1	1	1
4	35	0	5	1000	208020	208021.878	208	947.997	1	3	2	5	4	13254	0	1000	1200	596	1	1	3	2	5	5	1600	1896	2146	2522	2534	6000	5000	0	1	1	1	1	1
4	36	0	5	1000	213020	213021.893	213	945.987	1	4	5	2	3	14523	0	1000	1916	294	0	1	4	5	2	3	1298	1668	2054	2628	2988	6000	5000	1	1	1	1	1	1
4	37	1	5	1000	218020	218021.88	218	943.999	1	4	5	2	3	14523	0	1000	1972	286	0	1	4	5	2	3	1290	1738	2086	2584	2986	6000	5000	1	1	1	1	1	1
4	38	0	5	1000	223020	223021.85	223	943.918	3	5	1	2	4	35124	0	1000	1610	396	0	3	5	1	2	4	1400	1652	1956	2456	2752	6000	5000	1	1	1	1	1	1
4	39	0	5	1000	228020	228021.904	228	942.053	1	4	5	2	3	14523	0	1000	2166	400	0	1	4	5	2	3	1404	1986	2368	2952	3320	6000	5000	1	1	1	1	1	1
4	40	0	5	1000	233020	233021.851	233	939.979	3	2	4	5	1	32451	0	1000	1590	450	0	3	2	4	5	1	1454	1728	2108	2478	2800	6000	5000	1	1	1	1	1	1
4	41	1	5	1000	238020	238021.882	238	938.012	1	4	5	2	3	14523	0	1000	1706	326	0	1	4	5	2	3	1330	1622	2008	2456	2820	6000	5000	1	1	1	1	1	1
4	42	0	5	1000	243020	243021.88	243	935.998	3	2	4	5	1	32451	0	1000	1510	584	0	3	2	4	5	1	1588	1868	2208	2552	2856	6000	5000	1	1	1	1	1	1
4	43	0	5	1000	248020	248021.871	248	934.001	1	3	2	5	4	13254	0	1000	1548	384	0	1	3	2	5	4	1388	1664	1972	2438	2714	6000	5000	1	1	1	1	1	1
4	44	1	5	1000	253020	253021.872	253	932.001	1	4	5	2	3	14523	0	1000	1580	354	0	1	4	5	2	3	1358	1658	2010	2392	2726	6000	5000	1	1	1	1	1	1
4	45	1	5	1000	258020	258021.849	258	931.979	3	2	4	5	1	32451	0	1000	1386	310	0	3	2	4	5	1	1314	1592	1888	2212	2486	6000	5000	1	1	1	1	1	1
4	46	0	5	1000	263020	263021.878	263	929.998	1	4	5	2	3	14523	0	1000	2090	318	0	1	4	5	2	3	1322	1668	2524	2902	3198	6000	5000	1	1	1	1	1	1
4	47	0	5	1000	268020	268021.892	268	928.001	1	3	2	5	4	13254	0	1000	1434	382	0	1	3	2	5	4	1386	1676	1972	2340	2610	6000	5000	1	1	1	1	1	1
4	48	0	5	1000	273020	273021.879	273	926.005	1	3	2	5	4	13254	0	1000	1606	326	0	1	3	2	5	4	1330	1616	1944	2420	2730	6000	5000	1	1	1	1	1	1
4	49	0	5	1000	278020	278021.85	278	923.979	3	5	1	2	4	35124	0	1000	1428	414	0	3	5	1	2	4	1418	1712	2030	2352	2630	6000	5000	1	1	1	1	1	1
4	50	0	5	1000	283020	283021.871	283	922.001	3	5	1	2	4	35124	0	1000	1470	960	0	3	5	1	2	4	1964	2258	2558	2920	3222	6000	5000	1	1	1	1	1	1
4	51	1	5	1000	288020	288021.874	288	919.996	1	4	5	2	3	14523	0	16000	1482	436	0	1	4	5	2	3	1440	1750	2062	2422	2722	6000	5000	1	1	1	1	1	1
4	52	1	5	1000	308020	308021.883	308	914.012	1	4	5	2	3	14523	0	1000	1666	512	0	1	4	5	2	3	1516	1866	2192	2610	2972	6000	5000	1	1	1	1	1	1
4	53	0	5	1000	313020	313021.851	313	911.972	1	4	5	2	3	14523	0	1000	1726	240	0	1	4	5	2	3	1244	1576	1952	2376	2734	6000	5000	1	1	1	1	1	1
4	54	0	5	1000	318020	318021.872	318	910.003	3	5	1	2	4	35124	0	1000	1374	264	0	3	5	1	2	4	1268	1554	1846	2164	2424	6000	5000	1	1	1	1	1	1
4	55	0	5	1000	323020	323021.873	323	907.988	3	2	4	5	1	32451	0	1000	1302	288	0	3	2	4	5	1	1292	1514	1794	2092	2346	6000	5000	1	1	1	1	1	1
4	56	0	5	1000	328020	328021.867	328	908.001	1	4	5	2	3	14523	0	1000	1656	246	0	1	4	5	2	3	1250	1584	1996	2376	2696	6000	5000	1	1	1	1	1	1
4	57	1	5	1000	333020	333021.867	333	906.001	1	3	2	5	4	13254	0	1000	1394	390	0	1	3	2	5	4	1394	1698	2026	2296	2562	6000	5000	1	1	1	1	1	1
4	58	1	5	1000	338020	338021.871	338	904.002	1	4	5	2	3	14523	0	1000	1396	344	0	1	4	5	2	3	1348	1636	1932	2256	2556	6000	5000	1	1	1	1	1	1
4	59	1	5	1000	343020	343021.868	343	902.021	3	5	1	2	4	35124	0	1000	1460	346	0	3	5	1	2	4	1350	1610	1998	2310	2602	6000	5000	1	1	1	1	1	1
4	60	0	5	1000	348020	348021.87	348	899.998	1	4	5	2	3	14523	0	1000	1468	344	0	1	4	5	2	3	1348	1632	1970	2314	2612	6000	5000	1	1	1	1	1	1
4	61	1	5	1000	353020	353021.868	353	897.997	3	5	1	2	4	35124	0	1000	1626	414	0	3	5	1	2	4	1418	1696	1994	2312	2834	6000	5000	1	1	1	1	1	1
4	62	0	5	1000	358020	358021.882	358	895.997	1	3	2	5	4	13254	0	1000	1526	478	0	1	3	2	5	4	1482	1774	2096	2466	2776	6000	5000	1	1	1	1	1	1
4	63	1	5	1000	363020	363021.87	363	895.965	3	2	4	5	1	32451	0	1000	1524	342	0	3	2	4	5	1	1346	1646	1956	2330	2632	6000	5000	1	1	1	1	1	1
4	64	0	5	1000	368020	368021.88	368	893.994	1	3	2	5	4	13254	0	1000	1486	264	0	1	3	2	5	4	1268	1556	1804	2214	2496	6000	5000	1	1	1	1	1	1
4	65	1	5	1000	373020	373021.871	373	891.998	3	5	1	2	4	35124	0	1000	1340	374	0	3	5	1	2	4	1378	1624	1854	2160	2526	6000	5000	1	1	1	1	1	1
4	66	1	5	1000	378020	378021.869	378	890	1	4	5	2	3	14523	0	1000	1410	312	0	1	4	5	2	3	1316	1590	1896	2248	2522	6000	5000	1	1	1	1	1	1
4	67	0	5	1000	383020	383021.907	383	888.014	1	3	2	5	4	13254	0	1000	1792	352	0	1	3	2	5	4	1356	1658	2070	2596	2932	6000	5000	1	1	1	1	1	1
4	68	1	5	1000	388020	388021.851	388	885.98	1	3	2	5	4	13254	0	16000	1452	412	0	1	3	2	5	4	1416	1664	2010	2308	2642	6000	5000	1	1	1	1	1	1
5	1	0	5	1000	8020	8021.893	9	17.941	3	2	4	5	1	32451	0	1000	1320	412	0	3	2	4	5	1	1416	1662	1932	2256	2504	6000	5000	1	1	1	1	1	1
5	2	1	5	1000	13020	13021.934	14	15.999	3	2	4	5	1	32451	0	1000	1128	410	0	3	2	4	5	1	1414	1648	1894	2134	2284	6000	5000	1	1	1	1	1	1
5	3	0	5	1000	18020	18021.933	19	14.012	1	4	5	2	3	14523	0	1000	1506	252	0	1	4	5	2	3	1256	1528	1860	2206	2544	6000	5000	1	1	1	1	1	1
5	4	0	5	1000	23020	23021.948	24	12.025	3	5	1	2	4	35124	0	1000	1310	296	0	3	5	1	2	4	1300	1516	1796	2130	2370	6000	5000	1	1	1	1	1	1
5	5	0	5	1000	28020	28021.931	29	9.998	1	3	2	5	4	13254	0	1000	1760	396	0	1	3	2	5	4	1400	1690	2116	2624	2946	6000	5000	1	1	1	1	1	1
5	6	1	5	1000	33020	33021.944	34	8.008	3	2	4	5	1	32451	0	1000	1250	366	0	3	2	4	5	1	1370	1638	1924	2188	2392	6000	5000	1	1	1	1	1	1
5	7	1	5	1000	38020	38020.029	39	6.095	1	3	2	5	4	13254	0	1000	1282	222	0	1	3	2	5	4	1226	1508	1784	2090	2324	6000	5000	1	1	1	1	1	1
5	8	0	5	1000	43020	43021.943	44	6.033	3	5	1	2	4	35124	0	1000	1508	344	0	3	5	1	2	4	1348	1568	1860	2334	2634	6000	5000	1	1	1	1	1	1
5	9	0	5	1000	48020	48021.936	49	4.001	3	2	4	5	1	32451	0	1000	1376	336	0	3	2	4	5	1	1340	1592	1916	2232	2496	6000	5000	1	1	1	1	1	1
5	10	1	5	1000	53020	53021.922	54	1.999	1	3	2	5	4	13254	0	1000	1354	362	0	1	3	2	5	4	1366	1632	1920	2240	2524	6000	5000	1	1	1	1	1	1
5	11	0	5	1000	58020	58021.936	59	0	1	4	5	2	3	14523	0	1000	1608	394	0	1	4	5	2	3	1398	1668	2004	2490	2794	6000	5000	1	1	1	1	1	1
5	12	0	5	1000	63020	63021.947	63	998.012	1	3	2	5	4	13254	0	1000	1794	784	0	1	3	2	5	4	1788	2426	2756	3160	3376	6000	5000	1	1	1	1	1	1
5	13	1	5	1000	68020	68021.934	68	997.995	1	3	2	5	4	13254	0	1000	1260	380	0	1	3	2	5	4	1384	1680	1938	2210	2408	6000	5000	1	1	1	1	1	1
5	14	0	5	1000	73020	73021.921	73	996.002	3	2	4	5	1	32451	0	1000	1292	322	0	3	2	4	5	1	1326	1574	1890	2180	2394	6000	5000	1	1	1	1	1	1
5	15	1	5	1000	78020	78021.938	78	994.015	3	5	1	2	4	35124	0	1000	1330	242	0	3	5	1	2	4	1246	1498	1772	2072	2332	6000	5000	1	1	1	1	1	1
5	16	0	5	1000	83020	83021.93	83	991.979	3	5	1	2	4	35124	0	1000	1376	658	0	3	5	1	2	4	1662	1944	2276	2610	2838	6000	5000	1	1	1	1	1	1
5	17	1	5	1000	88020	88021.923	88	989.987	1	3	2	5	4	13254	0	16000	1346	364	0	1	3	2	5	4	1368	1656	1946	2226	2506	6000	5000	1	1	1	1	1	1
5	18	1	5	1000	108020	108021.933	108	983.901	1	3	2	5	4	13254	0	1000	1542	456	0	1	3	2	5	4	1460	1762	2066	2442	2800	6000	5000	1	1	1	1	1	1
5	19	1	5	1000	113020	113021.944	113	982.009	3	2	4	5	1	32451	0	1000	1456	248	0	3	2	4	5	1	1252	1534	1850	2160	2470	6000	5000	1	1	1	1	1	1
5	20	0	5	1000	118020	118021.945	118	979.99	3	5	1	2	4	35124	0	1000	1330	424	0	3	5	1	2	4	1428	1716	1990	2324	2524	6000	5000	1	1	1	1	1	1
5	21	0	5	1000	123020	123021.923	123	977.976	3	5	1	2	4	35124	0	1000	1362	380	0	3	5	1	2	4	1384	1638	1932	2258	2518	6000	5000	1	1	1	1	1	1
5	22	0	5	1000	128020	128021.92	128	975.997	1	4	5	2	3	14523	0	1000	1568	408	1	1	4	5	2	4	1412	1728	2066	2462	2768	6000	5000	0	1	1	1	1	1
5	23	1	5	1000	133020	133021.931	133	974.008	3	5	1	2	4	35124	0	1000	1382	336	0	3	5	1	2	4	1340	1610	1942	2224	2512	6000	5000	1	1	1	1	1	1
5	24	0	5	1000	138020	138021.944	138	974.008	1	3	2	5	4	13254	0	1000	1482	374	0	1	3	2	5	4	1378	1690	2026	2342	2626	6000	5000	1	1	1	1	1	1
5	25	1	5	1000	143020	143021.934	143	972.011	1	4	5	2	3	14523	0	1000	1522	258	0	1	4	5	2	3	1262	1570	1896	2254	2572	6000	5000	1	1	1	1	1	1
5	26	0	5	1000	148020	148021.944	148	970.031	1	4	5	2	3	14523	0	1000	1876	630	0	1	4	5	2	3	1634	1960	2654	3012	3316	6000	5000	1	1	1	1	1	1
5	27	1	5	1000	153020	153021.928	153	967.905	1	4	5	2	3	14523	0	1000	1398	410	0	1	4	5	2	3	1414	1696	2008	2322	2596	6000	5000	1	1	1	1	1	1
5	28	0	5	1000	158020	158021.923	158	965.914	3	2	4	5	1	32451	0	1000	1350	364	0	3	2	4	5	1	1368	1616	1918	2234	2492	6000	5000	1	1	1	1	1	1
5	29	0	5	1000	163020	163021.924	163	963.996	1	4	5	2	3	14523	0	1000	1588	570	0	1	4	5	2	3	1574	1880	2206	2662	2968	6000	5000	1	1	1	1	1	1
5	30	0	5	1000	168020	168021.924	168	962.001	1	4	5	2	3	14523	0	1000	1796	480	0	1	4	5	2	3	1484	1752	2190	2754	3058	6000	5000	1	1	1	1	1	1
5	31	1	5	1000	173020	173021.983	173	962.061	1	3	2	5	4	13254	0	1000	1554	330	0	1	3	2	5	4	1334	1654	1996	2372	2680	6000	5000	1	1	1	1	1	1
5	32	1	5	1000	178020	178021.922	178	959.999	1	4	5	2	3	14523	0	1000	1496	352	0	1	4	5	2	3	1356	1656	1970	2324	2638	6000	5000	1	1	1	1	1	1
5	33	1	5	1000	183020	183021.923	183	957.991	1	4	5	2	3	14523	0	1000	1338	334	0	1	4	5	2	3	1338	1638	1930	2218	2474	6000	5000	1	1	1	1	1	1
5	34	1	5	1000	188020	188021.922	188	955.904	1	3	2	5	4	13254	0	16000	1302	364	0	1	3	2	5	4	1368	1642	1938	2238	2480	6000	5000	1	1	1	1	1	1
5	35	1	5	1000	208020	208021.934	208	950.015	1	3	2	5	4	13254	0	1000	1386	468	0	1	3	2	5	4	1472	1776	2108	2344	2650	6000	5000	1	1	1	1	1	1
5	36	0	5	1000	213020	213021.921	213	947.987	1	3	2	5	4	13254	0	1000	1638	392	0	1	3	2	5	4	1396	1718	2070	2554	2832	6000	5000	1	1	1	1	1	1
5	37	1	5	1000	218020	218021.934	218	946.023	3	5	1	2	4	35124	0	1000	1230	360	0	3	5	1	2	4	1364	1590	1860	2128	2388	6000	5000	1	1	1	1	1	1
5	38	0	5	1000	223020	223020.003	223	942.068	3	2	4	5	1	32451	0	1000	1188	472	0	3	2	4	5	1	1476	1722	1964	2232	2420	6000	5000	1	1	1	1	1	1
5	39	0	5	1000	228020	228021.912	228	941.999	3	2	4	5	1	32451	0	1000	1036	298	0	3	2	4	5	1	1302	1498	1700	1932	2088	6000	5000	1	1	1	1	1	1
5	40	0	5	1000	233020	233021.892	233	939.996	1	3	2	5	4	13254	0	1000	1916	410	1	1	3	2	4	4	1414	1726	2008	2314	3132	6000	5000	0	1	1	1	1	1
5	41	0	5	1000	238020	238021.912	238	940.006	3	5	1	2	4	35124	0	1000	1392	372	0	3	5	1	2	4	1376	1584	1898	2296	2572	6000	5000	1	1	1	1	1	1
5	42	1	5	1000	243020	243021.89	243	935.996	3	5	1	2	4	35124	0	1000	1288	354	0	3	5	1	2	4	1358	1622	1900	2184	2444	6000	5000	1	1	1	1	1	1
5	43	1	5	1000	248020	248021.923	248	936.008	1	4	5	2	3	14523	0	1000	1332	310	0	1	4	5	2	3	1314	1580	1870	2188	2450	6000	5000	1	1	1	1	1	1
5	44	0	5	1000	253020	253021.907	253	933.979	1	3	2	5	4	13254	0	1000	1536	372	0	1	3	2	5	4	1376	1686	1970	2410	2716	6000	5000	1	1	1	1	1	1
5	45	0	5	1000	258020	258021.923	258	931.999	1	3	2	5	4	13254	0	1000	1534	382	0	1	3	2	5	4	1386	1710	2044	2474	2740	6000	5000	1	1	1	1	1	1
5	46	0	5	1000	263020	263021.891	263	929.986	1	4	5	2	3	14523	0	1000	1922	400	0	1	4	5	2	3	1404	1968	2318	2734	3124	6000	5000	1	1	1	1	1	1
5	47	1	5	1000	268020	268021.914	268	927.999	3	2	4	5	1	32451	0	1000	1354	338	0	3	2	4	5	1	1342	1652	1920	2210	2452	6000	5000	1	1	1	1	1	1
5	48	0	5	1000	273020	273021.925	273	926.015	1	3	2	5	4	13254	0	1000	1464	314	0	1	3	2	5	4	1318	1598	1938	2314	2576	6000	5000	1	1	1	1	1	1
5	49	0	5	1000	278020	278021.922	278	924.007	3	2	4	5	1	32451	0	1000	1602	342	0	3	2	4	5	1	1346	1656	1988	2350	2700	6000	5000	1	1	1	1	1	1
5	50	1	5	1000	283020	283021.898	283	923.987	1	4	5	2	3	14523	0	1000	1486	344	0	1	4	5	2	3	1348	1638	1936	2312	2646	6000	5000	1	1	1	1	1	1
5	51	1	5	1000	288020	288021.91	288	921.997	3	5	1	2	4	35124	0	16000	1420	360	0	3	5	1	2	4	1364	1634	1942	2228	2554	6000	5000	1	1	1	1	1	1
5	52	1	5	1000	308020	308021.916	308	914.016	3	5	1	2	4	35124	0	1000	2340	458	1	3	5	2	2	3	1462	1752	2080	3298	3608	6000	5000	0	1	1	1	1	1
5	53	1	5	1000	313020	313021.912	313	912.001	3	5	1	2	4	35124	0	1000	1598	382	0	3	5	1	2	4	1386	1686	2084	2432	2808	6000	5000	1	1	1	1	1	1
5	54	1	5	1000	318020	318021.895	318	911.982	1	3	2	5	4	13254	0	1000	1702	386	0	1	3	2	5	4	1390	1740	2116	2532	2880	6000	5000	1	1	1	1	1	1
5	55	1	5	1000	323020	323021.91	323	909.996	1	3	2	5	4	13254	0	1000	1564	384	0	1	3	2	5	4	1388	1724	2110	2474	2782	6000	5000	1	1	1	1	1	1
5	56	1	5	1000	328020	328021.909	328	907.979	3	5	1	2	4	35124	0	1000	1480	348	0	3	5	1	2	4	1352	1604	1934	2284	2632	6000	5000	1	1	1	1	1	1
5	57	1	5	1000	333020	333021.912	333	906	3	2	4	5	1	32451	0	1000	1412	294	0	3	2	4	5	1	1298	1614	1912	2214	2476	6000	5000	1	1	1	1	1	1
5	58	1	5	1000	338020	338021.913	338	903.999	3	2	4	5	1	32451	0	1000	1354	338	0	3	2	4	5	1	1342	1646	1932	2228	2490	6000	5000	1	1	1	1	1	1
5	59	0	5	1000	343020	343021.911	343	901.999	3	2	4	5	1	32451	0	1000	1388	542	0	3	2	4	5	1	1546	1862	2160	2460	2692	6000	5000	1	1	1	1	1	1
5	60	0	5	1000	348020	348021.91	348	900	3	5	1	2	4	35124	0	1000	1338	500	0	3	5	1	2	4	1504	1740	2070	2432	2676	6000	5000	1	1	1	1	1	1
5	61	1	5	1000	353020	353021.91	353	899.996	3	2	4	5	1	32451	0	1000	1430	338	0	3	2	4	5	1	1342	1656	1946	2258	2552	6000	5000	1	1	1	1	1	1
5	62	1	5	1000	358020	358021.912	358	898	1	4	5	2	3	14523	0	1000	1748	390	0	1	4	5	2	3	1394	1716	2018	2364	2968	6000	5000	1	1	1	1	1	1
5	63	0	5	1000	363020	363021.931	363	896.016	3	5	1	2	4	35124	0	1000	1652	558	0	3	5	1	2	4	1562	1856	2162	2610	3012	6000	5000	1	1	1	1	1	1
5	64	1	5	1000	368020	368021.915	368	894.003	1	4	5	2	3	14523	0	1000	1664	380	0	1	4	5	2	3	1384	1698	2016	2356	2840	6000	5000	1	1	1	1	1	1
5	65	1	5	1000	373020	373021.922	373	891.996	3	2	4	5	1	32451	0	1000	1456	272	0	3	2	4	5	1	1276	1586	1882	2210	2470	6000	5000	1	1	1	1	1	1
5	66	1	5	1000	378020	378021.919	378	890.001	3	5	1	2	4	35124	0	1000	1452	284	0	3	5	1	2	4	1288	1514	1846	2214	2518	6000	5000	1	1	1	1	1	1
5	67	0	5	1000	383020	383021.893	383	887.969	1	4	5	2	3	14523	0	1000	1902	476	0	1	4	5	2	3	1480	1846	2348	2820	3174	6000	5000	1	1	1	1	1	1
5	68	0	5	1000	388020	388021.918	388	887.992	3	2	4	5	1	32451	0	16000	1948	484	0	3	2	4	5	1	1488	1830	2514	2868	3184	6000	5000	1	1	1	1	1	1
6	1	0	5	1000	8020	8020.025	9	14.012	3	5	1	2	4	35124	0	1000	1606	398	0	3	5	1	2	4	1402	1684	1994	2438	2822	6000	5000	1	1	1	1	1	1
6	2	1	5	1000	13020	13020.035	14	14.01	3	2	4	5	1	32451	0	1000	1254	276	0	3	2	4	5	1	1280	1548	1812	2086	2284	6000	5000	1	1	1	1	1	1
6	3	1	5	1000	18020	18020.01	19	11.986	3	2	4	5	1	32451	0	1000	1356	276	0	3	2	4	5	1	1280	1562	1858	2180	2402	6000	5000	1	1	1	1	1	1
6	4	0	5	1000	23020	23020.034	24	10.018	1	4	5	2	3	14523	0	1000	1508	170	0	1	4	5	2	3	1174	1486	1820	2162	2484	6000	5000	1	1	1	1	1	1
6	5	0	5	1000	28020	28020.007	29	7.994	3	5	1	2	4	35124	0	1000	1380	326	0	3	5	1	2	4	1330	1590	1872	2218	2490	6000	5000	1	1	1	1	1	1
6	6	0	5	1000	33020	33020.024	34	5.924	1	3	2	5	4	13254	0	1000	1650	428	0	1	3	2	5	4	1432	1738	2106	2542	2862	6000	5000	1	1	1	1	1	1
6	7	0	5	1000	38020	38020.032	39	4.022	1	3	2	5	4	13254	0	1000	1506	470	0	1	3	2	5	4	1474	1800	2084	2504	2788	6000	5000	1	1	1	1	1	1
6	8	0	5	1000	43020	43020.013	44	2.032	1	4	5	2	3	14523	0	1000	1648	244	0	1	4	5	2	3	1248	1566	1934	2314	2668	6000	5000	1	1	1	1	1	1
6	9	0	5	1000	48020	48020.002	49	2.001	1	3	2	5	4	13254	0	1000	1590	330	0	1	3	2	5	4	1334	1630	1964	2428	2722	6000	5000	1	1	1	1	1	1
6	10	0	5	1000	53020	53020.022	54	0	3	2	4	5	1	32451	0	1000	1296	292	0	3	2	4	5	1	1296	1548	1850	2130	2338	6000	5000	1	1	1	1	1	1
6	11	1	5	1000	58020	58020.024	58	997.89	3	5	1	2	4	35124	0	1000	1330	370	0	3	5	1	2	4	1374	1560	1826	2110	2526	6000	5000	1	1	1	1	1	1
6	12	0	5	1000	63020	63020.035	63	995.896	1	4	5	2	3	14523	0	1000	1552	340	0	1	4	5	2	3	1344	1630	1978	2382	2692	6000	5000	1	1	1	1	1	1
6	13	0	5	1000	68020	68020.024	68	994	1	4	5	2	3	14523	0	1000	2204	324	0	1	4	5	2	3	1328	2090	2444	2934	3310	6000	5000	1	1	1	1	1	1
6	14	1	5	1000	73020	73020.033	73	991.998	1	3	2	5	4	13254	0	1000	1450	332	0	1	3	2	5	4	1336	1660	1990	2256	2544	6000	5000	1	1	1	1	1	1
6	15	0	5	1000	78020	78020.01	78	991.98	3	2	4	5	1	32451	0	1000	1304	342	0	3	2	4	5	1	1346	1604	1904	2200	2398	6000	5000	1	1	1	1	1	1
6	16	1	5	1000	83020	83020.012	83	990	1	3	2	5	4	13254	0	1000	1586	286	0	1	3	2	5	4	1290	1630	1942	2318	2684	6000	5000	1	1	1	1	1	1
6	17	1	5	1000	88020	88020.013	88	988.002	3	5	1	2	4	35124	0	16000	1574	358	0	3	5	1	2	4	1362	1654	1948	2328	2750	6000	5000	1	1	1	1	1	1
6	18	1	5	1000	108020	108020.012	108	979.999	3	5	1	2	4	35124	0	1000	1510	522	0	3	5	1	2	4	1526	1806	2124	2496	2842	6000	5000	1	1	1	1	1	1
6	19	1	5	1000	113020	113020.002	113	979.99	1	4	5	2	3	14523	0	1000	1476	334	0	1	4	5	2	3	1338	1642	1932	2300	2612	6000	5000	1	1	1	1	1	1
6	20	1	5	1000	118020	118020.032	118	978.031	3	2	4	5	1	32451	0	1000	1146	290	0	3	2	4	5	1	1294	1566	1820	2058	2200	6000	5000	1	1	1	1	1	1
6	21	0	5	1000	123020	123020.024	123	975.986	3	2	4	5	1	32451	0	1000	1300	296	0	3	2	4	5	1	1300	1562	1838	2152	2364	6000	5000	1	1	1	1	1	1
6	22	0	5	1000	128020	128020.009	128	973.997	3	5	1	2	4	35124	0	1000	1324	300	0	3	5	1	2	4	1304	1534	1772	2214	2448	6000	5000	1	1	1	1	1	1
6	23	0	5	1000	133020	133020.032	133	972.01	3	5	1	2	4	35124	0	1000	1348	364	0	3	5	1	2	4	1368	1600	1844	2252	2528	6000	5000	1	1	1	1	1	1
6	24	0	5	1000	138020	138020.032	138	969.928	1	4	5	2	3	14523	0	1000	1504	336	0	1	4	5	2	3	1340	1638	1934	2326	2626	6000	5000	1	1	1	1	1	1
6	25	1	5	1000	143020	143020.024	143	970.039	1	4	5	2	3	14523	0	1000	1664	326	0	1	4	5	2	3	1330	1610	1868	2456	2802	6000	5000	1	1	1	1	1	1
6	26	0	5	1000	148020	148020.023	148	967.932	3	2	4	5	1	32451	0	1000	1234	282	0	3	2	4	5	1	1286	1548	1814	2094	2238	6000	5000	1	1	1	1	1	1
6	27	0	5	1000	153020	153020.073	153	966.074	3	2	4	5	1	32451	0	1000	1010	318	0	3	2	4	5	1	1322	1520	1742	1962	2094	6000	5000	1	1	1	1	1	1
6	28	0	5	1000	158020	158020.013	158	963.995	1	4	5	2	3	14523	0	1000	1762	212	0	1	4	5	2	3	1216	1646	1982	2322	2780	6000	5000	1	1	1	1	1	1
6	29	1	5	1000	163020	163020.009	163	961.97	3	5	1	2	4	35124	0	1000	1384	420	0	3	5	1	2	4	1424	1698	1932	2222	2544	6000	5000	1	1	1	1	1	1
6	30	1	5	1000	168020	168020.015	168	960.003	3	5	1	2	4	35124	0	1000	1332	274	0	3	5	1	2	4	1278	1592	1860	2156	2404	6000	5000	1	1	1	1	1	1
6	31	0	5	1000	173020	173020.037	173	958.023	3	5	1	2	4	35124	0	1000	1250	290	0	3	5	1	2	4	1294	1566	1750	2052	2334	6000	5000	1	1	1	1	1	1
6	32	1	5	1000	178020	178020.023	178	956.011	1	4	5	2	3	14523	0	1000	1330	314	0	1	4	5	2	3	1318	1586	1850	2152	2442	6000	5000	1	1	1	1	1	1
6	33	1	5	1000	183020	183020.011	183	956.002	1	3	2	5	4	13254	0	1000	1340	286	0	1	3	2	5	4	1290	1568	1846	2120	2370	6000	5000	1	1	1	1	1	1
6	34	1	5	1000	188020	188020.013	188	954.002	1	3	2	5	4	13254	0	16000	1704	292	0	1	3	2	5	4	1296	1620	2056	2448	2794	6000	5000	1	1	1	1	1	1
6	35	1	5	1000	208020	208022.105	208	948.093	1	3	2	5	4	13254	0	1000	0	518	1	1	4	2	5	4	1522	1838	3172	3598	3856	6000	5000	0	1	1	1	1	1
6	36	0	5	1000	213020	213020.041	213	944.027	1	4	5	2	3	14523	0	1000	1454	434	0	1	4	5	2	3	1438	1742	2078	2400	2700	6000	5000	1	1	1	1	1	1
6	37	1	5	1000	218020	218020.031	218	944.018	3	2	4	5	1	32451	0	1000	1610	296	0	3	2	4	5	1	1300	1520	1764	2052	2716	6000	5000	1	1	1	1	1	1
6	38	1	5	1000	223020	223020.035	223	942.01	1	3	2	5	4	13254	0	1000	2138	354	1	1	3	2	4	4	1358	1702	2046	2652	3320	6000	5000	0	1	1	1	1	1
6	39	1	5	1000	228020	228020.013	228	939.999	1	4	5	2	3	14523	0	1000	1588	316	0	1	4	5	2	3	1320	1666	1994	2366	2696	6000	5000	1	1	1	1	1	1
6	40	1	5	1000	233020	233020.001	233	938.024	1	4	5	2	3	14523	0	1000	1462	290	0	1	4	5	2	3	1294	1606	1918	2210	2542	6000	5000	1	1	1	1	1	1
6	41	0	5	1000	238020	238020.016	238	936.005	1	4	5	2	3	14523	0	1000	1596	320	0	1	4	5	2	3	1324	1624	1946	2394	2694	6000	5000	1	1	1	1	1	1
6	42	0	5	1000	243020	243020.001	243	933.999	3	2	4	5	1	32451	0	1000	1446	288	0	3	2	4	5	1	1292	1562	1860	2198	2486	6000	5000	1	1	1	1	1	1
6	43	1	5	1000	248020	248020.002	248	932.002	3	2	4	5	1	32451	0	1000	1438	320	0	3	2	4	5	1	1324	1600	1912	2212	2472	6000	5000	1	1	1	1	1	1
6	44	1	5	1000	253020	253022.009	253	934.008	1	4	5	2	3	14523	0	1000	1450	306	0	1	4	5	2	3	1310	1588	1914	2240	2522	6000	5000	1	1	1	1	1	1
6	45	0	5	1000	258020	258022.003	258	931.997	1	3	2	5	4	13254	0	1000	1528	344	0	1	3	2	5	4	1348	1642	1934	2354	2624	6000	5000	1	1	1	1	1	1
6	46	0	5	1000	263020	263020.014	263	928.004	3	5	1	2	4	35124	0	1000	1456	576	0	3	5	1	2	4	1580	1876	2182	2546	2830	6000	5000	1	1	1	1	1	1
6	47	1	5	1000	268020	268020.032	268	926.024	3	5	1	2	4	35124	0	1000	1604	318	0	3	5	1	2	4	1322	1600	1944	2284	2712	6000	5000	1	1	1	1	1	1
6	48	1	5	1000	273020	273020.023	273	924.012	3	2	4	5	1	32451	0	1000	1418	216	0	3	2	4	5	1	1220	1514	1812	2114	2360	6000	5000	1	1	1	1	1	1
6	49	0	5	1000	278020	278020.001	278	921.985	3	5	1	2	4	35124	0	1000	1328	338	0	3	5	1	2	4	1342	1612	1884	2206	2438	6000	5000	1	1	1	1	1	1
6	50	1	5	1000	283020	283020.004	283	920.006	1	3	2	5	4	13254	0	1000	1310	324	0	1	3	2	5	4	1328	1598	1890	2150	2426	6000	5000	1	1	1	1	1	1
6	51	0	5	1000	288020	288020.013	288	920	1	3	2	5	4	13254	0	16000	1372	370	0	1	3	2	5	4	1374	1658	1946	2294	2502	6000	5000	1	1	1	1	1	1
6	52	0	5	1000	308020	308020.004	308	912.021	1	3	2	5	4	13254	0	1000	1720	420	0	1	3	2	5	4	1424	1708	2080	2556	2900	6000	5000	1	1	1	1	1	1
6	53	1	5	1000	313020	313020.003	313	910.003	1	3	2	5	4	13254	0	1000	1278	264	0	1	3	2	5	4	1268	1556	1848	2122	2356	6000	5000	1	1	1	1	1	1
6	54	1	5	1000	318020	318022.003	318	910.002	3	2	4	5	1	32451	0	1000	1336	276	0	3	2	4	5	1	1280	1578	1844	2158	2376	6000	5000	1	1	1	1	1	1
6	55	1	5	1000	323020	323020	323	907.983	3	5	1	2	4	35124	0	1000	1652	190	0	3	5	1	2	4	1194	1466	1716	1986	2670	6000	5000	1	1	1	1	1	1
6	56	1	5	1000	328020	328021.999	328	908.016	1	3	2	5	4	13254	0	1000	1470	338	0	1	3	2	5	4	1342	1614	1922	2318	2598	6000	5000	1	1	1	1	1	1
6	57	0	5	1000	333020	333020.013	333	903.986	3	5	1	2	4	35124	0	1000	1538	360	0	3	5	1	2	4	1364	1640	1904	2418	2702	6000	5000	1	1	1	1	1	1
6	58	0	5	1000	338020	338020.001	338	902	3	2	4	5	1	32451	0	1000	1374	332	0	3	2	4	5	1	1336	1618	1916	2252	2476	6000	5000	1	1	1	1	1	1
6	59	1	5	1000	343020	343020.011	343	900	1	4	5	2	3	14523	0	1000	1526	354	0	1	4	5	2	3	1358	1628	1950	2300	2690	6000	5000	1	1	1	1	1	1
6	60	1	5	1000	348020	348020	348	898	3	5	1	2	4	35124	0	1000	1584	342	0	3	5	1	2	4	1346	1690	2054	2402	2666	6000	5000	1	1	1	1	1	1
6	61	0	5	1000	353020	353020.011	353	896.014	3	2	4	5	1	32451	0	1000	1270	312	0	3	2	4	5	1	1316	1560	1844	2134	2288	6000	5000	1	1	1	1	1	1
6	62	0	5	1000	358020	358020.001	358	895.969	1	3	2	5	4	13254	0	1000	1388	432	0	1	3	2	5	4	1436	1688	1954	2384	2612	6000	5000	1	1	1	1	1	1
6	63	1	5	1000	363020	363020.001	363	894.001	3	5	1	2	4	35124	0	1000	1294	302	0	3	5	1	2	4	1306	1592	1810	2130	2384	6000	5000	1	1	1	1	1	1
6	64	0	5	1000	368020	368020.001	368	892.003	1	3	2	5	4	13254	0	1000	1542	336	0	1	3	2	5	4	1340	1642	1882	2364	2654	6000	5000	1	1	1	1	1	1
6	65	1	5	1000	373020	373020.007	373	889.988	3	2	4	5	1	32451	0	1000	1268	388	0	3	2	4	5	1	1392	1672	1922	2216	2396	6000	5000	1	1	1	1	1	1
6	66	0	5	1000	378020	378020.002	378	887.999	1	3	2	5	4	13254	0	1000	1428	338	0	1	3	2	5	4	1342	1642	1962	2254	2548	6000	5000	1	1	1	1	1	1
6	67	1	5	1000	383020	383022.003	383	887.991	1	4	5	2	3	14523	0	1000	1502	332	0	1	4	5	2	3	1336	1642	1954	2282	2628	6000	5000	1	1	1	1	1	1
6	68	0	5	1000	388020	388020.002	388	884.022	3	5	1	2	4	35124	0	16000	1496	280	0	3	5	1	2	4	1284	1582	1856	2262	2544	6000	5000	1	1	1	1	1	1
7	1	0	5	1000	8020	8020.002	9	15.971	1	4	5	2	3	14523	0	1000	1490	386	1	1	4	5	2	4	1390	1702	2040	2442	2770	6000	5000	0	1	1	1	1	1
7	2	0	5	1000	13020	13020.002	14	13.964	3	5	1	2	4	35124	0	1000	1384	358	0	3	5	1	2	4	1362	1606	1858	2278	2540	6000	5000	1	1	1	1	1	1
7	3	1	5	1000	18020	18020.014	19	11.999	1	3	2	5	4	13254	0	1000	1846	286	1	1	3	4	5	4	1290	1612	1650	2556	2930	6000	5000	0	1	1	1	1	1
7	4	0	5	1000	23020	23020.07	24	10.07	1	3	2	5	4	13254	0	1000	1614	274	0	1	3	2	5	4	1278	1594	1914	2346	2658	6000	5000	1	1	1	1	1	1
7	5	1	5	1000	28020	28022	29	12.008	1	4	5	2	3	14523	0	1000	1456	288	0	1	4	5	2	3	1292	1594	1882	2228	2538	6000	5000	1	1	1	1	1	1
7	6	0	5	1000	33020	33020.035	34	7.946	3	5	1	2	4	35124	0	1000	1562	302	0	3	5	1	2	4	1306	1556	1818	2224	2666	6000	5000	1	1	1	1	1	1
7	7	1	5	1000	38020	38020.042	39	6.018	3	2	4	5	1	32451	0	1000	1284	266	0	3	2	4	5	1	1270	1536	1820	2100	2310	6000	5000	1	1	1	1	1	1
7	8	1	5	1000	43020	43021.989	44	5.998	3	5	1	2	4	35124	0	1000	2376	224	1	3	5	2	2	4	1228	1502	2170	2932	3410	6000	5000	0	1	1	1	1	1
7	9	0	5	1000	48020	48020.002	49	1.998	3	2	4	5	1	32451	0	1000	0	626	1	3	2	5	5	1	1630	1990	2456	3534	3884	6000	5000	0	1	1	1	1	1
7	10	0	5	1000	53020	53020	54	0	1	4	5	2	3	14523	0	1000	1666	408	0	1	4	5	2	3	1412	1740	2074	2506	2876	6000	5000	1	1	1	1	1	1
7	11	0	5	1000	58020	58020.023	58	1000.034	3	2	4	5	1	32451	0	1000	1672	300	0	3	2	4	5	1	1304	1638	1964	2390	2722	6000	5000	1	1	1	1	1	1
7	12	0	5	1000	63020	63020	63	997.976	3	2	4	5	1	32451	0	1000	1580	366	0	3	2	4	5	1	1370	1722	2110	2424	2714	6000	5000	1	1	1	1	1	1
7	13	0	5	1000	68020	68020.004	68	996.029	3	5	1	2	4	35124	0	1000	1660	316	0	3	5	1	2	4	1320	1568	1880	2460	2760	6000	5000	1	1	1	1	1	1
7	14	1	5	1000	73020	73022	73	995.872	1	4	5	2	3	14523	0	1000	1556	302	0	1	4	5	2	3	1306	1632	1958	2310	2660	6000	5000	1	1	1	1	1	1
7	15	1	5	1000	78020	78020.013	78	991.913	3	2	4	5	1	32451	0	1000	1436	240	0	3	2	4	5	1	1244	1552	1858	2168	2440	6000	5000	1	1	1	1	1	1
7	16	0	5	1000	83020	83022.096	83	992.095	3	5	1	2	4	35124	0	1000	1662	448	0	3	5	1	2	4	1452	1796	2166	2542	2900	6000	5000	1	1	1	1	1	1
7	17	0	5	1000	88020	88021.979	88	989.967	1	4	5	2	3	14523	0	16000	1964	256	0	1	4	5	2	3	1260	1600	1920	2662	3010	6000	5000	1	1	1	1	1	1
7	18	0	5	1000	108020	108020.012	108	982.006	1	4	5	2	3	14523	0	1000	1768	542	0	1	4	5	2	3	1546	1976	2350	2730	3098	6000	5000	1	1	1	1	1	1
7	19	1	5	1000	113020	113020.001	113	980.001	1	4	5	2	3	14523	0	1000	1650	238	0	1	4	5	2	3	1242	1608	1912	2304	2668	6000	5000	1	1	1	1	1	1
7	20	1	5	1000	118020	118020.012	118	978.013	1	4	5	2	3	14523	0	1000	1712	244	0	1	4	5	2	3	1248	1722	2026	2418	2752	6000	5000	1	1	1	1	1	1
7	21	0	5	1000	123020	123020.012	123	976.011	3	2	4	5	1	32451	0	1000	1898	304	0	3	2	4	5	1	1308	1656	2344	2650	2958	6000	5000	1	1	1	1	1	1
7	22	1	5	1000	128020	128020.013	128	975.95	3	2	4	5	1	32451	0	1000	1758	344	0	3	2	4	5	1	1348	1666	2242	2576	2864	6000	5000	1	1	1	1	1	1
7	23	1	5	1000	133020	133020	133	974.018	3	2	4	5	1	32451	0	1000	1406	312	0	3	2	4	5	1	1316	1624	1928	2256	2484	6000	5000	1	1	1	1	1	1
7	24	0	5	1000	138020	138022.002	138	973.973	1	4	5	2	3	14523	0	1000	1618	328	0	1	4	5	2	3	1332	1670	2024	2384	2732	6000	5000	1	1	1	1	1	1
7	25	1	5	1000	143020	143020.013	143	970.022	1	3	2	5	4	13254	0	1000	1518	362	0	1	3	2	5	4	1366	1674	2014	2366	2680	6000	5000	1	1	1	1	1	1
7	26	1	5	1000	148020	148020.01	148	968.01	1	4	5	2	3	14523	0	1000	1474	244	0	1	4	5	2	3	1248	1568	1890	2220	2508	6000	5000	1	1	1	1	1	1
7	27	1	5	1000	153020	153022.012	153	968	3	5	1	2	4	35124	0	1000	1472	298	0	3	5	1	2	4	1302	1604	1900	2208	2546	6000	5000	1	1	1	1	1	1
7	28	1	5	1000	158020	158020.012	158	963.999	3	5	1	2	4	35124	0	1000	1568	310	0	3	5	1	2	4	1314	1576	1846	2132	2698	6000	5000	1	1	1	1	1	1
7	29	1	5	1000	163020	163020.027	163	964.022	3	2	4	5	1	32451	0	1000	1672	320	0	3	2	4	5	1	1324	1620	1886	2154	2790	6000	5000	1	1	1	1	1	1
7	30	0	5	1000	168020	168020.012	168	962.004	1	3	2	5	4	13254	0	1000	1542	304	0	1	3	2	5	4	1308	1628	1956	2308	2596	6000	5000	1	1	1	1	1	1
7	31	0	5	1000	173020	173022	173	962.001	3	5	1	2	4	35124	0	1000	1502	378	0	3	5	1	2	4	1382	1718	2002	2376	2664	6000	5000	1	1	1	1	1	1
7	32	1	5	1000	178020	178020.029	178	958.029	3	5	1	2	4	35124	0	1000	1406	316	0	3	5	1	2	4	1320	1608	1876	2200	2498	6000	5000	1	1	1	1	1	1
7	33	0	5	1000	183020	183020.016	183	956.004	1	3	2	5	4	13254	0	1000	1708	290	0	1	3	2	5	4	1294	1602	1950	2422	2770	6000	5000	1	1	1	1	1	1
7	34	1	5	1000	188020	188020.013	188	954.001	3	5	1	2	4	35124	0	16000	1514	380	0	3	5	1	2	4	1384	1684	1996	2362	2682	6000	5000	1	1	1	1	1	1
7	35	1	5	1000	208020	208020.013	208	947.996	3	5	1	2	4	35124	0	1000	1604	502	0	3	5	1	2	4	1506	1814	2146	2546	2890	6000	5000	1	1	1	1	1	1
7	36	1	5	1000	213020	213020.016	213	946.001	1	4	5	2	3	14523	0	1000	1504	328	0	1	4	5	2	3	1332	1618	1912	2218	2638	6000	5000	1	1	1	1	1	1
7	37	0	5	1000	218020	218020.016	218	944.017	1	4	5	2	3	14523	0	1000	2548	22	1	1	3	5	2	3	1026	1674	2580	3088	3364	6000	5000	0	1	1	1	1	1
7	38	1	5	1000	223020	223020.007	223	942.016	3	2	4	5	1	32451	0	1000	1324	452	0	3	2	4	5	1	1456	1764	2040	2348	2552	6000	5000	1	1	1	1	1	1
7	39	1	5	1000	228020	228021.992	228	942.005	1	3	2	5	4	13254	0	1000	1608	366	0	1	3	2	5	4	1370	1672	2010	2468	2788	6000	5000	1	1	1	1	1	1
7	40	0	5	1000	233020	233022.01	233	940.009	3	2	4	5	1	32451	0	1000	1504	404	0	3	2	4	5	1	1408	1712	2072	2412	2668	6000	5000	1	1	1	1	1	1
7	41	0	5	1000	238020	238020.001	238	938.003	1	3	2	5	4	13254	0	1000	1882	408	0	1	3	2	5	4	1412	1738	2090	2694	3094	6000	5000	1	1	1	1	1	1
7	42	1	5	1000	243020	243020.014	243	936.014	3	2	4	5	1	32451	0	1000	1418	384	0	3	2	4	5	1	1388	1708	2012	2314	2554	6000	5000	1	1	1	1	1	1
7	43	0	5	1000	248020	248021.99	248	935.997	3	2	4	5	1	32451	0	1000	1386	336	0	3	2	4	5	1	1340	1630	1922	2240	2490	6000	5000	1	1	1	1	1	1
7	44	1	5	1000	253020	253022.002	253	934.001	1	4	5	2	3	14523	0	1000	1538	310	0	1	4	5	2	3	1314	1618	1948	2286	2624	6000	5000	1	1	1	1	1	1
7	45	0	5	1000	258020	258021.97	258	931.983	1	3	2	5	4	13254	0	1000	1550	322	0	1	3	2	5	4	1326	1650	1990	2406	2670	6000	5000	1	1	1	1	1	1
7	46	0	5	1000	263020	263020.014	263	928.019	1	4	5	2	3	14523	0	1000	1660	478	0	1	4	5	2	3	1482	1766	2196	2632	2922	6000	5000	1	1	1	1	1	1
7	47	1	5	1000	268020	268021.991	268	927.995	3	5	1	2	4	35124	0	1000	1298	360	0	3	5	1	2	4	1364	1636	1924	2210	2438	6000	5000	1	1	1	1	1	1
7	48	1	5	1000	273020	273020.046	273	926.058	1	3	2	5	4	13254	0	1000	1228	298	0	1	3	2	5	4	1302	1544	1820	2098	2308	6000	5000	1	1	1	1	1	1
7	49	1	5	1000	278020	278022.003	278	926.004	1	3	2	5	4	13254	0	1000	1598	222	0	1	3	2	5	4	1226	1514	1826	2240	2606	6000	5000	1	1	1	1	1	1
7	50	1	5	1000	283020	283020.015	283	921.984	3	5	1	2	4	35124	0	1000	1654	278	0	3	5	1	2	4	1282	1576	1944	2254	2734	6000	5000	1	1	1	1	1	1
7	51	0	5	1000	288020	288021.993	288	922.005	3	5	1	2	4	35124	0	16000	1702	320	0	3	5	1	2	4	1324	1614	1832	2478	2810	6000	5000	1	1	1	1	1	1
7	52	0	5	1000	308020	308021.974	308	915.983	3	5	1	2	4	35124	0	1000	1492	398	0	3	5	1	2	4	1402	1710	1984	2410	2694	6000	5000	1	1	1	1	1	1
7	53	0	5	1000	313020	313021.99	313	913.999	3	5	1	2	4	35124	0	1000	1504	372	0	3	5	1	2	4	1376	1640	1888	2390	2670	6000	5000	1	1	1	1	1	1
7	54	0	5	1000	318020	318020.004	318	909.99	1	3	2	5	4	13254	0	1000	1536	368	0	1	3	2	5	4	1372	1688	2006	2370	2688	6000	5000	1	1	1	1	1	1
7	55	1	5	1000	323020	323021.991	323	910.004	1	3	2	5	4	13254	0	1000	1410	312	0	1	3	2	5	4	1316	1594	1916	2250	2548	6000	5000	1	1	1	1	1	1
7	56	0	5	1000	328020	328020.003	328	906.015	1	4	5	2	3	14523	0	1000	1552	464	0	1	4	5	2	3	1468	1780	2170	2476	2792	6000	5000	1	1	1	1	1	1
7	57	0	5	1000	333020	333020.02	333	904.029	1	4	5	2	3	14523	0	1000	2166	356	0	1	4	5	2	3	1360	1686	2026	3056	3306	6000	5000	1	1	1	1	1	1
7	58	0	5	1000	338020	338022.002	338	904.011	1	3	2	5	4	13254	0	1000	1810	344	0	1	3	2	5	4	1348	1842	2210	2606	2922	6000	5000	1	1	1	1	1	1
7	59	0	5	1000	343020	343020.001	343	901.999	1	3	2	5	4	13254	0	1000	1616	278	0	1	3	2	5	4	1282	1620	2018	2382	2698	6000	5000	1	1	1	1	1	1
7	60	0	5	1000	348020	348022.001	348	902.01	3	2	4	5	1	32451	0	1000	1506	362	0	3	2	4	5	1	1366	1654	1958	2360	2630	6000	5000	1	1	1	1	1	1
7	61	1	5	1000	353020	353021.992	353	900.002	1	3	2	5	4	13254	0	1000	1602	290	0	1	3	2	5	4	1294	1598	2040	2380	2674	6000	5000	1	1	1	1	1	1
7	62	1	5	1000	358020	358021.996	358	897.992	3	2	4	5	1	32451	0	1000	1476	326	0	3	2	4	5	1	1330	1616	1944	2276	2544	6000	5000	1	1	1	1	1	1
7	63	1	5	1000	363020	363021.99	363	895.996	1	4	5	2	3	14523	0	1000	1542	254	0	1	4	5	2	3	1258	1574	1878	2228	2562	6000	5000	1	1	1	1	1	1
7	64	1	5	1000	368020	368021.991	368	893.993	1	3	2	5	4	13254	0	1000	1564	332	0	1	3	2	5	4	1336	1644	1978	2300	2678	6000	5000	1	1	1	1	1	1
7	65	0	5	1000	373020	373022.025	373	892.029	3	5	1	2	4	35124	0	1000	1750	452	0	3	5	1	2	4	1456	1758	2036	2526	2972	6000	5000	1	1	1	1	1	1
7	66	0	5	1000	378020	378021.991	378	892.002	3	2	4	5	1	32451	0	1000	1358	404	0	3	2	4	5	1	1408	1652	1936	2262	2500	6000	5000	1	1	1	1	1	1
7	67	1	5	1000	383020	383021.993	383	889.995	3	5	1	2	4	35124	0	1000	1258	302	0	3	5	1	2	4	1306	1548	1780	2078	2348	6000	5000	1	1	1	1	1	1
7	68	0	5	1000	388020	388020.02	388	885.995	1	4	5	2	3	14523	0	16000	1578	418	0	1	4	5	2	3	1422	1786	2146	2484	2798	6000	5000	1	1	1	1	1	1
8	1	1	5	1000	8020	8020.005	9	16.002	3	5	1	2	4	35124	0	1000	1444	464	0	3	5	1	2	4	1468	1764	2076	2406	2706	6000	5000	1	1	1	1	1	1
8	2	0	5	1000	13020	13020.015	14	13.985	1	4	5	2	3	14523	0	1000	1576	554	0	1	4	5	2	3	1558	1888	2198	2552	2910	6000	5000	1	1	1	1	1	1
8	3	1	5	1000	18020	18020.025	19	12.007	1	3	2	5	4	13254	0	1000	1578	262	0	1	3	2	5	4	1266	1594	1926	2356	2646	6000	5000	1	1	1	1	1	1
8	4	1	5	1000	23020	23020.004	24	9.988	1	3	2	5	4	13254	0	1000	1370	336	0	1	3	2	5	4	1340	1634	1954	2244	2520	6000	5000	1	1	1	1	1	1
8	5	0	5	1000	28020	28020.096	29	10.094	1	4	5	2	3	14523	0	1000	1602	174	0	1	4	5	2	3	1178	1476	1844	2252	2560	6000	5000	1	1	1	1	1	1
8	6	0	5	1000	33020	33021.993	34	9.992	1	4	5	2	3	14523	0	1000	1378	268	0	1	4	5	2	3	1272	1544	1858	2142	2432	6000	5000	1	1	1	1	1	1
8	7	0	5	1000	38020	38020.024	39	6.015	1	3	2	5	4	13254	0	1000	1412	272	0	1	3	2	5	4	1276	1554	1834	2196	2452	6000	5000	1	1	1	1	1	1
8	8	0	5	1000	43020	43020.004	44	4.002	1	3	2	5	4	13254	0	1000	1916	482	0	1	3	2	5	4	1486	1790	2328	2790	3148	6000	5000	1	1	1	1	1	1
8	9	1	5	1000	48020	48020.046	49	2.03	1	4	5	2	3	14523	0	1000	1798	338	0	1	4	5	2	3	1342	1660	1962	2566	2918	6000	5000	1	1	1	1	1	1
8	10	1	5	1000	53020	53020.018	54	0	3	2	4	5	1	32451	0	1000	1364	278	0	3	2	4	5	1	1282	1572	1864	2188	2380	6000	5000	1	1	1	1	1	1
8	11	1	5	1000	58020	58020.004	58	999.99	1	3	2	5	4	13254	0	1000	1580	226	0	1	3	2	5	4	1230	1578	1872	2196	2568	6000	5000	1	1	1	1	1	1
8	12	1	5	1000	63020	63020.098	63	998.091	1	4	5	2	3	14523	0	1000	2262	282	1	1	4	5	1	3	1286	1604	1936	2464	3378	6000	5000	0	1	1	1	1	1
8	13	0	5	1000	68020	68020.106	68	996.103	3	5	1	2	4	35124	0	1000	1810	434	0	3	5	1	2	4	1438	1764	1934	2722	3030	6000	5000	1	1	1	1	1	1
8	14	0	5	1000	73020	73022.097	73	995.971	3	2	4	5	1	32451	0	1000	1400	410	0	3	2	4	5	1	1414	1690	1988	2324	2574	6000	5000	1	1	1	1	1	1
8	15	0	5	1000	78020	78020.018	78	992.014	3	5	1	2	4	35124	0	1000	1614	432	0	3	5	1	2	4	1436	1900	2204	2578	2838	6000	5000	1	1	1	1	1	1
8	16	0	5	1000	83020	83020.004	83	989.983	3	5	1	2	4	35124	0	1000	1322	454	0	3	5	1	2	4	1458	1804	2050	2372	2592	6000	5000	1	1	1	1	1	1
8	17	1	5	1000	88020	88022.015	88	989.999	3	5	1	2	4	35124	0	16000	1136	278	0	3	5	1	2	4	1282	1524	1742	2006	2210	6000	5000	1	1	1	1	1	1
8	18	1	5	1000	108020	108021.991	108	983.996	3	5	1	2	4	35124	0	1000	1250	318	0	3	5	1	2	4	1322	1556	1836	2142	2324	6000	5000	1	1	1	1	1	1
8	19	0	5	1000	113020	113020.029	113	980.025	3	2	4	5	1	32451	0	1000	1070	278	0	3	2	4	5	1	1282	1486	1670	1960	2120	6000	5000	1	1	1	1	1	1
8	20	1	5	1000	118020	118020.003	118	977.972	3	5	1	2	4	35124	0	1000	1380	254	0	3	5	1	2	4	1258	1476	1754	2128	2434	6000	5000	1	1	1	1	1	1
8	21	0	5	1000	123020	123022.005	123	977.865	1	3	2	5	4	13254	0	1000	1590	326	0	1	3	2	5	4	1330	1608	1888	2424	2718	6000	5000	1	1	1	1	1	1
8	22	1	5	1000	128020	128020.007	128	975.993	3	5	1	2	4	35124	0	1000	1186	348	0	3	5	1	2	4	1352	1576	1804	2138	2352	6000	5000	1	1	1	1	1	1
8	23	1	5	1000	133020	133020.011	133	973.985	3	5	1	2	4	35124	0	1000	1278	256	0	3	5	1	2	4	1260	1494	1744	2056	2338	6000	5000	1	1	1	1	1	1
8	24	1	5	1000	138020	138020.004	138	972	1	4	5	2	3	14523	0	1000	1230	298	1	1	4	5	2	4	1302	1532	1832	2132	2428	6000	5000	0	1	1	1	1	1
8	25	0	5	1000	143020	143020.004	143	969.999	1	4	5	2	3	14523	0	1000	1968	436	0	1	4	5	2	3	1440	2214	2524	2916	3192	6000	5000	1	1	1	1	1	1
8	26	0	5	1000	148020	148022.019	148	969.935	3	2	4	5	1	32451	0	1000	1374	512	0	3	2	4	5	1	1516	1774	2136	2442	2656	6000	5000	1	1	1	1	1	1
8	27	1	5	1000	153020	153020.004	153	965.962	3	2	4	5	1	32451	0	1000	1150	338	0	3	2	4	5	1	1342	1584	1808	2092	2252	6000	5000	1	1	1	1	1	1
8	28	1	5	1000	158020	158020.004	158	963.99	3	5	1	2	4	35124	0	1000	1264	216	0	3	5	1	2	4	1220	1478	1754	2012	2260	6000	5000	1	1	1	1	1	1
8	29	1	5	1000	163020	163020.015	163	964.011	1	3	2	5	4	13254	0	1000	1880	380	0	1	3	2	5	4	1384	1646	1876	2654	3058	6000	5000	1	1	1	1	1	1
8	30	0	5	1000	168020	168022.017	168	964.013	3	2	4	5	1	32451	0	1000	1544	406	0	3	2	4	5	1	1410	1674	2178	2496	2724	6000	5000	1	1	1	1	1	1
8	31	0	5	1000	173020	173020.015	173	960	3	2	4	5	1	32451	0	1000	1296	362	0	3	2	4	5	1	1366	1624	1932	2210	2406	6000	5000	1	1	1	1	1	1
8	32	1	5	1000	178020	178020.016	178	958.014	1	4	5	2	3	14523	0	1000	1368	332	0	1	4	5	2	3	1336	1590	1900	2232	2490	6000	5000	1	1	1	1	1	1
8	33	1	5	1000	183020	183021.993	183	957.977	3	5	1	2	4	35124	0	1000	1148	242	0	3	5	1	2	4	1246	1466	1708	1964	2168	6000	5000	1	1	1	1	1	1
8	34	1	5	1000	188020	188020.052	188	954.05	3	2	4	5	1	32451	0	16000	1074	396	0	3	2	4	5	1	1400	1642	1844	2102	2244	6000	5000	1	1	1	1	1	1
8	35	1	5	1000	208020	208020.004	208	947.971	3	2	4	5	1	32451	0	1000	1200	390	0	3	2	4	5	1	1394	1680	1900	2178	2348	6000	5000	1	1	1	1	1	1
8	36	0	5	1000	213020	213020.009	213	946.008	3	2	4	5	1	32451	0	1000	1272	648	0	3	2	4	5	1	1652	1916	2210	2518	2656	6000	5000	1	1	1	1	1	1
8	37	1	5	1000	218020	218020.005	218	943.989	1	3	2	5	4	13254	0	1000	1950	504	0	1	3	2	5	4	1508	1764	2412	2964	3274	6000	5000	1	1	1	1	1	1
8	38	0	5	1000	223020	223020.016	223	942.002	1	3	2	5	4	13254	0	1000	1528	364	0	1	3	2	5	4	1368	1666	1978	2386	2710	6000	5000	1	1	1	1	1	1
8	39	0	5	1000	228020	228021.99	228	941.997	1	4	5	2	3	14523	0	1000	1670	342	0	1	4	5	2	3	1346	1726	2070	2444	2794	6000	5000	1	1	1	1	1	1
8	40	1	5	1000	233020	233021.992	233	939.994	1	4	5	2	3	14523	0	1000	1512	392	0	1	4	5	2	3	1396	1708	1972	2348	2708	6000	5000	1	1	1	1	1	1
8	41	1	5	1000	238020	238020.006	238	938.01	1	3	2	5	4	13254	0	1000	1186	278	0	1	3	2	5	4	1282	1552	1800	2048	2282	6000	5000	1	1	1	1	1	1
8	42	1	5	1000	243020	243020.007	243	936.015	3	2	4	5	1	32451	0	1000	1074	256	0	3	2	4	5	1	1260	1494	1720	1968	2098	6000	5000	1	1	1	1	1	1
8	43	0	5	1000	248020	248021.974	248	935.981	1	3	2	5	4	13254	0	1000	1172	366	0	1	3	2	5	4	1370	1620	1864	2142	2346	6000	5000	1	1	1	1	1	1
8	44	1	5	1000	253020	253020.007	253	932.034	1	3	2	5	4	13254	0	1000	948	372	0	1	3	2	5	4	1376	1572	1786	1948	2108	6000	5000	1	1	1	1	1	1
8	45	1	5	1000	258020	258021.976	258	931.982	3	5	1	2	4	35124	0	1000	2098	398	0	3	5	1	2	4	1402	1620	1880	2710	3334	6000	5000	1	1	1	1	1	1
8	46	0	5	1000	263020	263021.996	263	930.005	3	5	1	2	4	35124	0	1000	1318	506	0	3	5	1	2	4	1510	1762	1960	2368	2622	6000	5000	1	1	1	1	1	1
8	47	1	5	1000	268020	268021.97	268	927.94	1	4	5	2	3	14523	0	1000	1960	370	0	1	4	5	2	3	1374	1712	2052	2750	3150	6000	5000	1	1	1	1	1	1
8	48	0	5	1000	273020	273020.006	273	926.013	1	3	2	5	4	13254	0	1000	1550	424	0	1	3	2	5	4	1428	1730	2106	2500	2820	6000	5000	1	1	1	1	1	1
8	49	0	5	1000	278020	278021.975	278	925.982	3	2	4	5	1	32451	0	1000	1764	318	0	3	2	4	5	1	1322	1614	1922	2284	2884	6000	5000	1	1	1	1	1	1
8	50	0	5	1000	283020	283021.993	283	923.998	1	3	2	5	4	13254	0	1000	1994	398	0	1	3	2	5	4	1402	1754	2092	2816	3176	6000	5000	1	1	1	1	1	1
8	51	1	5	1000	288020	288020.004	288	920.012	3	2	4	5	1	32451	0	16000	1246	700	0	3	2	4	5	1	1704	2022	2320	2628	2730	6000	5000	1	1	1	1	1	1
8	52	1	5	1000	308020	308021.981	308	915.975	3	2	4	5	1	32451	0	1000	1118	340	0	3	2	4	5	1	1344	1594	1804	2120	2228	6000	5000	1	1	1	1	1	1
8	53	1	5	1000	313020	313021.993	313	914	3	2	4	5	1	32451	0	1000	1074	294	0	3	2	4	5	1	1298	1530	1718	2028	2168	6000	5000	1	1	1	1	1	1
8	54	1	5	1000	318020	318021.985	318	911.969	1	4	5	2	3	14523	0	1000	1484	292	0	1	4	5	2	3	1296	1582	1914	2238	2590	6000	5000	1	1	1	1	1	1
8	55	1	5	1000	323020	323021.997	323	910.002	1	4	5	2	3	14523	0	1000	1360	328	0	1	4	5	2	3	1332	1588	1930	2252	2522	6000	5000	1	1	1	1	1	1
8	56	0	5	1000	328020	328020.006	328	905.992	3	2	4	5	1	32451	0	1000	1480	322	0	3	2	4	5	1	1326	1648	2064	2384	2578	6000	5000	1	1	1	1	1	1
8	57	0	5	1000	333020	333021.994	333	906.002	1	4	5	2	3	14523	0	1000	1486	374	0	1	4	5	2	3	1378	1664	2030	2354	2664	6000	5000	1	1	1	1	1	1
8	58	1	5	1000	338020	338021.993	338	903.992	3	2	4	5	1	32451	0	1000	1320	308	0	3	2	4	5	1	1312	1598	1886	2212	2444	6000	5000	1	1	1	1	1	1
8	59	0	5	1000	343020	343021.995	343	904.001	1	4	5	2	3	14523	0	1000	1604	314	0	1	4	5	2	3	1318	1624	1954	2368	2702	6000	5000	1	1	1	1	1	1
8	60	0	5	1000	348020	348020.004	348	900.03	3	5	1	2	4	35124	0	1000	1294	364	0	3	5	1	2	4	1368	1668	1906	2222	2454	6000	5000	1	1	1	1	1	1
8	61	1	5	1000	353020	353020.019	353	898.026	3	2	4	5	1	32451	0	1000	1088	244	0	3	2	4	5	1	1248	1494	1706	1972	2104	6000	5000	1	1	1	1	1	1
8	62	0	5	1000	358020	358021.979	358	897.954	3	5	1	2	4	35124	0	1000	1208	262	0	3	5	1	2	4	1266	1526	1726	2064	2284	6000	5000	1	1	1	1	1	1
8	63	1	5	1000	363020	363021.997	363	895.993	1	3	2	5	4	13254	0	1000	1352	344	0	1	3	2	5	4	1348	1614	1866	2206	2490	6000	5000	1	1	1	1	1	1
8	64	0	5	1000	368020	368021.986	368	893.982	3	5	1	2	4	35124	0	1000	1276	354	0	3	5	1	2	4	1358	1630	1762	2170	2436	6000	5000	1	1	1	1	1	1
8	65	0	5	1000	373020	373021.997	373	891.982	1	3	2	5	4	13254	0	1000	1406	388	0	1	3	2	5	4	1392	1680	1932	2380	2618	6000	5000	1	1	1	1	1	1
8	66	0	5	1000	378020	378021.979	378	891.987	3	5	1	2	4	35124	0	1000	1128	392	0	3	5	1	2	4	1396	1656	1876	2120	2328	6000	5000	1	1	1	1	1	1
8	67	0	5	1000	383020	383020.015	383	888.026	1	4	5	2	3	14523	0	1000	1680	368	1	1	4	5	1	3	1372	1606	1842	2032	2892	6000	5000	0	1	1	1	1	1
8	68	1	5	1000	388020	388020.004	388	886.009	3	5	1	2	4	35124	0	16000	2438	136	1	3	5	2	2	4	1140	1450	2176	2826	3410	6000	5000	0	1	1	1	1	1
9	1	0	5	1000	8020	8021.964	9	16.013	3	2	4	5	1	32451	0	9000	1364	402	0	3	2	4	5	1	1406	1628	1912	2336	2552	6000	5000	1	1	1	1	1	1
9	2	1	5	1000	21020	21021.975	22	11.967	3	5	1	2	4	35124	0	15000	1354	408	0	3	5	1	2	4	1412	1636	1834	2150	2568	6000	5000	1	1	1	1	1	1
9	3	0	5	1000	40020	40020.001	41	4.001	1	3	2	5	4	13254	0	30000	1714	366	0	1	3	2	5	4	1370	1654	1964	2498	2888	6000	5000	1	1	1	1	1	1
9	4	1	5	1000	74020	74022.002	74	994.027	1	4	5	2	3	14523	0	18000	1886	386	0	1	4	5	2	3	1390	2006	2366	2720	3060	6000	5000	1	1	1	1	1	1
9	5	0	5	1000	96020	96020.004	96	986.027	3	5	1	2	4	35124	0	12000	1448	440	0	3	5	1	2	4	1444	1798	2080	2420	2660	6000	5000	1	1	1	1	1	1
9	6	1	5	1000	112020	112022.087	112	982.098	3	2	4	5	1	32451	0	27000	1066	338	0	3	2	4	5	1	1342	1574	1800	2068	2206	6000	5000	1	1	1	1	1	1
9	7	0	5	1000	143020	143022.001	143	969.987	1	4	5	2	3	14523	0	24000	1682	460	1	1	4	5	2	4	1464	1948	2264	2644	2986	6000	5000	0	1	1	1	1	1
9	8	1	5	1000	171020	171021.988	171	962.015	1	3	2	5	4	13254	0	21000	2550	430	1	1	4	2	5	4	1434	1830	3090	3520	3774	6000	5000	0	1	1	1	1	1
9	9	0	5	1000	196020	196022.053	196	952.058	3	2	4	5	1	32451	0	21000	1650	382	0	3	2	4	5	1	1386	1680	2186	2512	2816	6000	5000	1	1	1	1	1	1
9	10	1	5	1000	221020	221021.978	221	943.905	3	5	1	2	4	35124	0	24000	1940	380	0	3	5	1	2	4	1384	1700	2358	2760	3120	6000	5000	1	1	1	1	1	1
9	11	0	5	1000	249020	249021.976	249	934.012	1	3	2	5	4	13254	0	18000	1966	480	0	1	3	2	5	4	1484	1922	2310	2818	3248	6000	5000	1	1	1	1	1	1
9	12	1	5	1000	271020	271021.947	271	925.982	1	4	5	2	3	14523	0	27000	1678	376	0	1	4	5	2	3	1380	1796	2078	2510	2832	6000	5000	1	1	1	1	1	1
9	13	0	5	1000	302020	302021.971	302	916.007	3	5	1	2	4	35124	0	15000	1558	448	0	3	5	1	2	4	1452	1812	2120	2472	2768	6000	5000	1	1	1	1	1	1
9	14	1	5	1000	321020	321021.975	321	910.006	3	2	4	5	1	32451	0	9000	1386	364	0	3	2	4	5	1	1368	1634	1980	2298	2512	6000	5000	1	1	1	1	1	1
9	15	0	5	1000	334020	334021.966	334	905.99	1	4	5	2	3	14523	0	30000	1692	334	0	1	4	5	2	3	1338	1654	2014	2374	2818	6000	5000	1	1	1	1	1	1
9	16	1	5	1000	368020	368021.945	368	893.977	1	3	2	5	4	13254	0	12000	1658	428	0	1	3	2	5	4	1432	1840	2184	2540	2872	6000	5000	1	1	1	1	1	1