BN	TN	seqType	Horizon	PrepTime	startTime	startTimeReal	startTRReal	startTRtime	press0	press1	press2	press3	press4	cueP	complete	iti	MT	RT	isError	response0	response1	response2	response3	response4	pressTime0	pressTime1	pressTime2	pressTime3	pressTime4	timeThreshold	timeThresholdSuper	points	Gain1	Gain2	Gain3	Gain4	Gain5
1	1	0	5	1000	8020	8022	9	17.846	3	5	1	2	4	35124	0	1000	1434	648	0	3	5	1	2	4	1652	2022	2352	2660	2982	6000	5000	1	1	1	1	1	1
1	2	0	5	1000	13020	13022.021	14	16.019	1	3	2	5	4	13254	0	1000	1478	530	0	1	3	2	5	4	1534	1856	2202	2528	2884	6000	5000	1	1	1	1	1	1
1	3	1	5	1000	18020	18020	19	11.997	1	4	5	2	3	14523	0	1000	1508	522	0	1	4	5	2	3	1526	1858	2216	2590	2934	6000	5000	1	1	1	1	1	1
1	4	0	5	1000	23020	23020.004	24	9.902	3	5	1	2	4	35124	0	1000	1462	546	0	3	5	1	2	4	1550	1876	2200	2538	2894	6000	5000	1	1	1	1	1	1
1	5	0	5	1000	28020	28020.026	29	8.037	3	5	1	2	4	35124	0	1000	1572	638	0	3	5	1	2	4	1642	2012	2374	2728	3110	6000	5000	1	1	1	1	1	1
1	6	1	5	1000	33020	33020.004	34	6.001	1	4	5	2	3	14523	0	1000	1464	502	0	1	4	5	2	3	1506	1822	2190	2534	2884	6000	5000	1	1	1	1	1	1
1	7	0	5	1000	38020	38020.019	39	4.019	1	3	2	5	4	13254	0	1000	1520	572	0	1	3	2	5	4	1576	1922	2290	2648	3008	6000	5000	1	1	1	1	1	1
1	8	0	5	1000	43020	43020.008	44	4.004	1	4	5	2	3	14523	0	1000	1494	616	0	1	4	5	2	3	1620	1960	2294	2678	3026	6000	5000	1	1	1	1	1	1
1	9	0	5	1000	48020	48020.002	49	2.002	3	2	4	5	1	32451	0	1000	1556	564	0	3	2	4	5	1	1568	1924	2260	2644	3020	6000	5000	1	1	1	1	1	1
1	10	0	5	1000	53020	53020.045	54	0	3	2	4	5	1	32451	0	1000	1532	480	0	3	2	4	5	1	1484	1810	2162	2544	2900	6000	5000	1	1	1	1	1	1
1	11	0	5	1000	58020	58020.086	58	998.054	1	4	5	2	3	14523	0	1000	1540	534	0	1	4	5	2	3	1538	1872	2238	2652	2998	6000	5000	1	1	1	1	1	1
1	12	0	5	1000	63020	63020.114	63	996.104	3	5	1	2	4	35124	0	1000	1498	668	0	3	5	1	2	4	1672	1974	2336	2694	3060	6000	5000	1	1	1	1	1	1
1	13	0	5	1000	68020	68020.002	68	993.981	1	4	5	2	3	14523	0	1000	1562	462	0	1	4	5	2	3	1466	1816	2152	2552	2920	6000	5000	1	1	1	1	1	1
1	14	0	5	1000	73020	73020.002	73	993.981	1	4	5	2	3	14523	0	1000	1544	678	0	1	4	5	2	3	1682	2054	2416	2790	3130	6000	5000	1	1	1	1	1	1
1	15	0	5	1000	78020	78020.032	78	992	1	3	2	5	4	13254	0	1000	1536	486	0	1	3	2	5	4	1490	1812	2188	2550	2924	6000	5000	1	1	1	1	1	1
1	16	0	5	1000	83020	83020.032	83	990.032	1	3	2	5	4	13254	0	1000	1548	544	0	1	3	2	5	4	1548	1886	2244	2574	2968	6000	5000	1	1	1	1	1	1
1	17	1	5	1000	88020	88021.987	88	989.976	3	5	1	2	4	35124	0	16000	1582	456	0	3	5	1	2	4	1460	1816	2160	2546	2930	6000	5000	1	1	1	1	1	1
1	18	1	5	1000	108020	108020.025	108	982.025	3	5	1	2	4	35124	0	1000	1574	564	0	3	5	1	2	4	1568	1926	2268	2656	3030	6000	5000	1	1	1	1	1	1
1	19	1	5	1000	113020	113020.011	113	979.954	1	4	5	2	3	14523	0	1000	1544	358	0	1	4	5	2	3	1362	1722	2102	2460	2812	6000	5000	1	1	1	1	1	1
1	20	1	5	1000	118020	118020.002	118	977.988	1	4	5	2	3	14523	0	1000	1594	526	0	1	4	5	2	3	1530	1862	2254	2644	3026	6000	5000	1	1	1	1	1	1
1	21	1	5	1000	123020	123021.989	123	977.975	3	5	1	2	4	35124	0	1000	1554	630	0	3	5	1	2	4	1634	1980	2354	2716	3070	6000	5000	1	1	1	1	1	1
1	22	1	5	1000	128020	128022.002	128	976.001	1	3	2	5	4	13254	0	1000	1686	580	0	1	3	2	5	4	1584	1946	2348	2752	3160	6000	5000	1	1	1	1	1	1
1	23	0	5	1000	133020	133020.002	133	971.978	3	2	4	5	1	32451	0	1000	1664	538	0	3	2	4	5	1	1542	1910	2294	2676	3044	6000	5000	1	1	1	1	1	1
1	24	0	5	1000	138020	138020.013	138	970.03	1	3	2	5	4	13254	0	1000	1604	530	0	1	3	2	5	4	1534	1884	2274	2636	3042	6000	5000	1	1	1	1	1	1
1	25	0	5	1000	143020	143020.03	143	969.987	3	5	1	2	4	35124	0	1000	1706	372	0	3	5	1	2	4	1376	1776	2150	2568	2998	6000	5000	1	1	1	1	1	1
1	26	1	5	1000	148020	148020.002	148	967.975	1	3	2	5	4	13254	0	1000	1970	532	0	1	3	2	5	4	1536	2272	2648	3016	3390	6000	5000	1	1	1	1	1	1
1	27	1	5	1000	153020	153020	153	965.981	3	2	4	5	1	32451	0	1000	1568	546	0	3	2	4	5	1	1550	1890	2240	2618	3000	6000	5000	1	1	1	1	1	1
1	28	0	5	1000	158020	158020.001	158	963.973	1	4	5	2	3	14523	0	1000	1536	542	0	1	4	5	2	3	1546	1862	2222	2610	2962	6000	5000	1	1	1	1	1	1
1	29	1	5	1000	163020	163020	163	961.998	3	5	1	2	4	35124	0	1000	1518	568	0	3	5	1	2	4	1572	1920	2252	2624	2982	6000	5000	1	1	1	1	1	1
1	30	0	5	1000	168020	168020.008	168	960.011	1	3	2	5	4	13254	0	1000	1530	466	0	1	3	2	5	4	1470	1772	2170	2528	2906	6000	5000	1	1	1	1	1	1
1	31	1	5	1000	173020	173021.997	173	959.976	3	2	4	5	1	32451	0	1000	1586	534	0	3	2	4	5	1	1538	1874	2238	2614	2980	6000	5000	1	1	1	1	1	1
1	32	0	5	1000	178020	178021.99	178	959.954	1	3	2	5	4	13254	0	1000	1412	528	0	1	3	2	5	4	1532	1852	2192	2482	2824	6000	5000	1	1	1	1	1	1
1	33	1	5	1000	183020	183021.992	183	957.969	1	3	2	5	4	13254	0	1000	1630	572	0	1	3	2	5	4	1576	1936	2310	2698	3084	6000	5000	1	1	1	1	1	1
1	34	1	5	1000	188020	188021.989	188	956.002	1	3	2	5	4	13254	0	16000	1492	516	0	1	3	2	5	4	1520	1824	2198	2558	2912	6000	5000	1	1	1	1	1	1
1	35	1	5	1000	208020	208021.987	208	948.003	1	3	2	5	4	13254	0	1000	1610	572	0	1	3	2	5	4	1576	1924	2312	2668	3082	6000	5000	1	1	1	1	1	1
1	36	0	5	1000	213020	213020.002	213	946.002	3	5	1	2	4	35124	0	1000	1616	640	0	3	5	1	2	4	1644	2038	2416	2814	3150	6000	5000	1	1	1	1	1	1
1	37	1	5	1000	218020	218022	218	946.001	3	5	1	2	4	35124	0	1000	1512	750	0	3	5	1	2	4	1754	2100	2454	2808	3158	6000	5000	1	1	1	1	1	1
1	38	1	5	1000	223020	223020.014	223	942.014	3	5	1	2	4	35124	0	1000	1590	480	0	3	5	1	2	4	1484	1832	2202	2572	2974	6000	5000	1	1	1	1	1	1
1	39	0	5	1000	228020	228020.002	228	939.987	3	2	4	5	1	32451	0	1000	1720	554	0	3	2	4	5	1	1558	1970	2348	2756	3150	6000	5000	1	1	1	1	1	1
1	40	1	5	1000	233020	233021.983	233	939.993	3	2	4	5	1	32451	0	1000	1692	610	0	3	2	4	5	1	1614	2000	2388	2830	3174	6000	5000	1	1	1	1	1	1
1	41	0	5	1000	238020	238020.019	238	936.019	3	2	4	5	1	32451	0	1000	1658	508	0	3	2	4	5	1	1512	1908	2288	2654	3052	6000	5000	1	1	1	1	1	1
1	42	1	5	1000	243020	243020	243	933.986	1	4	5	2	3	14523	0	1000	2036	320	0	1	4	5	2	3	1324	1680	2082	2832	3236	6000	5000	1	1	1	1	1	1
1	43	0	5	1000	248020	248020.154	248	934.154	3	2	4	5	1	32451	0	1000	1662	578	0	3	2	4	5	1	1582	1922	2296	2702	3090	6000	5000	1	1	1	1	1	1
1	44	1	5	1000	253020	253020.014	253	932.013	1	3	2	5	4	13254	0	1000	1580	568	0	1	3	2	5	4	1862	2226	2592	2924	3312	6000	5000	1	1	1	1	1	1
1	45	1	5	1000	258020	258021.981	258	932.007	3	5	1	2	4	35124	0	1000	1454	672	0	3	5	1	2	4	1676	2014	2358	2684	3070	6000	5000	1	1	1	1	1	1
1	46	0	5	1000	263020	263021.99	263	930.017	1	4	5	2	3	14523	0	1000	1376	678	0	1	4	5	2	3	1682	1996	2324	2660	2990	6000	5000	1	1	1	1	1	1
1	47	1	5	1000	268020	268021.973	268	927.991	1	3	2	5	4	13254	0	1000	1300	766	0	1	3	2	5	4	1770	2052	2354	2640	2948	6000	5000	1	1	1	1	1	1
1	48	1	5	1000	273020	273021.977	273	926.002	1	4	5	2	3	14523	0	1000	1410	624	0	1	4	5	2	3	1628	1938	2272	2604	2920	6000	5000	1	1	1	1	1	1
1	49	0	5	1000	278020	278021.976	278	924.002	1	4	5	2	3	14523	0	1000	1492	524	0	1	4	5	2	3	1528	1848	2220	2562	2904	6000	5000	1	1	1	1	1	1
1	50	1	5	1000	283020	283021.979	283	923.993	1	4	5	2	3	14523	0	1000	1468	750	0	1	4	5	2	3	1754	2072	2398	2754	3108	6000	5000	1	1	1	1	1	1
1	51	1	5	1000	288020	288021.971	288	921.993	3	2	4	5	1	32451	0	16000	1408	638	0	3	2	4	5	1	1642	1950	2256	2592	2920	6000	5000	1	1	1	1	1	1
1	52	1	5	1000	308020	308022.045	308	914.054	3	2	4	5	1	32451	0	1000	1450	866	0	3	2	4	5	1	1870	2200	2516	2850	3178	6000	5000	1	1	1	1	1	1
1	53	1	5	1000	313020	313021.99	313	912.013	3	2	4	5	1	32451	0	1000	1530	480	0	3	2	4	5	1	1484	1842	2180	2516	2908	6000	5000	1	1	1	1	1	1
1	54	1	5	1000	318020	318021.98	318	912.007	1	4	5	2	3	14523	0	1000	1434	482	0	1	4	5	2	3	1486	1772	2120	2476	2812	6000	5000	1	1	1	1	1	1
1	55	1	5	1000	323020	323021.973	323	909.995	1	3	2	5	4	13254	0	1000	1580	674	0	1	3	2	5	4	1678	2018	2406	2752	3128	6000	5000	1	1	1	1	1	1
1	56	0	5	1000	328020	328021.975	328	907.996	1	3	2	5	4	13254	0	1000	1458	562	0	1	3	2	5	4	1566	1872	2236	2590	2938	6000	5000	1	1	1	1	1	1
1	57	0	5	1000	333020	333021.983	333	906.008	3	2	4	5	1	32451	0	1000	1454	584	0	3	2	4	5	1	1588	1904	2216	2554	2904	6000	5000	1	1	1	1	1	1
1	58	0	5	1000	338020	338021.992	338	904.016	3	5	1	2	4	35124	0	1000	1378	518	0	3	5	1	2	4	1522	1828	2148	2462	2780	6000	5000	1	1	1	1	1	1
1	59	1	5	1000	343020	343021.985	343	902.005	3	2	4	5	1	32451	0	1000	1424	504	0	3	2	4	5	1	1508	1836	2168	2480	2814	6000	5000	1	1	1	1	1	1
1	60	1	5	1000	348020	348021.98	348	900.005	3	5	1	2	4	35124	0	1000	1356	580	0	3	5	1	2	4	1584	1882	2208	2510	2838	6000	5000	1	1	1	1	1	1
1	61	1	5	1000	353020	353021.972	353	897.995	3	2	4	5	1	32451	0	1000	1378	448	0	3	2	4	5	1	1452	1738	2046	2384	2702	6000	5000	1	1	1	1	1	1
1	62	1	5	1000	358020	358021.978	358	897.988	1	3	2	5	4	13254	0	1000	1370	466	0	1	3	2	5	4	1470	1752	2096	2386	2728	6000	5000	1	1	1	1	1	1
1	63	0	5	1000	363020	363021.972	363	895.989	1	4	5	2	3	14523	0	1000	1366	506	0	1	4	5	2	3	1510	1818	2124	2476	2790	6000	5000	1	1	1	1	1	1
1	64	1	5	1000	368020	368021.978	368	893.99	3	2	4	5	1	32451	0	1000	1464	522	0	3	2	4	5	1	1526	1836	2170	2518	2832	6000	5000	1	1	1	1	1	1
1	65	0	5	1000	373020	373021.973	373	891.989	3	5	1	2	4	35124	0	1000	1390	464	0	3	5	1	2	4	1468	1780	2084	2412	2734	6000	5000	1	1	1	1	1	1
1	66	0	5	1000	378020	378021.975	378	889.985	3	2	4	5	1	32451	0	1000	1386	562	0	3	2	4	5	1	1566	1876	2190	2506	2836	6000	5000	1	1	1	1	1	1
1	67	1	5	1000	383020	383021.978	383	887.989	3	5	1	2	4	35124	0	1000	1168	452	0	3	5	1	2	4	1456	1734	2012	2274	2528	6000	5000	1	1	1	1	1	1
1	68	0	5	1000	388020	388021.991	388	886.018	3	5	1	2	4	35124	0	16000	1720	620	0	3	5	1	2	4	1624	1920	2236	2862	3236	6000	5000	1	1	1	1	1	1
2	1	0	5	1000	8020	8020.018	9	14	3	2	4	5	1	32451	0	1000	1514	692	0	3	2	4	5	1	1696	2026	2364	2742	3086	6000	5000	1	1	1	1	1	1
2	2	0	5	1000	13020	13020.031	14	12.025	1	3	2	5	4	13254	0	1000	1448	514	0	1	3	2	5	4	1518	1818	2208	2506	2842	6000	5000	1	1	1	1	1	1
2	3	0	5	1000	18020	18020.019	19	10.014	3	2	4	5	1	32451	0	1000	1502	558	0	3	2	4	5	1	1562	1870	2194	2604	2948	6000	5000	1	1	1	1	1	1
2	4	0	5	1000	23020	23021.99	24	11.985	3	2	4	5	1	32451	0	1000	1324	516	0	3	2	4	5	1	1520	1786	2072	2362	2662	6000	5000	1	1	1	1	1	1
2	5	1	5	1000	28020	28020.017	29	7.974	1	4	5	2	3	14523	0	1000	1236	574	0	1	4	5	2	3	1578	1826	2112	2418	2706	6000	5000	1	1	1	1	1	1
2	6	0	5	1000	33020	33020.001	34	5.958	3	2	4	5	1	32451	0	1000	1264	606	0	3	2	4	5	1	1610	1874	2148	2442	2732	6000	5000	1	1	1	1	1	1
2	7	1	5	1000	38020	38020.018	39	4.001	3	2	4	5	1	32451	0	1000	1306	454	0	3	2	4	5	1	1458	1720	2004	2298	2600	6000	5000	1	1	1	1	1	1
2	8	1	5	1000	43020	43020.019	44	1.88	1	3	2	5	4	13254	0	1000	1344	398	0	1	3	2	5	4	1402	1642	1978	2302	2624	6000	5000	1	1	1	1	1	1
2	9	1	5	1000	48020	48020.063	49	0	3	5	1	2	4	35124	0	1000	1228	360	0	3	5	1	2	4	1364	1634	1896	2178	2478	6000	5000	1	1	1	1	1	1
2	10	1	5	1000	53020	53020.044	53	1000.011	3	5	1	2	4	35124	0	1000	1302	576	0	3	5	1	2	4	1580	1864	2168	2454	2754	6000	5000	1	1	1	1	1	1
2	11	1	5	1000	58020	58020.018	58	997.997	1	4	5	2	3	14523	0	1000	1292	428	0	1	4	5	2	3	1432	1712	2032	2336	2624	6000	5000	1	1	1	1	1	1
2	12	1	5	1000	63020	63020.029	63	996.012	3	5	1	2	4	35124	0	1000	1464	420	0	3	5	1	2	4	1424	1726	2058	2432	2770	6000	5000	1	1	1	1	1	1
2	13	1	5	1000	68020	68020.018	68	993.978	1	3	2	5	4	13254	0	1000	1304	438	0	1	3	2	5	4	1442	1722	2052	2340	2640	6000	5000	1	1	1	1	1	1
2	14	1	5	1000	73020	73020.009	73	991.966	1	4	5	2	3	14523	0	1000	1312	382	0	1	4	5	2	3	1386	1664	1982	2304	2634	6000	5000	1	1	1	1	1	1
2	15	1	5	1000	78020	78020.041	78	990.042	1	4	5	2	3	14523	0	1000	1252	404	0	1	4	5	2	3	1408	1686	1978	2284	2582	6000	5000	1	1	1	1	1	1
2	16	0	5	1000	83020	83020.02	83	989.981	3	5	1	2	4	35124	0	1000	1258	462	0	3	5	1	2	4	1466	1754	2054	2326	2594	6000	5000	1	1	1	1	1	1
2	17	0	5	1000	88020	88020.017	88	987.999	1	4	5	2	3	14523	0	16000	1218	444	0	1	4	5	2	3	1448	1726	2014	2292	2548	6000	5000	1	1	1	1	1	1
2	18	0	5	1000	108020	108020.018	108	979.961	1	4	5	2	3	14523	0	1000	1312	664	0	1	4	5	2	3	1668	1968	2292	2604	2906	6000	5000	1	1	1	1	1	1
2	19	1	5	1000	113020	113020.03	113	978.011	1	3	2	5	4	13254	0	1000	1232	564	0	1	3	2	5	4	1568	1818	2118	2402	2684	6000	5000	1	1	1	1	1	1
2	20	1	5	1000	118020	118020.03	118	978.013	3	2	4	5	1	32451	0	1000	1172	574	0	3	2	4	5	1	1578	1838	2116	2360	2610	6000	5000	1	1	1	1	1	1
2	21	0	5	1000	123020	123020.018	123	975.99	1	3	2	5	4	13254	0	1000	1178	476	0	1	3	2	5	4	1480	1740	2024	2266	2536	6000	5000	1	1	1	1	1	1
2	22	1	5	1000	128020	128020.008	128	973.78	3	5	1	2	4	35124	0	1000	1136	500	0	3	5	1	2	4	1504	1764	2018	2266	2530	6000	5000	1	1	1	1	1	1
2	23	1	5	1000	133020	133020.018	133	972.001	3	2	4	5	1	32451	0	1000	1128	610	0	3	2	4	5	1	1614	1864	2120	2364	2610	6000	5000	1	1	1	1	1	1
2	24	1	5	1000	138020	138020.006	138	969.963	3	5	1	2	4	35124	0	1000	1008	362	0	3	5	1	2	4	1366	1590	1814	2040	2276	6000	5000	1	1	1	1	1	1
2	25	0	5	1000	143020	143020.007	143	967.989	1	3	2	5	4	13254	0	1000	1040	440	0	1	3	2	5	4	1444	1680	1928	2140	2376	6000	5000	1	1	1	1	1	1
2	26	0	5	1000	148020	148020.02	148	966.014	3	5	1	2	4	35124	0	1000	1124	436	0	3	5	1	2	4	1440	1706	1974	2210	2446	6000	5000	1	1	1	1	1	1
2	27	1	5	1000	153020	153020.016	153	963.977	3	5	1	2	4	35124	0	1000	994	574	0	3	5	1	2	4	1578	1804	2012	2228	2444	6000	5000	1	1	1	1	1	1
2	28	0	5	1000	158020	158020.024	158	964.014	3	2	4	5	1	32451	0	1000	1092	488	0	3	2	4	5	1	1492	1718	1962	2194	2446	6000	5000	1	1	1	1	1	1
2	29	0	5	1000	163020	163020.027	163	962.009	1	4	5	2	3	14523	0	1000	1120	458	0	1	4	5	2	3	1462	1686	1946	2224	2478	6000	5000	1	1	1	1	1	1
2	30	0	5	1000	168020	168020.029	168	959.968	3	5	1	2	4	35124	0	1000	1050	494	0	3	5	1	2	4	1498	1730	1974	2176	2416	6000	5000	1	1	1	1	1	1
2	31	0	5	1000	173020	173020.029	173	957.998	3	5	1	2	4	35124	0	1000	1054	524	0	3	5	1	2	4	1528	1760	2002	2214	2462	6000	5000	1	1	1	1	1	1
2	32	1	5	1000	178020	178020.018	178	955.983	1	3	2	5	4	13254	0	1000	1062	440	0	1	3	2	5	4	1444	1670	1930	2148	2396	6000	5000	1	1	1	1	1	1
2	33	0	5	1000	183020	183020.031	183	954.011	3	2	4	5	1	32451	0	1000	1152	602	0	3	2	4	5	1	1606	1876	2124	2352	2640	6000	5000	1	1	1	1	1	1
2	34	1	5	1000	188020	188020.029	188	952.012	3	5	1	2	4	35124	0	16000	1080	412	0	3	5	1	2	4	1416	1662	1916	2136	2394	6000	5000	1	1	1	1	1	1
2	35	1	5	1000	208020	208020.005	208	945.976	3	5	1	2	4	35124	0	1000	1038	482	0	3	5	1	2	4	1486	1730	1964	2166	2390	6000	5000	1	1	1	1	1	1
2	36	0	5	1000	213020	213020.025	213	943.995	3	5	1	2	4	35124	0	1000	1118	364	0	3	5	1	2	4	1368	1626	1898	2118	2370	6000	5000	1	1	1	1	1	1
2	37	0	5	1000	218020	218020.043	218	942.015	1	3	2	5	4	13254	0	1000	1104	558	0	1	3	2	5	4	1562	1806	2062	2294	2550	6000	5000	1	1	1	1	1	1
2	38	1	5	1000	223020	223020.018	223	939.999	3	2	4	5	1	32451	0	1000	1132	548	0	3	2	4	5	1	1552	1800	2052	2328	2588	6000	5000	1	1	1	1	1	1
2	39	1	5	1000	228020	228020.008	228	940.001	1	4	5	2	3	14523	0	1000	1568	594	0	1	4	5	2	3	1598	1830	2090	2340	3046	6000	5000	1	1	1	1	1	1
2	40	0	5	1000	233020	233020.009	233	938.005	1	4	5	2	3	14523	0	1000	1148	694	0	1	4	5	2	3	1698	1948	2246	2506	2760	6000	5000	1	1	1	1	1	1
2	41	1	5	1000	238020	238020.293	238	936.279	3	2	4	5	1	32451	0	1000	1170	612	0	3	2	4	5	1	1616	1866	2128	2398	2674	6000	5000	1	1	1	1	1	1
2	42	1	5	1000	243020	243020.015	243	934.007	3	2	4	5	1	32451	0	1000	1192	520	0	3	2	4	5	1	1524	1772	2034	2298	2572	6000	5000	1	1	1	1	1	1
2	43	0	5	1000	248020	248021.992	248	934.003	1	4	5	2	3	14523	0	1000	978	542	0	1	4	5	2	3	1546	1774	2010	2236	2434	6000	5000	1	1	1	1	1	1
2	44	0	5	1000	253020	253021.992	253	931.995	1	4	5	2	3	14523	0	1000	1100	530	0	1	4	5	2	3	1534	1756	2058	2324	2528	6000	5000	1	1	1	1	1	1
2	45	1	5	1000	258020	258021.997	258	930.006	1	4	5	2	3	14523	0	1000	984	512	0	1	4	5	2	3	1516	1736	1970	2204	2398	6000	5000	1	1	1	1	1	1
2	46	1	5	1000	263020	263021.989	263	929.998	1	3	2	5	4	13254	0	1000	1050	470	0	1	3	2	5	4	1474	1708	1966	2154	2390	6000	5000	1	1	1	1	1	1
2	47	0	5	1000	268020	268022.006	268	928.015	1	4	5	2	3	14523	0	1000	942	560	0	1	4	5	2	3	1564	1780	2022	2236	2402	6000	5000	1	1	1	1	1	1
2	48	0	5	1000	273020	273021.988	273	925.998	3	2	4	5	1	32451	0	1000	1066	582	0	3	2	4	5	1	1586	1810	2028	2244	2502	6000	5000	1	1	1	1	1	1
2	49	0	5	1000	278020	278021.991	278	924.002	3	5	1	2	4	35124	0	1000	976	650	0	3	5	1	2	4	1654	1866	2104	2298	2494	6000	5000	1	1	1	1	1	1
2	50	1	5	1000	283020	283021.988	283	921.983	1	4	5	2	3	14523	0	1000	1032	552	0	1	4	5	2	3	1556	1790	2030	2268	2506	6000	5000	1	1	1	1	1	1
2	51	0	5	1000	288020	288021.992	288	920.004	1	3	2	5	4	13254	0	16000	1080	572	0	1	3	2	5	4	1576	1796	2048	2266	2536	6000	5000	1	1	1	1	1	1
2	52	0	5	1000	308020	308021.995	308	913.988	1	3	2	5	4	13254	0	1000	1018	480	0	1	3	2	5	4	1484	1702	1936	2162	2400	6000	5000	1	1	1	1	1	1
2	53	0	5	1000	313020	313020.008	313	910.008	1	3	2	5	4	13254	0	1000	1034	636	0	1	3	2	5	4	1640	1850	2092	2300	2550	6000	5000	1	1	1	1	1	1
2	54	1	5	1000	318020	318020.022	318	908.029	1	4	5	2	3	14523	0	1000	938	540	0	1	4	5	2	3	1544	1748	1992	2208	2384	6000	5000	1	1	1	1	1	1
2	55	1	5	1000	323020	323020.012	323	905.983	3	2	4	5	1	32451	0	1000	1038	364	0	3	2	4	5	1	1368	1592	1818	2044	2264	6000	5000	1	1	1	1	1	1
2	56	0	5	1000	328020	328020.008	328	904.024	3	5	1	2	4	35124	0	1000	952	516	0	3	5	1	2	4	1520	1736	1944	2128	2356	6000	5000	1	1	1	1	1	1
2	57	0	5	1000	333020	333020.022	333	904.004	3	2	4	5	1	32451	0	1000	952	432	0	3	2	4	5	1	1436	1634	1850	2050	2260	6000	5000	1	1	1	1	1	1
2	58	1	5	1000	338020	338022.005	338	903.994	1	3	2	5	4	13254	0	1000	972	546	0	1	3	2	5	4	1550	1754	1986	2192	2414	6000	5000	1	1	1	1	1	1
2	59	1	5	1000	343020	343020.032	343	900.042	1	3	2	5	4	13254	0	1000	954	514	0	1	3	2	5	4	1518	1704	1922	2128	2344	6000	5000	1	1	1	1	1	1
2	60	0	5	1000	348020	348020.017	348	898.008	1	3	2	5	4	13254	0	1000	1002	494	0	1	3	2	5	4	1498	1700	1918	2136	2346	6000	5000	1	1	1	1	1	1
2	61	0	5	1000	353020	353020.025	353	896.005	1	4	5	2	3	14523	0	1000	882	618	0	1	4	5	2	3	1622	1788	2030	2234	2428	6000	5000	1	1	1	1	1	1
2	62	1	5	1000	358020	358020.015	358	894.009	3	5	1	2	4	35124	0	1000	924	486	0	3	5	1	2	4	1490	1702	1920	2084	2288	6000	5000	1	1	1	1	1	1
2	63	0	5	1000	363020	363020.009	363	892.002	1	4	5	2	3	14523	0	1000	918	550	0	1	4	5	2	3	1554	1764	2000	2208	2352	6000	5000	1	1	1	1	1	1
2	64	0	5	1000	368020	368020.008	368	891.992	1	3	2	5	4	13254	0	1000	960	256	0	1	3	2	5	4	1260	1464	1670	1866	2076	6000	5000	1	1	1	1	1	1
2	65	1	5	1000	373020	373022.007	373	891.965	1	3	2	5	4	13254	0	1000	980	462	0	1	3	2	5	4	1466	1676	1896	2108	2324	6000	5000	1	1	1	1	1	1
2	66	0	5	1000	378020	378020.008	378	888.003	3	5	1	2	4	35124	0	1000	886	660	0	3	5	1	2	4	1664	1888	2090	2260	2440	6000	5000	1	1	1	1	1	1
2	67	1	5	1000	383020	383021.989	383	887.958	3	2	4	5	1	32451	0	1000	1024	574	0	3	2	4	5	1	1578	1796	2024	2242	2458	6000	5000	1	1	1	1	1	1
2	68	0	5	1000	388020	388020.009	388	883.999	3	2	4	5	1	32451	0	16000	1058	518	0	3	2	4	5	1	1522	1730	1944	2194	2426	6000	5000	1	1	1	1	1	1
3	1	1	5	1000	8020	8021.986	9	17.972	1	3	2	5	4	13254	0	1000	1048	562	0	1	3	2	5	4	1566	1792	2020	2236	2478	6000	5000	1	1	1	1	1	1
3	2	1	5	1000	13020	13021.987	14	15.988	1	3	2	5	4	13254	0	1000	1080	514	0	1	3	2	5	4	1518	1736	1974	2168	2490	6000	5000	1	1	1	1	1	1
3	3	0	5	1000	18020	18021.986	19	14.001	1	3	2	5	4	13254	0	1000	1030	528	0	1	3	2	5	4	1532	1756	1996	2170	2400	6000	5000	1	1	1	1	1	1
3	4	0	5	1000	23020	23020.098	24	12.1	1	3	2	5	4	13254	0	1000	902	456	0	1	3	2	5	4	1460	1648	1860	2006	2194	6000	5000	1	1	1	1	1	1
3	5	0	5	1000	28020	28021.985	29	12.001	3	5	1	2	4	35124	0	1000	876	540	0	3	5	1	2	4	1544	1728	1906	2060	2236	6000	5000	1	1	1	1	1	1
3	6	0	5	1000	33020	33020.068	34	8.093	3	2	4	5	1	32451	0	1000	1106	622	0	3	2	4	5	1	1626	1858	2046	2306	2528	6000	5000	1	1	1	1	1	1
3	7	0	5	1000	38020	38021.999	39	8.001	3	5	1	2	4	35124	0	1000	954	564	0	3	5	1	2	4	1568	1766	1968	2140	2340	6000	5000	1	1	1	1	1	1
3	8	1	5	1000	43020	43021.987	44	5.998	1	3	2	5	4	13254	0	1000	980	558	0	1	3	2	5	4	1562	1748	1948	2124	2362	6000	5000	1	1	1	1	1	1
3	9	1	5	1000	48020	48022.052	49	4.014	3	5	1	2	4	35124	0	1000	958	450	0	3	5	1	2	4	1454	1656	1866	2014	2262	6000	5000	1	1	1	1	1	1
3	10	0	5	1000	53020	53021.988	54	2.002	1	3	2	5	4	13254	0	1000	1046	548	0	1	3	2	5	4	1552	1760	2030	2158	2464	6000	5000	1	1	1	1	1	1
3	11	0	5	1000	58020	58021.996	59	1.998	3	2	4	5	1	32451	0	1000	1024	546	0	3	2	4	5	1	1550	1778	1990	2200	2404	6000	5000	1	1	1	1	1	1
3	12	0	5	1000	63020	63021.987	64	0	1	3	2	5	4	13254	0	1000	918	402	0	1	3	2	5	4	1406	1576	1764	1954	2126	6000	5000	1	1	1	1	1	1
3	13	1	5	1000	68020	68021.985	68	998.002	3	5	1	2	4	35124	0	1000	892	528	0	3	5	1	2	4	1532	1722	1928	2098	2278	6000	5000	1	1	1	1	1	1
3	14	1	5	1000	73020	73021.987	73	996	3	2	4	5	1	32451	0	1000	1080	466	0	3	2	4	5	1	1470	1676	1892	2110	2332	6000	5000	1	1	1	1	1	1
3	15	1	5	1000	78020	78020.005	78	992.03	1	4	5	2	3	14523	0	1000	914	514	0	1	4	5	2	3	1518	1704	1924	2140	2310	6000	5000	1	1	1	1	1	1
3	16	1	5	1000	83020	83021.983	83	991.968	1	4	5	2	3	14523	0	1000	856	510	0	1	4	5	2	3	1514	1676	1880	2086	2250	6000	5000	1	1	1	1	1	1
3	17	1	5	1000	88020	88022.021	88	992.045	3	5	1	2	4	35124	0	16000	856	440	0	3	5	1	2	4	1444	1606	1812	1962	2134	6000	5000	1	1	1	1	1	1
3	18	1	5	1000	108020	108021.976	108	983.99	3	5	1	2	4	35124	0	1000	960	702	0	3	5	1	2	4	1706	1932	2140	2318	2502	6000	5000	1	1	1	1	1	1
3	19	1	5	1000	113020	113021.985	113	981.986	1	4	5	2	3	14523	0	1000	868	598	0	1	4	5	2	3	1602	1770	2006	2206	2352	6000	5000	1	1	1	1	1	1
3	20	0	5	1000	118020	118021.988	118	980.002	3	5	1	2	4	35124	0	1000	954	496	0	3	5	1	2	4	1500	1700	1920	2072	2254	6000	5000	1	1	1	1	1	1
3	21	0	5	1000	123020	123022.015	123	980.042	3	5	1	2	4	35124	0	1000	862	396	0	3	5	1	2	4	1400	1590	1776	1922	2104	6000	5000	1	1	1	1	1	1
3	22	0	5	1000	128020	128021.996	128	978.014	1	4	5	2	3	14523	0	1000	1258	504	0	1	4	5	2	3	1508	1696	2136	2406	2660	6000	5000	1	1	1	1	1	1
3	23	0	5	1000	133020	133021.984	133	975.986	3	2	4	5	1	32451	0	1000	1494	524	0	3	2	4	5	1	1528	1980	2298	2596	2856	6000	5000	1	1	1	1	1	1
3	24	1	5	1000	138020	138021.986	138	974.004	1	4	5	2	3	14523	0	1000	940	496	0	1	4	5	2	3	1500	1702	1958	2152	2328	6000	5000	1	1	1	1	1	1
3	25	1	5	1000	143020	143022	143	972.014	1	3	2	5	4	13254	0	1000	930	562	0	1	3	2	5	4	1566	1758	1994	2148	2326	6000	5000	1	1	1	1	1	1
3	26	0	5	1000	148020	148021.998	148	969.948	3	2	4	5	1	32451	0	1000	942	576	0	3	2	4	5	1	1580	1776	1962	2152	2348	6000	5000	1	1	1	1	1	1
3	27	0	5	1000	153020	153022.025	153	968.041	1	4	5	2	3	14523	0	1000	974	780	0	1	4	5	2	3	1784	1984	2258	2482	2644	6000	5000	1	1	1	1	1	1
3	28	1	5	1000	158020	158021.983	158	967.985	3	2	4	5	1	32451	0	1000	1046	474	0	3	2	4	5	1	1478	1674	1868	2072	2290	6000	5000	1	1	1	1	1	1
3	29	1	5	1000	163020	163021.986	163	966.023	3	2	4	5	1	32451	0	1000	1026	522	0	3	2	4	5	1	1526	1768	1970	2158	2362	6000	5000	1	1	1	1	1	1
3	30	0	5	1000	168020	168020.117	168	962.122	3	2	4	5	1	32451	0	1000	972	606	0	3	2	4	5	1	1610	1820	1984	2168	2404	6000	5000	1	1	1	1	1	1
3	31	1	5	1000	173020	173020.005	173	960.008	3	2	4	5	1	32451	0	1000	976	620	0	3	2	4	5	1	1624	1804	1968	2156	2352	6000	5000	1	1	1	1	1	1
3	32	0	5	1000	178020	178021.998	178	959.987	1	4	5	2	3	14523	0	1000	996	384	0	1	4	5	2	3	1388	1568	1826	2056	2244	6000	5000	1	1	1	1	1	1
3	33	0	5	1000	183020	183022.046	183	958.06	3	5	1	2	4	35124	0	1000	856	488	0	3	5	1	2	4	1492	1682	1858	2010	2170	6000	5000	1	1	1	1	1	1
3	34	1	5	1000	188020	188020.001	188	954.017	1	4	5	2	3	14523	0	16000	788	490	0	1	4	5	2	3	1494	1644	1834	2006	2162	6000	5000	1	1	1	1	1	1
3	35	1	5	1000	208020	208021.984	208	950.001	1	4	5	2	3	14523	0	1000	820	558	0	1	4	5	2	3	1562	1724	1928	2122	2284	6000	5000	1	1	1	1	1	1
3	36	0	5	1000	213020	213021.986	213	947.998	1	3	2	5	4	13254	0	1000	968	870	0	1	3	2	5	4	1874	2072	2286	2494	2688	6000	5000	1	1	1	1	1	1
3	37	1	5	1000	218020	218021.996	218	945.987	3	2	4	5	1	32451	0	1000	912	584	0	3	2	4	5	1	1588	1778	1946	2136	2340	6000	5000	1	1	1	1	1	1
3	38	1	5	1000	223020	223021.988	223	944.005	3	5	1	2	4	35124	0	1000	856	486	0	3	5	1	2	4	1490	1662	1874	2026	2200	6000	5000	1	1	1	1	1	1
3	39	0	5	1000	228020	228021.977	228	943.991	3	2	4	5	1	32451	0	1000	1398	476	0	3	2	4	5	1	1480	1630	1828	2016	2206	6000	5000	1	1	1	1	1	1
3	40	0	5	1000	233020	233021.972	233	942.002	3	2	4	5	1	32451	0	1000	900	436	0	3	2	4	5	1	1440	1660	1816	1998	2194	6000	5000	1	1	1	1	1	1
3	41	1	5	1000	238020	238021.975	238	940.004	3	5	1	2	4	35124	0	1000	838	548	0	3	5	1	2	4	1552	1726	1900	2056	2210	6000	5000	1	1	1	1	1	1
3	42	0	5	1000	243020	243020.004	243	936.018	3	5	1	2	4	35124	0	1000	804	490	0	3	5	1	2	4	1494	1672	1854	1982	2130	6000	5000	1	1	1	1	1	1
3	43	1	5	1000	248020	248021.987	248	936.008	3	2	4	5	1	32451	0	1000	912	552	0	3	2	4	5	1	1556	1726	1916	2106	2314	6000	5000	1	1	1	1	1	1
3	44	0	5	1000	253020	253021.975	253	933.996	3	5	1	2	4	35124	0	1000	806	568	0	3	5	1	2	4	1572	1720	1908	2040	2198	6000	5000	1	1	1	1	1	1
3	45	1	5	1000	258020	258021.976	258	931.971	3	5	1	2	4	35124	0	1000	764	472	0	3	5	1	2	4	1476	1630	1804	1934	2086	6000	5000	1	1	1	1	1	1
3	46	1	5	1000	263020	263021.973	263	931.985	1	3	2	5	4	13254	0	1000	844	456	0	1	3	2	5	4	1460	1648	1784	1956	2108	6000	5000	1	1	1	1	1	1
3	47	1	5	1000	268020	268021.989	268	930.015	1	4	5	2	3	14523	0	1000	782	478	0	1	4	5	2	3	1482	1640	1832	1994	2134	6000	5000	1	1	1	1	1	1
3	48	0	5	1000	273020	273021.962	273	927.968	1	4	5	2	3	14523	0	1000	794	604	0	1	4	5	2	3	1608	1780	1956	2140	2270	6000	5000	1	1	1	1	1	1
3	49	0	5	1000	278020	278021.958	278	925.981	1	3	2	5	4	13254	0	1000	836	466	0	1	3	2	5	4	1470	1640	1806	1964	2098	6000	5000	1	1	1	1	1	1
3	50	1	5	1000	283020	283021.976	283	924	1	4	5	2	3	14523	0	1000	808	510	0	1	4	5	2	3	1514	1686	1890	2052	2202	6000	5000	1	1	1	1	1	1
3	51	0	5	1000	288020	288021.961	288	921.965	3	2	4	5	1	32451	0	16000	826	554	0	3	2	4	5	1	1558	1704	1868	2060	2258	6000	5000	1	1	1	1	1	1
3	52	0	5	1000	308020	308021.972	308	915.985	3	2	4	5	1	32451	0	1000	894	628	0	3	2	4	5	1	1632	1790	1958	2160	2354	6000	5000	1	1	1	1	1	1
3	53	1	5	1000	313020	313021.957	313	913.97	1	3	2	5	4	13254	0	1000	802	494	0	1	3	2	5	4	1498	1654	1814	1986	2132	6000	5000	1	1	1	1	1	1
3	54	1	5	1000	318020	318021.987	318	912.012	3	2	4	5	1	32451	0	1000	858	512	0	3	2	4	5	1	1516	1634	1794	1968	2156	6000	5000	1	1	1	1	1	1
3	55	0	5	1000	323020	323020.013	323	910.024	1	3	2	5	4	13254	0	1000	778	460	0	1	3	2	5	4	1464	1612	1746	1890	2028	6000	5000	1	1	1	1	1	1
3	56	1	5	1000	328020	328021.978	328	908.002	1	3	2	5	4	13254	0	1000	744	500	0	1	3	2	5	4	1504	1638	1778	1940	2086	6000	5000	1	1	1	1	1	1
3	57	0	5	1000	333020	333022.001	333	908.022	3	5	1	2	4	35124	0	1000	706	392	0	3	5	1	2	4	1396	1538	1678	1808	1934	6000	5000	1	1	1	1	1	1
3	58	0	5	1000	338020	338021.98	338	906.004	1	3	2	5	4	13254	0	1000	730	438	0	1	3	2	5	4	1442	1580	1722	1878	2008	6000	5000	1	1	1	1	1	1
3	59	0	5	1000	343020	343021.987	343	904.012	1	4	5	2	3	14523	0	1000	752	520	0	1	4	5	2	3	1524	1668	1852	2002	2142	6000	5000	1	1	1	1	1	1
3	60	1	5	1000	348020	348021.984	348	901.998	1	4	5	2	3	14523	0	1000	786	482	0	1	4	5	2	3	1486	1626	1842	2012	2154	6000	5000	1	1	1	1	1	1
3	61	1	5	1000	353020	353021.973	353	900.02	3	2	4	5	1	32451	0	1000	834	468	0	3	2	4	5	1	1472	1616	1758	1944	2134	6000	5000	1	1	1	1	1	1
3	62	1	5	1000	358020	358021.987	358	898.033	1	3	2	5	4	13254	0	1000	724	444	0	1	3	2	5	4	1448	1596	1736	1894	2020	6000	5000	1	1	1	1	1	1
3	63	0	5	1000	363020	363022.026	363	896.042	1	4	5	2	3	14523	0	1000	736	536	0	1	4	5	2	3	1540	1678	1880	2036	2158	6000	5000	1	1	1	1	1	1
3	64	0	5	1000	368020	368021.974	368	895.989	1	4	5	2	3	14523	0	1000	718	552	0	1	4	5	2	3	1556	1702	1902	2020	2184	6000	5000	1	1	1	1	1	1
3	65	1	5	1000	373020	373022.015	373	894.059	3	5	1	2	4	35124	0	1000	690	524	0	3	5	1	2	4	1528	1664	1830	1948	2064	6000	5000	1	1	1	1	1	1
3	66	1	5	1000	378020	378021.986	378	892.033	3	5	1	2	4	35124	0	1000	742	372	0	3	5	1	2	4	1376	1538	1694	1830	1970	6000	5000	1	1	1	1	1	1
3	67	0	5	1000	383020	383021.973	383	889.997	1	4	5	2	3	14523	0	1000	666	480	0	1	4	5	2	3	1484	1620	1784	1922	2068	6000	5000	1	1	1	1	1	1
3	68	1	5	1000	388020	388021.971	388	887.996	1	3	2	5	4	13254	0	16000	796	522	0	1	3	2	5	4	1526	1680	1800	1978	2128	6000	5000	1	1	1	1	1	1
4	1	1	5	1000	8020	8020.034	9	16.012	3	5	1	2	4	35124	0	1000	774	654	0	3	5	1	2	4	1658	1842	2000	2130	2282	6000	5000	1	1	1	1	1	1
4	2	0	5	1000	13020	13020.04	14	14.029	3	2	4	5	1	32451	0	1000	758	636	0	3	2	4	5	1	1640	1760	1918	2092	2246	6000	5000	1	1	1	1	1	1
4	3	0	5	1000	18020	18020.034	19	11.984	1	4	5	2	3	14523	0	1000	754	594	0	1	4	5	2	3	1598	1736	1982	2114	2284	6000	5000	1	1	1	1	1	1
4	4	1	5	1000	23020	23020.022	24	10.003	1	4	5	2	3	14523	0	1000	788	392	0	1	4	5	2	3	1396	1564	1774	1946	2084	6000	5000	1	1	1	1	1	1
4	5	1	5	1000	28020	28020.034	29	10.013	1	3	2	5	4	13254	0	1000	1550	498	1	1	2	2	5	4	1502	1778	2448	2696	2912	6000	5000	0	1	1	1	1	1
4	6	1	5	1000	33020	33020.051	34	8.007	1	3	2	5	4	13254	0	1000	894	486	0	1	3	2	5	4	1490	1678	1856	2046	2214	6000	5000	1	1	1	1	1	1
4	7	0	5	1000	38020	38020.014	39	5.99	1	3	2	5	4	13254	0	1000	824	472	0	1	3	2	5	4	1476	1666	1826	2000	2142	6000	5000	1	1	1	1	1	1
4	8	0	5	1000	43020	43020.03	44	3.992	1	4	5	2	3	14523	0	1000	798	546	0	1	4	5	2	3	1550	1734	1942	2128	2272	6000	5000	1	1	1	1	1	1
4	9	1	5	1000	48020	48020.01	49	1.985	3	2	4	5	1	32451	0	1000	1744	440	1	3	4	4	5	1	1444	1768	2478	2762	3042	6000	5000	0	1	1	1	1	1
4	10	1	5	1000	53020	53020.021	54	0	1	4	5	2	3	14523	0	1000	812	636	0	1	4	5	2	3	1640	1824	2006	2196	2346	6000	5000	1	1	1	1	1	1
4	11	1	5	1000	58020	58020.062	58	1000.029	3	5	1	2	4	35124	0	1000	804	608	0	3	5	1	2	4	1612	1796	1982	2122	2300	6000	5000	1	1	1	1	1	1
4	12	1	5	1000	63020	63020.032	63	997.997	1	4	5	2	3	14523	0	1000	848	666	0	1	4	5	2	3	1670	1858	2092	2278	2438	6000	5000	1	1	1	1	1	1
4	13	0	5	1000	68020	68020.024	68	995.909	1	4	5	2	3	14523	0	1000	772	766	0	1	4	5	2	3	1770	1940	2130	2270	2416	6000	5000	1	1	1	1	1	1
4	14	0	5	1000	73020	73020.019	73	993.895	1	4	5	2	3	14523	0	1000	842	536	0	1	4	5	2	3	1540	1714	1904	2098	2264	6000	5000	1	1	1	1	1	1
4	15	0	5	1000	78020	78020.024	78	991.992	3	5	1	2	4	35124	0	1000	830	554	0	3	5	1	2	4	1558	1730	1916	2072	2248	6000	5000	1	1	1	1	1	1
4	16	1	5	1000	83020	83020.122	83	990.1	1	3	2	5	4	13254	0	1000	802	452	0	1	3	2	5	4	1456	1620	1798	1948	2082	6000	5000	1	1	1	1	1	1
4	17	0	5	1000	88020	88022.035	88	990.01	3	2	4	5	1	32451	0	16000	1070	502	0	3	2	4	5	1	1506	1686	1914	2108	2322	6000	5000	1	1	1	1	1	1
4	18	0	5	1000	108020	108020.033	108	981.923	3	2	4	5	1	32451	0	1000	908	644	0	3	2	4	5	1	1648	1820	1996	2172	2346	6000	5000	1	1	1	1	1	1
4	19	0	5	1000	113020	113020.036	113	980.003	3	2	4	5	1	32451	0	1000	942	510	0	3	2	4	5	1	1514	1644	1862	2038	2232	6000	5000	1	1	1	1	1	1
4	20	0	5	1000	118020	118020.029	118	978.007	3	5	1	2	4	35124	0	1000	750	544	0	3	5	1	2	4	1548	1720	1868	2006	2158	6000	5000	1	1	1	1	1	1
4	21	0	5	1000	123020	123020.028	123	976.005	1	3	2	5	4	13254	0	1000	798	456	0	1	3	2	5	4	1460	1612	1780	1948	2098	6000	5000	1	1	1	1	1	1
4	22	1	5	1000	128020	128020.032	128	975.998	3	2	4	5	1	32451	0	1000	830	498	0	3	2	4	5	1	1502	1642	1822	2012	2190	6000	5000	1	1	1	1	1	1
4	23	0	5	1000	133020	133020.035	133	973.99	1	4	5	2	3	14523	0	1000	752	416	0	1	4	5	2	3	1420	1572	1762	1906	2058	6000	5000	1	1	1	1	1	1
4	24	1	5	1000	138020	138020.012	138	971.92	3	5	1	2	4	35124	0	1000	998	500	0	3	5	1	2	4	1504	1724	1972	2156	2326	6000	5000	1	1	1	1	1	1
4	25	1	5	1000	143020	143020.047	143	970.036	1	3	2	5	4	13254	0	1000	810	514	0	1	3	2	5	4	1518	1672	1842	2012	2162	6000	5000	1	1	1	1	1	1
4	26	1	5	1000	148020	148020.013	148	967.968	3	2	4	5	1	32451	0	1000	870	530	0	3	2	4	5	1	1534	1694	1866	2052	2238	6000	5000	1	1	1	1	1	1
4	27	1	5	1000	153020	153020.009	153	965.979	3	5	1	2	4	35124	0	1000	792	512	0	3	5	1	2	4	1516	1692	1894	2020	2170	6000	5000	1	1	1	1	1	1
4	28	1	5	1000	158020	158020.011	158	965.963	3	5	1	2	4	35124	0	1000	776	426	0	3	5	1	2	4	1430	1594	1758	1886	2046	6000	5000	1	1	1	1	1	1
4	29	0	5	1000	163020	163020.021	163	963.999	1	3	2	5	4	13254	0	1000	780	448	0	1	3	2	5	4	1452	1598	1746	1918	2056	6000	5000	1	1	1	1	1	1
4	30	1	5	1000	168020	168020.032	168	962.009	1	3	2	5	4	13254	0	1000	772	496	0	1	3	2	5	4	1500	1650	1786	1964	2100	6000	5000	1	1	1	1	1	1
4	31	1	5	1000	173020	173020.024	173	959.985	1	4	5	2	3	14523	0	1000	750	470	0	1	4	5	2	3	1474	1630	1806	1966	2120	6000	5000	1	1	1	1	1	1
4	32	0	5	1000	178020	178020.032	178	957.999	3	5	1	2	4	35124	0	1000	798	516	0	3	5	1	2	4	1520	1686	1852	1986	2140	6000	5000	1	1	1	1	1	1
4	33	0	5	1000	183020	183020.011	183	955.983	3	2	4	5	1	32451	0	1000	794	450	0	3	2	4	5	1	1454	1594	1752	1912	2070	6000	5000	1	1	1	1	1	1
4	34	0	5	1000	188020	188020.036	188	953.961	1	3	2	5	4	13254	0	16000	798	474	0	1	3	2	5	4	1478	1636	1792	1946	2108	6000	5000	1	1	1	1	1	1
4	35	0	5	1000	208020	208020.01	208	947.868	1	3	2	5	4	13254	0	1000	838	584	0	1	3	2	5	4	1588	1752	1918	2110	2278	6000	5000	1	1	1	1	1	1
4	36	1	5	1000	213020	213020.025	213	946.002	1	4	5	2	3	14523	0	1000	764	650	0	1	4	5	2	3	1654	1806	2008	2168	2320	6000	5000	1	1	1	1	1	1
4	37	0	5	1000	218020	218020.041	218	944.015	1	3	2	5	4	13254	0	1000	752	518	0	1	3	2	5	4	1522	1678	1832	2004	2116	6000	5000	1	1	1	1	1	1
4	38	0	5	1000	223020	223020.146	223	942.122	3	2	4	5	1	32451	0	1000	834	638	0	3	2	4	5	1	1642	1766	1934	2094	2288	6000	5000	1	1	1	1	1	1
4	39	1	5	1000	228020	228020.014	228	939.973	1	4	5	2	3	14523	0	1000	748	580	0	1	4	5	2	3	1584	1742	1922	2106	2226	6000	5000	1	1	1	1	1	1
4	40	0	5	1000	233020	233020.022	233	940.004	3	2	4	5	1	32451	0	1000	1030	1300	0	3	2	4	5	1	2304	2554	2776	2996	3200	6000	5000	1	1	1	1	1	1
4	41	1	5	1000	238020	238020.014	238	937.998	3	2	4	5	1	32451	0	1000	826	526	0	3	2	4	5	1	1530	1728	1878	2028	2218	6000	5000	1	1	1	1	1	1
4	42	1	5	1000	243020	243020.021	243	936	1	3	2	5	4	13254	0	1000	760	390	0	1	3	2	5	4	1394	1558	1718	1874	2018	6000	5000	1	1	1	1	1	1
4	43	0	5	1000	248020	248020.021	248	933.997	1	4	5	2	3	14523	0	1000	744	518	0	1	4	5	2	3	1522	1674	1844	1996	2130	6000	5000	1	1	1	1	1	1
4	44	0	5	1000	253020	253020.022	253	931.999	3	2	4	5	1	32451	0	1000	898	494	0	3	2	4	5	1	1498	1670	1850	2054	2256	6000	5000	1	1	1	1	1	1
4	45	1	5	1000	258020	258020.024	258	929.999	1	3	2	5	4	13254	0	1000	792	442	0	1	3	2	5	4	1446	1616	1778	1934	2080	6000	5000	1	1	1	1	1	1
4	46	0	5	1000	263020	263020.013	263	927.987	3	5	1	2	4	35124	0	1000	744	462	0	3	5	1	2	4	1466	1614	1774	1916	2078	6000	5000	1	1	1	1	1	1
4	47	0	5	1000	268020	268020.025	268	928.012	1	4	5	2	3	14523	0	1000	756	652	0	1	4	5	2	3	1656	1822	2002	2150	2310	6000	5000	1	1	1	1	1	1
4	48	0	5	1000	273020	273020.018	273	925.994	1	3	2	5	4	13254	0	1000	830	516	0	1	3	2	5	4	1520	1688	1858	2034	2180	6000	5000	1	1	1	1	1	1
4	49	0	5	1000	278020	278020.024	278	924.009	1	3	2	5	4	13254	0	1000	848	744	0	1	3	2	5	4	1748	1948	2150	2294	2458	6000	5000	1	1	1	1	1	1
4	50	0	5	1000	283020	283020.014	283	921.988	3	5	1	2	4	35124	0	1000	782	644	0	3	5	1	2	4	1648	1818	1982	2128	2284	6000	5000	1	1	1	1	1	1
4	51	1	5	1000	288020	288020.013	288	920.001	1	4	5	2	3	14523	0	16000	748	580	0	1	4	5	2	3	1584	1734	1900	2030	2198	6000	5000	1	1	1	1	1	1
4	52	1	5	1000	308020	308020.038	308	914.013	1	4	5	2	3	14523	0	1000	870	570	0	1	4	5	2	3	1574	1740	1976	2160	2310	6000	5000	1	1	1	1	1	1
4	53	1	5	1000	313020	313020.021	313	912.007	1	4	5	2	3	14523	0	1000	704	516	0	1	4	5	2	3	1520	1656	1838	1992	2126	6000	5000	1	1	1	1	1	1
4	54	1	5	1000	318020	318020.03	318	910.006	3	2	4	5	1	32451	0	1000	878	412	0	3	2	4	5	1	1416	1558	1742	1916	2094	6000	5000	1	1	1	1	1	1
4	55	0	5	1000	323020	323022.025	323	910.001	3	2	4	5	1	32451	0	1000	782	566	0	3	2	4	5	1	1570	1724	1888	2040	2208	6000	5000	1	1	1	1	1	1
4	56	1	5	1000	328020	328020.015	328	906.002	3	5	1	2	4	35124	0	1000	692	482	0	3	5	1	2	4	1486	1660	1800	1918	2034	6000	5000	1	1	1	1	1	1
4	57	0	5	1000	333020	333020.019	333	903.972	3	5	1	2	4	35124	0	1000	706	454	0	3	5	1	2	4	1458	1624	1770	1896	2014	6000	5000	1	1	1	1	1	1
4	58	1	5	1000	338020	338020.021	338	903.998	3	2	4	5	1	32451	0	1000	736	464	0	3	2	4	5	1	1468	1582	1728	1882	2024	6000	5000	1	1	1	1	1	1
4	59	1	5	1000	343020	343020.025	343	902.005	3	2	4	5	1	32451	0	1000	800	474	0	3	2	4	5	1	1478	1596	1746	1902	2080	6000	5000	1	1	1	1	1	1
4	60	0	5	1000	348020	348020.015	348	900.002	3	5	1	2	4	35124	0	1000	672	368	0	3	5	1	2	4	1372	1502	1644	1758	1894	6000	5000	1	1	1	1	1	1
4	61	0	5	1000	353020	353022.021	353	899.995	3	5	1	2	4	35124	0	1000	714	542	0	3	5	1	2	4	1546	1688	1842	1960	2088	6000	5000	1	1	1	1	1	1
4	62	1	5	1000	358020	358020.012	358	895.999	3	5	1	2	4	35124	0	1000	674	488	0	3	5	1	2	4	1492	1636	1772	1894	2028	6000	5000	1	1	1	1	1	1
4	63	0	5	1000	363020	363020.01	363	893.987	1	4	5	2	3	14523	0	1000	910	514	0	1	4	5	2	3	1518	1664	1890	2076	2324	6000	5000	1	1	1	1	1	1
4	64	1	5	1000	368020	368020.035	368	892.019	1	3	2	5	4	13254	0	1000	746	478	0	1	3	2	5	4	1482	1624	1780	1926	2062	6000	5000	1	1	1	1	1	1
4	65	1	5	1000	373020	373020.035	373	892.012	3	5	1	2	4	35124	0	1000	664	404	0	3	5	1	2	4	1408	1532	1682	1776	1908	6000	5000	1	1	1	1	1	1
4	66	1	5	1000	378020	378020.04	378	890.049	3	2	4	5	1	32451	0	1000	788	534	0	3	2	4	5	1	1538	1676	1830	1984	2166	6000	5000	1	1	1	1	1	1
4	67	0	5	1000	383020	383020.021	383	888.009	1	3	2	5	4	13254	0	1000	760	506	0	1	3	2	5	4	1510	1658	1814	1956	2100	6000	5000	1	1	1	1	1	1
4	68	1	5	1000	388020	388020.021	388	886.006	3	5	1	2	4	35124	0	16000	734	518	0	3	5	1	2	4	1522	1668	1828	1952	2094	6000	5000	1	1	1	1	1	1
5	1	1	5	1000	8020	8020.036	9	16.04	3	2	4	5	1	32451	0	1000	1074	1256	0	3	2	4	5	1	2260	2536	2762	2968	3182	6000	5000	1	1	1	1	1	1
5	2	0	5	1000	13020	13020.01	14	14.004	1	4	5	2	3	14523	0	1000	730	526	0	1	4	5	2	3	1530	1688	1842	2014	2154	6000	5000	1	1	1	1	1	1
5	3	1	5	1000	18020	18020.019	19	12.021	3	2	4	5	1	32451	0	1000	908	564	0	3	2	4	5	1	1568	1784	1954	2136	2328	6000	5000	1	1	1	1	1	1
5	4	1	5	1000	23020	23021.997	24	11.998	1	3	2	5	4	13254	0	1000	832	596	0	1	3	2	5	4	1600	1762	1954	2118	2262	6000	5000	1	1	1	1	1	1
5	5	1	5	1000	28020	28020.01	29	10.013	1	4	5	2	3	14523	0	1000	738	478	0	1	4	5	2	3	1482	1636	1794	1982	2120	6000	5000	1	1	1	1	1	1
5	6	1	5	1000	33020	33020.062	34	8.051	1	4	5	2	3	14523	0	1000	754	778	0	1	4	5	2	3	1782	1942	2110	2300	2432	6000	5000	1	1	1	1	1	1
5	7	0	5	1000	38020	38020.019	39	5.985	1	4	5	2	3	14523	0	1000	786	520	0	1	4	5	2	3	1524	1692	1874	2058	2216	6000	5000	1	1	1	1	1	1
5	8	0	5	1000	43020	43022.01	44	6	1	4	5	2	3	14523	0	1000	736	578	0	1	4	5	2	3	1582	1730	1892	2074	2216	6000	5000	1	1	1	1	1	1
5	9	1	5	1000	48020	48021.998	49	3.899	1	4	5	2	3	14523	0	1000	744	590	0	1	4	5	2	3	1594	1758	1932	2118	2250	6000	5000	1	1	1	1	1	1
5	10	0	5	1000	53020	53021.996	54	3.86	1	3	2	5	4	13254	0	1000	784	392	0	1	3	2	5	4	1396	1546	1730	1868	2040	6000	5000	1	1	1	1	1	1
5	11	1	5	1000	58020	58022.033	59	0	3	2	4	5	1	32451	0	1000	812	488	0	3	2	4	5	1	1492	1662	1820	1976	2156	6000	5000	1	1	1	1	1	1
5	12	0	5	1000	63020	63020.018	63	998.019	1	3	2	5	4	13254	0	1000	790	634	0	1	3	2	5	4	1638	1800	1984	2130	2296	6000	5000	1	1	1	1	1	1
5	13	0	5	1000	68020	68020.024	68	996.012	1	3	2	5	4	13254	0	1000	798	484	0	1	3	2	5	4	1488	1688	1866	2000	2140	6000	5000	1	1	1	1	1	1
5	14	1	5	1000	73020	73022.092	73	996.081	1	3	2	5	4	13254	0	1000	728	470	0	1	3	2	5	4	1474	1634	1794	1934	2070	6000	5000	1	1	1	1	1	1
5	15	1	5	1000	78020	78021.996	78	993.989	3	2	4	5	1	32451	0	1000	770	562	0	3	2	4	5	1	1566	1744	1882	2028	2204	6000	5000	1	1	1	1	1	1
5	16	0	5	1000	83020	83021.988	83	991.992	3	5	1	2	4	35124	0	1000	648	394	0	3	5	1	2	4	1398	1526	1672	1786	1910	6000	5000	1	1	1	1	1	1
5	17	0	5	1000	88020	88022.092	88	990.102	3	5	1	2	4	35124	0	16000	674	446	0	3	5	1	2	4	1450	1582	1730	1844	1968	6000	5000	1	1	1	1	1	1
5	18	0	5	1000	108020	108020.024	108	982.027	3	5	1	2	4	35124	0	1000	772	1266	0	3	5	1	2	4	2270	2440	2596	2742	2880	6000	5000	1	1	1	1	1	1
5	19	0	5	1000	113020	113022.004	113	981.971	1	3	2	5	4	13254	0	1000	740	536	0	1	3	2	5	4	1540	1692	1848	2000	2120	6000	5000	1	1	1	1	1	1
5	20	1	5	1000	118020	118020.03	118	978.031	1	4	5	2	3	14523	0	1000	722	430	0	1	4	5	2	3	1434	1578	1738	1894	2046	6000	5000	1	1	1	1	1	1
5	21	1	5	1000	123020	123020.017	123	976	3	2	4	5	1	32451	0	1000	824	422	0	3	2	4	5	1	1426	1592	1748	1918	2094	6000	5000	1	1	1	1	1	1
5	22	1	5	1000	128020	128020.011	128	976.013	3	5	1	2	4	35124	0	1000	752	308	0	3	5	1	2	4	1312	1472	1636	1764	1892	6000	5000	1	1	1	1	1	1
5	23	0	5	1000	133020	133022.016	133	976.009	3	2	4	5	1	32451	0	1000	1522	414	0	3	2	4	5	1	1418	2146	2422	2622	2788	6000	5000	1	1	1	1	1	1
5	24	0	5	1000	138020	138021.998	138	973.993	3	2	4	5	1	32451	0	1000	736	602	0	3	2	4	5	1	1606	1756	1904	2032	2218	6000	5000	1	1	1	1	1	1
5	25	1	5	1000	143020	143021.993	143	971.979	3	2	4	5	1	32451	0	1000	736	418	0	3	2	4	5	1	1422	1544	1680	1812	1952	6000	5000	1	1	1	1	1	1
5	26	1	5	1000	148020	148020	148	968.002	1	4	5	2	3	14523	0	1000	656	382	0	1	4	5	2	3	1386	1514	1658	1818	1948	6000	5000	1	1	1	1	1	1
5	27	1	5	1000	153020	153020.011	153	966.015	1	3	2	5	4	13254	0	1000	1554	424	1	1	2	2	5	4	1428	1742	2362	2628	2852	6000	5000	0	1	1	1	1	1
5	28	1	5	1000	158020	158022.023	158	966.011	3	5	1	2	4	35124	0	1000	824	692	0	3	5	1	2	4	1696	1870	2064	2198	2356	6000	5000	1	1	1	1	1	1
5	29	1	5	1000	163020	163020.021	163	964.01	1	4	5	2	3	14523	0	1000	724	564	0	1	4	5	2	3	1568	1722	1882	2040	2186	6000	5000	1	1	1	1	1	1
5	30	0	5	1000	168020	168020.009	168	962.012	3	5	1	2	4	35124	0	1000	720	476	0	3	5	1	2	4	1480	1646	1792	1902	2042	6000	5000	1	1	1	1	1	1
5	31	0	5	1000	173020	173020.026	173	960.05	3	2	4	5	1	32451	0	1000	882	578	0	3	2	4	5	1	1582	1742	1886	2050	2250	6000	5000	1	1	1	1	1	1
5	32	0	5	1000	178020	178020.024	178	958.016	3	5	1	2	4	35124	0	1000	712	552	0	3	5	1	2	4	1556	1710	1852	1972	2114	6000	5000	1	1	1	1	1	1
5	33	0	5	1000	183020	183020	183	955.998	1	4	5	2	3	14523	0	1000	752	570	0	1	4	5	2	3	1574	1722	1916	2064	2204	6000	5000	1	1	1	1	1	1
5	34	0	5	1000	188020	188020.007	188	954.006	3	5	1	2	4	35124	0	16000	750	500	0	3	5	1	2	4	1504	1654	1802	1928	2068	6000	5000	1	1	1	1	1	1
5	35	0	5	1000	208020	208022.132	208	950.133	3	5	1	2	4	35124	0	1000	784	704	0	3	5	1	2	4	1708	1886	2060	2192	2336	6000	5000	1	1	1	1	1	1
5	36	1	5	1000	213020	213020.01	213	946.001	3	5	1	2	4	35124	0	1000	790	614	0	3	5	1	2	4	1618	1784	1936	2078	2226	6000	5000	1	1	1	1	1	1
5	37	1	5	1000	218020	218021.998	218	945.979	3	2	4	5	1	32451	0	1000	822	526	0	3	2	4	5	1	1530	1698	1828	2016	2182	6000	5000	1	1	1	1	1	1
5	38	0	5	1000	223020	223020.011	223	942.001	3	2	4	5	1	32451	0	1000	972	880	0	3	2	4	5	1	1884	2130	2334	2506	2684	6000	5000	1	1	1	1	1	1
5	39	1	5	1000	228020	228021.99	228	941.989	1	3	2	5	4	13254	0	1000	756	514	0	1	3	2	5	4	1518	1678	1854	1992	2110	6000	5000	1	1	1	1	1	1
5	40	0	5	1000	233020	233020.01	233	940.01	3	5	1	2	4	35124	0	1000	748	470	0	3	5	1	2	4	1474	1624	1766	1896	2040	6000	5000	1	1	1	1	1	1
5	41	1	5	1000	238020	238020.005	238	937.988	1	4	5	2	3	14523	0	1000	764	454	0	1	4	5	2	3	1458	1612	1782	1948	2082	6000	5000	1	1	1	1	1	1
5	42	0	5	1000	243020	243021.988	243	937.987	3	2	4	5	1	32451	0	1000	1408	544	0	3	2	4	5	1	1548	1756	1974	2130	2804	6000	5000	1	1	1	1	1	1
5	43	0	5	1000	248020	248020	248	933.998	1	4	5	2	3	14523	0	1000	734	562	0	1	4	5	2	3	1566	1720	1914	2056	2196	6000	5000	1	1	1	1	1	1
5	44	1	5	1000	253020	253021.99	253	933.989	3	5	1	2	4	35124	0	1000	804	740	0	3	5	1	2	4	1744	1914	2060	2206	2366	6000	5000	1	1	1	1	1	1
5	45	0	5	1000	258020	258021.986	258	931.985	1	3	2	5	4	13254	0	1000	990	518	0	1	3	2	5	4	1522	1682	1918	2158	2326	6000	5000	1	1	1	1	1	1
5	46	1	5	1000	263020	263021.98	263	929.988	3	5	1	2	4	35124	0	1000	742	520	0	3	5	1	2	4	1524	1684	1824	1954	2106	6000	5000	1	1	1	1	1	1
5	47	1	5	1000	268020	268021.987	268	930.001	1	3	2	5	4	13254	0	1000	780	458	0	1	3	2	5	4	1462	1614	1788	1920	2072	6000	5000	1	1	1	1	1	1
5	48	0	5	1000	273020	273022.003	273	928.005	3	2	4	5	1	32451	0	1000	898	528	0	3	2	4	5	1	1532	1704	1894	2074	2260	6000	5000	1	1	1	1	1	1
5	49	1	5	1000	278020	278021.985	278	925.998	3	5	1	2	4	35124	0	1000	764	540	0	3	5	1	2	4	1544	1694	1838	1974	2136	6000	5000	1	1	1	1	1	1
5	50	0	5	1000	283020	283021.995	283	923.996	1	4	5	2	3	14523	0	1000	748	554	0	1	4	5	2	3	1558	1710	1884	2030	2196	6000	5000	1	1	1	1	1	1
5	51	0	5	1000	288020	288021.993	288	922.006	1	3	2	5	4	13254	0	16000	822	724	0	1	3	2	5	4	1728	1910	2074	2244	2400	6000	5000	1	1	1	1	1	1
5	52	0	5	1000	308020	308021.999	308	916.001	1	3	2	5	4	13254	0	1000	786	516	0	1	3	2	5	4	1520	1672	1844	2000	2152	6000	5000	1	1	1	1	1	1
5	53	0	5	1000	313020	313021.988	313	913.997	1	4	5	2	3	14523	0	1000	1482	570	1	1	4	2	2	3	1574	1710	2018	2782	2974	6000	5000	0	1	1	1	1	1
5	54	1	5	1000	318020	318022.008	318	912.041	1	3	2	5	4	13254	0	1000	726	504	0	1	3	2	5	4	1508	1694	1848	1982	2096	6000	5000	1	1	1	1	1	1
5	55	1	5	1000	323020	323021.967	323	909.98	1	3	2	5	4	13254	0	1000	736	562	0	1	3	2	5	4	1566	1720	1876	2016	2126	6000	5000	1	1	1	1	1	1
5	56	0	5	1000	328020	328021.998	328	908	1	3	2	5	4	13254	0	1000	772	508	0	1	3	2	5	4	1512	1670	1852	1994	2100	6000	5000	1	1	1	1	1	1
5	57	0	5	1000	333020	333021.968	333	905.971	3	2	4	5	1	32451	0	1000	1200	572	0	3	2	4	5	1	1576	1798	2160	2366	2562	6000	5000	1	1	1	1	1	1
5	58	1	5	1000	338020	338020.002	338	904.007	1	4	5	2	3	14523	0	1000	698	494	0	1	4	5	2	3	1498	1644	1800	1936	2102	6000	5000	1	1	1	1	1	1
5	59	1	5	1000	343020	343021.986	343	903.997	3	5	1	2	4	35124	0	1000	768	384	0	3	5	1	2	4	1388	1548	1684	1828	1988	6000	5000	1	1	1	1	1	1
5	60	1	5	1000	348020	348021.971	348	901.981	3	5	1	2	4	35124	0	1000	828	500	0	3	5	1	2	4	1504	1668	1826	1984	2136	6000	5000	1	1	1	1	1	1
5	61	0	5	1000	353020	353021.999	353	900.009	3	5	1	2	4	35124	0	1000	838	520	0	3	5	1	2	4	1524	1728	1858	2012	2174	6000	5000	1	1	1	1	1	1
5	62	1	5	1000	358020	358020	358	896.002	1	3	2	5	4	13254	0	1000	888	502	0	1	3	2	5	4	1506	1676	1844	2028	2196	6000	5000	1	1	1	1	1	1
5	63	0	5	1000	363020	363021.987	363	895.99	1	4	5	2	3	14523	0	1000	806	546	0	1	4	5	2	3	1550	1706	1888	2074	2240	6000	5000	1	1	1	1	1	1
5	64	0	5	1000	368020	368021.968	368	893.976	3	2	4	5	1	32451	0	1000	1002	592	0	3	2	4	5	1	1596	1794	1974	2188	2400	6000	5000	1	1	1	1	1	1
5	65	0	5	1000	373020	373020.001	373	892.01	1	3	2	5	4	13254	0	1000	1240	564	1	1	3	2	4	4	1568	1734	1912	2130	2684	6000	5000	0	1	1	1	1	1
5	66	0	5	1000	378020	378021.999	378	892.011	3	5	1	2	4	35124	0	1000	826	428	0	3	5	1	2	4	1432	1594	1758	1888	2086	6000	5000	1	1	1	1	1	1
5	67	1	5	1000	383020	383020.001	383	888.016	3	2	4	5	1	32451	0	1000	896	480	0	3	2	4	5	1	1484	1664	1820	1986	2220	6000	5000	1	1	1	1	1	1
5	68	1	5	1000	388020	388021.975	388	887.987	3	2	4	5	1	32451	0	16000	870	532	0	3	2	4	5	1	1536	1670	1854	2042	2246	6000	5000	1	1	1	1	1	1
6	1	0	5	1000	8020	8020.039	9	16.014	1	4	5	2	3	14523	0	1000	896	822	0	1	4	5	2	3	1826	2002	2224	2430	2622	6000	5000	1	1	1	1	1	1
6	2	1	5	1000	13020	13022.113	14	16.124	1	4	5	2	3	14523	0	1000	790	526	0	1	4	5	2	3	1530	1670	1884	2062	2210	6000	5000	1	1	1	1	1	1
6	3	0	5	1000	18020	18020.002	19	12.01	3	5	1	2	4	35124	0	1000	786	400	0	3	5	1	2	4	1404	1572	1732	1854	2004	6000	5000	1	1	1	1	1	1
6	4	0	5	1000	23020	23021.991	24	12.014	1	3	2	5	4	13254	0	1000	734	514	0	1	3	2	5	4	1518	1660	1818	1966	2092	6000	5000	1	1	1	1	1	1
6	5	0	5	1000	28020	28020.003	29	9.863	1	4	5	2	3	14523	0	1000	696	462	0	1	4	5	2	3	1466	1602	1766	1904	2048	6000	5000	1	1	1	1	1	1
6	6	0	5	1000	33020	33022.002	34	10.014	3	5	1	2	4	35124	0	1000	710	466	0	3	5	1	2	4	1470	1594	1734	1856	2024	6000	5000	1	1	1	1	1	1
6	7	1	5	1000	38020	38020.011	39	6.002	1	3	2	5	4	13254	0	1000	754	402	0	1	3	2	5	4	1406	1546	1700	1856	1978	6000	5000	1	1	1	1	1	1
6	8	1	5	1000	43020	43021.988	44	5.998	3	5	1	2	4	35124	0	1000	730	430	0	3	5	1	2	4	1434	1576	1712	1820	1966	6000	5000	1	1	1	1	1	1
6	9	1	5	1000	48020	48021.988	49	4	3	2	4	5	1	32451	0	1000	756	488	0	3	2	4	5	1	1492	1626	1772	1908	2066	6000	5000	1	1	1	1	1	1
6	10	0	5	1000	53020	53021.991	54	2.003	1	3	2	5	4	13254	0	1000	954	554	0	1	3	2	5	4	1558	1714	2002	2194	2364	6000	5000	1	1	1	1	1	1
6	11	1	5	1000	58020	58021.997	59	0	1	3	2	5	4	13254	0	1000	744	458	0	1	3	2	5	4	1462	1612	1742	1892	2008	6000	5000	1	1	1	1	1	1
6	12	1	5	1000	63020	63021.992	64	0	1	3	2	5	4	13254	0	1000	746	488	0	1	3	2	5	4	1492	1658	1812	1962	2068	6000	5000	1	1	1	1	1	1
6	13	0	5	1000	68020	68021.99	68	997.893	3	5	1	2	4	35124	0	1000	760	570	0	3	5	1	2	4	1574	1720	1880	2000	2130	6000	5000	1	1	1	1	1	1
6	14	1	5	1000	73020	73022.073	73	996.098	3	5	1	2	4	35124	0	1000	754	460	0	3	5	1	2	4	1464	1594	1746	1852	1992	6000	5000	1	1	1	1	1	1
6	15	1	5	1000	78020	78020.001	78	992.008	3	5	1	2	4	35124	0	1000	784	562	0	3	5	1	2	4	1566	1728	1860	1996	2146	6000	5000	1	1	1	1	1	1
6	16	0	5	1000	83020	83021.993	83	991.996	3	2	4	5	1	32451	0	1000	862	580	0	3	2	4	5	1	1584	1766	1926	2076	2238	6000	5000	1	1	1	1	1	1
6	17	1	5	1000	88020	88022.004	88	990.005	1	4	5	2	3	14523	0	16000	754	522	0	1	4	5	2	3	1526	1664	1826	1994	2158	6000	5000	1	1	1	1	1	1
6	18	1	5	1000	108020	108021.989	108	984.001	1	4	5	2	3	14523	0	1000	724	500	0	1	4	5	2	3	1504	1642	1822	1964	2120	6000	5000	1	1	1	1	1	1
6	19	1	5	1000	113020	113020.009	113	979.917	1	4	5	2	3	14523	0	1000	682	440	0	1	4	5	2	3	1444	1562	1722	1876	2008	6000	5000	1	1	1	1	1	1
6	20	1	5	1000	118020	118020.002	118	978	3	2	4	5	1	32451	0	1000	910	520	0	3	2	4	5	1	1524	1680	1838	2006	2216	6000	5000	1	1	1	1	1	1
6	21	0	5	1000	123020	123020.016	123	976.004	3	5	1	2	4	35124	0	1000	782	502	0	3	5	1	2	4	1506	1658	1808	1938	2080	6000	5000	1	1	1	1	1	1
6	22	1	5	1000	128020	128021.993	128	977.979	3	2	4	5	1	32451	0	1000	896	502	0	3	2	4	5	1	1506	1650	1808	1986	2190	6000	5000	1	1	1	1	1	1
6	23	0	5	1000	133020	133021.988	133	975.999	3	2	4	5	1	32451	0	1000	860	488	0	3	2	4	5	1	1492	1632	1786	1956	2138	6000	5000	1	1	1	1	1	1
6	24	0	5	1000	138020	138021.991	138	974.001	3	2	4	5	1	32451	0	1000	844	524	0	3	2	4	5	1	1528	1656	1812	2014	2170	6000	5000	1	1	1	1	1	1
6	25	1	5	1000	143020	143020.002	143	970.012	1	3	2	5	4	13254	0	1000	788	514	0	1	3	2	5	4	1518	1652	1796	1968	2122	6000	5000	1	1	1	1	1	1
6	26	0	5	1000	148020	148020.004	148	968.013	1	3	2	5	4	13254	0	1000	748	364	0	1	3	2	5	4	1368	1508	1652	1808	1938	6000	5000	1	1	1	1	1	1
6	27	0	5	1000	153020	153021.99	153	967.997	3	5	1	2	4	35124	0	1000	758	442	0	3	5	1	2	4	1446	1626	1740	1858	1978	6000	5000	1	1	1	1	1	1
6	28	0	5	1000	158020	158021.991	158	966.015	3	2	4	5	1	32451	0	1000	818	550	0	3	2	4	5	1	1554	1690	1838	2004	2158	6000	5000	1	1	1	1	1	1
6	29	1	5	1000	163020	163021.988	163	965.984	3	2	4	5	1	32451	0	1000	772	564	0	3	2	4	5	1	1568	1702	1850	2008	2144	6000	5000	1	1	1	1	1	1
6	30	1	5	1000	168020	168020.004	168	962.015	1	3	2	5	4	13254	0	1000	720	410	0	1	3	2	5	4	1414	1548	1682	1836	1962	6000	5000	1	1	1	1	1	1
6	31	1	5	1000	173020	173021.99	173	962.01	1	4	5	2	3	14523	0	1000	644	438	0	1	4	5	2	3	1442	1558	1734	1848	1986	6000	5000	1	1	1	1	1	1
6	32	0	5	1000	178020	178021.99	178	960.002	3	2	4	5	1	32451	0	1000	762	414	0	3	2	4	5	1	1418	1550	1680	1844	1998	6000	5000	1	1	1	1	1	1
6	33	0	5	1000	183020	183021.992	183	957.991	1	3	2	5	4	13254	0	1000	712	498	0	1	3	2	5	4	1502	1646	1782	1936	2032	6000	5000	1	1	1	1	1	1
6	34	1	5	1000	188020	188022.001	188	956.002	1	4	5	2	3	14523	0	16000	658	502	0	1	4	5	2	3	1506	1610	1780	1916	2032	6000	5000	1	1	1	1	1	1
6	35	1	5	1000	208020	208022.002	208	950.025	1	4	5	2	3	14523	0	1000	666	510	0	1	4	5	2	3	1514	1632	1790	1942	2058	6000	5000	1	1	1	1	1	1
6	36	1	5	1000	213020	213020.004	213	946.016	1	3	2	5	4	13254	0	1000	706	458	0	1	3	2	5	4	1462	1610	1736	1896	2020	6000	5000	1	1	1	1	1	1
6	37	1	5	1000	218020	218021.99	218	945.901	3	2	4	5	1	32451	0	1000	786	398	0	3	2	4	5	1	1402	1550	1688	1860	1972	6000	5000	1	1	1	1	1	1
6	38	1	5	1000	223020	223021.988	223	945.999	3	5	1	2	4	35124	0	1000	788	460	0	3	5	1	2	4	1464	1614	1780	1922	2050	6000	5000	1	1	1	1	1	1
6	39	0	5	1000	228020	228021.963	228	941.965	1	3	2	5	4	13254	0	1000	762	478	0	1	3	2	5	4	1482	1632	1776	1924	2060	6000	5000	1	1	1	1	1	1
6	40	1	5	1000	233020	233021.958	233	941.979	3	5	1	2	4	35124	0	1000	0	490	0	3	5	1	2	4	1494	1652	1786	1898	2028	6000	5000	0	1	1	1	1	1
6	41	0	5	1000	238020	238021.981	238	940.005	1	4	5	2	3	14523	0	1000	650	470	0	1	4	5	2	3	1474	1586	1754	1890	2016	6000	5000	1	1	1	1	1	1
6	42	0	5	1000	243020	243021.981	243	937.999	1	4	5	2	3	14523	0	1000	628	402	0	1	4	5	2	3	1406	1506	1666	1792	1904	6000	5000	1	1	1	1	1	1
6	43	1	5	1000	248020	248020.002	248	934.046	3	5	1	2	4	35124	0	1000	840	718	0	3	5	1	2	4	1722	1854	2016	2152	2420	6000	5000	1	1	1	1	1	1
6	44	1	5	1000	253020	253021.978	253	935.993	1	4	5	2	3	14523	0	1000	624	484	0	1	4	5	2	3	1488	1600	1760	1896	1990	6000	5000	1	1	1	1	1	1
6	45	0	5	1000	258020	258021.971	258	931.99	1	3	2	5	4	13254	0	1000	996	936	0	1	3	2	5	4	1940	2208	2416	2570	2762	6000	5000	1	1	1	1	1	1
6	46	0	5	1000	263020	263021.959	263	929.983	1	3	2	5	4	13254	0	1000	752	418	0	1	3	2	5	4	1422	1600	1746	1886	2006	6000	5000	1	1	1	1	1	1
6	47	1	5	1000	268020	268021.982	268	930.003	3	2	4	5	1	32451	0	1000	910	490	0	3	2	4	5	1	1494	1674	1802	1950	2092	6000	5000	1	1	1	1	1	1
6	48	1	5	1000	273020	273021.983	273	927.993	1	4	5	2	3	14523	0	1000	638	548	0	1	4	5	2	3	1552	1688	1830	1968	2106	6000	5000	1	1	1	1	1	1
6	49	1	5	1000	278020	278021.978	278	926.019	3	5	1	2	4	35124	0	1000	728	492	0	3	5	1	2	4	1496	1642	1766	1892	2018	6000	5000	1	1	1	1	1	1
6	50	0	5	1000	283020	283021.977	283	923.998	3	5	1	2	4	35124	0	1000	694	654	0	3	5	1	2	4	1658	1812	1946	2070	2196	6000	5000	1	1	1	1	1	1
6	51	0	5	1000	288020	288020.02	288	920.039	1	4	5	2	3	14523	0	16000	710	470	0	1	4	5	2	3	1474	1622	1808	1958	2090	6000	5000	1	1	1	1	1	1
6	52	0	5	1000	308020	308021.979	308	915.988	1	4	5	2	3	14523	0	1000	674	570	0	1	4	5	2	3	1574	1712	1898	2014	2154	6000	5000	1	1	1	1	1	1
6	53	1	5	1000	313020	313021.99	313	914.013	1	3	2	5	4	13254	0	1000	686	488	0	1	3	2	5	4	1492	1642	1780	1920	2026	6000	5000	1	1	1	1	1	1
6	54	0	5	1000	318020	318021.979	318	911.999	1	4	5	2	3	14523	0	1000	608	554	0	1	4	5	2	3	1558	1666	1812	1946	2072	6000	5000	1	1	1	1	1	1
6	55	0	5	1000	323020	323021.978	323	909.998	1	3	2	5	4	13254	0	1000	700	572	0	1	3	2	5	4	1576	1730	1868	1996	2128	6000	5000	1	1	1	1	1	1
6	56	0	5	1000	328020	328021.977	328	907.999	3	2	4	5	1	32451	0	1000	746	578	0	3	2	4	5	1	1582	1712	1848	1988	2148	6000	5000	1	1	1	1	1	1
6	57	1	5	1000	333020	333021.987	333	906.008	3	5	1	2	4	35124	0	1000	656	436	0	3	5	1	2	4	1440	1590	1678	1790	1910	6000	5000	1	1	1	1	1	1
6	58	1	5	1000	338020	338021.96	338	905.983	1	3	2	5	4	13254	0	1000	688	492	0	1	3	2	5	4	1496	1646	1766	1924	2034	6000	5000	1	1	1	1	1	1
6	59	0	5	1000	343020	343021.99	343	904.01	3	2	4	5	1	32451	0	1000	772	572	0	3	2	4	5	1	1576	1710	1850	2000	2160	6000	5000	1	1	1	1	1	1
6	60	0	5	1000	348020	348021.959	348	901.977	3	5	1	2	4	35124	0	1000	666	510	0	3	5	1	2	4	1514	1660	1762	1878	2008	6000	5000	1	1	1	1	1	1
6	61	0	5	1000	353020	353022.005	353	900.012	3	5	1	2	4	35124	0	1000	718	564	0	3	5	1	2	4	1568	1706	1856	1974	2110	6000	5000	1	1	1	1	1	1
6	62	1	5	1000	358020	358021.981	358	898.022	1	4	5	2	3	14523	0	1000	1432	480	0	1	4	5	2	3	1484	1614	1776	1944	2798	6000	5000	1	1	1	1	1	1
6	63	0	5	1000	363020	363021.958	363	895.973	1	4	5	2	3	14523	0	1000	768	656	0	1	4	5	2	3	1660	1820	1976	2134	2326	6000	5000	1	1	1	1	1	1
6	64	0	5	1000	368020	368021.99	368	894.014	3	2	4	5	1	32451	0	1000	832	494	0	3	2	4	5	1	1498	1658	1796	1944	2120	6000	5000	1	1	1	1	1	1
6	65	0	5	1000	373020	373021.99	373	894.01	1	4	5	2	3	14523	0	1000	620	498	0	1	4	5	2	3	1502	1618	1752	1894	2012	6000	5000	1	1	1	1	1	1
6	66	1	5	1000	378020	378021.978	378	891.966	3	2	4	5	1	32451	0	1000	762	556	0	3	2	4	5	1	1560	1692	1806	1968	2148	6000	5000	1	1	1	1	1	1
6	67	1	5	1000	383020	383021.99	383	890.015	3	2	4	5	1	32451	0	1000	760	544	0	3	2	4	5	1	1548	1696	1816	2010	2138	6000	5000	1	1	1	1	1	1
6	68	0	5	1000	388020	388021.978	388	887.995	1	4	5	2	3	14523	0	16000	668	530	0	1	4	5	2	3	1534	1638	1786	1950	2084	6000	5000	1	1	1	1	1	1
7	1	0	5	1000	8020	8020.013	9	16	1	3	2	5	4	13254	0	1000	752	526	0	1	3	2	5	4	1530	1690	1854	1970	2130	6000	5000	1	1	1	1	1	1
7	2	0	5	1000	13020	13021.99	14	16	1	4	5	2	3	14523	0	1000	654	508	0	1	4	5	2	3	1512	1650	1790	1930	2064	6000	5000	1	1	1	1	1	1
7	3	1	5	1000	18020	18021.993	19	14	3	5	1	2	4	35124	0	1000	696	534	0	3	5	1	2	4	1538	1692	1812	1918	2054	6000	5000	1	1	1	1	1	1
7	4	0	5	1000	23020	23021.981	24	12.001	3	5	1	2	4	35124	0	1000	654	496	0	3	5	1	2	4	1500	1632	1752	1884	2016	6000	5000	1	1	1	1	1	1
7	5	1	5	1000	28020	28021.991	29	9.973	1	4	5	2	3	14523	0	1000	780	1156	0	1	4	5	2	3	2160	2352	2514	2686	2852	6000	5000	1	1	1	1	1	1
7	6	0	5	1000	33020	33020.003	34	8	3	5	1	2	4	35124	0	1000	698	576	0	3	5	1	2	4	1580	1736	1870	1984	2110	6000	5000	1	1	1	1	1	1
7	7	0	5	1000	38020	38021.978	39	7.987	3	5	1	2	4	35124	0	1000	642	454	0	3	5	1	2	4	1458	1598	1698	1804	1930	6000	5000	1	1	1	1	1	1
7	8	0	5	1000	43020	43021.976	44	5.993	1	3	2	5	4	13254	0	1000	700	434	0	1	3	2	5	4	1438	1586	1722	1856	1930	6000	5000	1	1	1	1	1	1
7	9	0	5	1000	48020	48020.055	49	2.066	3	5	1	2	4	35124	0	1000	644	452	0	3	5	1	2	4	1456	1600	1714	1826	1942	6000	5000	1	1	1	1	1	1
7	10	1	5	1000	53020	53021.99	54	1.998	1	3	2	5	4	13254	0	1000	684	426	0	1	3	2	5	4	1430	1590	1722	1858	1964	6000	5000	1	1	1	1	1	1
7	11	0	5	1000	58020	58022.005	59	0	3	5	1	2	4	35124	0	1000	664	346	0	3	5	1	2	4	1350	1492	1608	1724	1852	6000	5000	1	1	1	1	1	1
7	12	0	5	1000	63020	63021.99	63	999.918	3	2	4	5	1	32451	0	1000	744	414	0	3	2	4	5	1	1418	1534	1682	1806	1914	6000	5000	1	1	1	1	1	1
7	13	1	5	1000	68020	68020.001	68	995.987	3	5	1	2	4	35124	0	1000	656	406	0	3	5	1	2	4	1410	1546	1652	1760	1896	6000	5000	1	1	1	1	1	1
7	14	0	5	1000	73020	73020.014	73	994.013	1	4	5	2	3	14523	0	1000	660	450	0	1	4	5	2	3	1454	1586	1726	1858	1978	6000	5000	1	1	1	1	1	1
7	15	1	5	1000	78020	78020.006	78	992.008	3	2	4	5	1	32451	0	1000	678	466	0	3	2	4	5	1	1470	1594	1716	1840	1966	6000	5000	1	1	1	1	1	1
7	16	1	5	1000	83020	83020.015	83	990.014	3	2	4	5	1	32451	0	1000	728	544	0	3	2	4	5	1	1548	1686	1816	1972	2094	6000	5000	1	1	1	1	1	1
7	17	1	5	1000	88020	88020.106	88	988.072	1	3	2	5	4	13254	0	16000	686	504	0	1	3	2	5	4	1508	1652	1776	1916	2034	6000	5000	1	1	1	1	1	1
7	18	1	5	1000	108020	108020.004	108	982.011	1	3	2	5	4	13254	0	1000	708	494	0	1	3	2	5	4	1498	1652	1794	1944	2050	6000	5000	1	1	1	1	1	1
7	19	1	5	1000	113020	113020.002	113	980.001	1	4	5	2	3	14523	0	1000	612	582	0	1	4	5	2	3	1586	1718	1868	1990	2096	6000	5000	1	1	1	1	1	1
7	20	1	5	1000	118020	118020.002	118	978.012	1	3	2	5	4	13254	0	1000	640	444	0	1	3	2	5	4	1448	1590	1722	1860	1958	6000	5000	1	1	1	1	1	1
7	21	0	5	1000	123020	123020.001	123	975.998	1	4	5	2	3	14523	0	1000	630	494	0	1	4	5	2	3	1498	1626	1766	1892	2010	6000	5000	1	1	1	1	1	1
7	22	0	5	1000	128020	128020.002	128	974.013	1	3	2	5	4	13254	0	1000	690	712	0	1	3	2	5	4	1716	1868	2004	2142	2236	6000	5000	1	1	1	1	1	1
7	23	0	5	1000	133020	133020.02	133	974.017	1	3	2	5	4	13254	0	1000	664	490	0	1	3	2	5	4	1494	1642	1756	1918	1998	6000	5000	1	1	1	1	1	1
7	24	1	5	1000	138020	138020.001	138	972.002	1	4	5	2	3	14523	0	1000	592	538	0	1	4	5	2	3	1542	1662	1800	1946	2046	6000	5000	1	1	1	1	1	1
7	25	1	5	1000	143020	143021.992	143	972.01	3	5	1	2	4	35124	0	1000	658	470	0	3	5	1	2	4	1474	1614	1730	1832	1958	6000	5000	1	1	1	1	1	1
7	26	1	5	1000	148020	148022.004	148	970.002	1	4	5	2	3	14523	0	1000	598	548	0	1	4	5	2	3	1552	1668	1790	1932	2048	6000	5000	1	1	1	1	1	1
7	27	0	5	1000	153020	153020.103	153	966.111	1	4	5	2	3	14523	0	1000	636	426	0	1	4	5	2	3	1430	1532	1676	1848	1954	6000	5000	1	1	1	1	1	1
7	28	1	5	1000	158020	158020.001	158	963.999	1	4	5	2	3	14523	0	1000	604	472	0	1	4	5	2	3	1476	1594	1710	1860	1996	6000	5000	1	1	1	1	1	1
7	29	0	5	1000	163020	163021.99	163	963.985	3	2	4	5	1	32451	0	1000	770	548	0	3	2	4	5	1	1552	1688	1810	1952	2118	6000	5000	1	1	1	1	1	1
7	30	1	5	1000	168020	168021.989	168	963.985	1	3	2	5	4	13254	0	1000	676	398	0	1	3	2	5	4	1402	1534	1676	1812	1908	6000	5000	1	1	1	1	1	1
7	31	1	5	1000	173020	173021.981	173	961.992	3	2	4	5	1	32451	0	1000	784	532	0	3	2	4	5	1	1536	1662	1780	1928	2092	6000	5000	1	1	1	1	1	1
7	32	0	5	1000	178020	178021.988	178	960.018	1	3	2	5	4	13254	0	1000	700	410	0	1	3	2	5	4	1414	1564	1690	1816	1924	6000	5000	1	1	1	1	1	1
7	33	0	5	1000	183020	183020.001	183	956.007	3	2	4	5	1	32451	0	1000	704	524	0	3	2	4	5	1	1528	1632	1754	1888	2052	6000	5000	1	1	1	1	1	1
7	34	1	5	1000	188020	188020.007	188	954.023	1	4	5	2	3	14523	0	16000	634	576	0	1	4	5	2	3	1580	1704	1862	1998	2104	6000	5000	1	1	1	1	1	1
7	35	1	5	1000	208020	208021.992	208	949.987	1	4	5	2	3	14523	0	1000	614	560	0	1	4	5	2	3	1564	1674	1830	1960	2072	6000	5000	1	1	1	1	1	1
7	36	1	5	1000	213020	213021.98	213	947.948	1	4	5	2	3	14523	0	1000	598	430	0	1	4	5	2	3	1434	1534	1674	1804	1924	6000	5000	1	1	1	1	1	1
7	37	1	5	1000	218020	218021.991	218	945.908	3	2	4	5	1	32451	0	1000	746	454	0	3	2	4	5	1	1458	1614	1724	1890	2042	6000	5000	1	1	1	1	1	1
7	38	1	5	1000	223020	223020.004	223	942.026	3	5	1	2	4	35124	0	1000	668	454	0	3	5	1	2	4	1458	1600	1712	1830	1958	6000	5000	1	1	1	1	1	1
7	39	0	5	1000	228020	228021.979	228	941.997	3	2	4	5	1	32451	0	1000	716	790	0	3	2	4	5	1	1794	1930	2058	2182	2322	6000	5000	1	1	1	1	1	1
7	40	0	5	1000	233020	233021.98	233	939.988	3	5	1	2	4	35124	0	1000	624	482	0	3	5	1	2	4	1486	1632	1742	1836	1956	6000	5000	1	1	1	1	1	1
7	41	0	5	1000	238020	238020.009	238	938.028	1	4	5	2	3	14523	0	1000	608	444	1	1	4	5	2	4	1448	1574	1716	1818	1944	6000	5000	0	1	1	1	1	1
7	42	0	5	1000	243020	243021.978	243	937.992	1	4	5	2	3	14523	0	1000	1684	524	1	1	4	2	2	3	1528	1634	1906	2754	3092	6000	5000	0	1	1	1	1	1
7	43	0	5	1000	248020	248020.008	248	934.015	3	5	1	2	4	35124	0	1000	652	714	0	3	5	1	2	4	1718	1874	2010	2102	2220	6000	5000	1	1	1	1	1	1
7	44	1	5	1000	253020	253021.982	253	933.982	3	5	1	2	4	35124	0	1000	666	510	0	3	5	1	2	4	1514	1672	1786	1904	2026	6000	5000	1	1	1	1	1	1
7	45	1	5	1000	258020	258021.981	258	931.999	3	5	1	2	4	35124	0	1000	692	492	0	3	5	1	2	4	1496	1624	1752	1862	1996	6000	5000	1	1	1	1	1	1
7	46	1	5	1000	263020	263021.979	263	930.001	1	3	2	5	4	13254	0	1000	756	482	0	1	3	2	5	4	1486	1644	1798	1942	2056	6000	5000	1	1	1	1	1	1
7	47	1	5	1000	268020	268021.98	268	927.996	1	3	2	5	4	13254	0	1000	784	514	0	1	3	2	5	4	1518	1668	1824	1984	2112	6000	5000	1	1	1	1	1	1
7	48	0	5	1000	273020	273021.979	273	928.015	3	2	4	5	1	32451	0	1000	1230	590	0	3	2	4	5	1	1594	1738	1866	2374	2600	6000	5000	1	1	1	1	1	1
7	49	1	5	1000	278020	278021.99	278	925.984	3	2	4	5	1	32451	0	1000	896	508	0	3	2	4	5	1	1512	1640	1798	1962	2134	6000	5000	1	1	1	1	1	1
7	50	0	5	1000	283020	283021.981	283	923.998	3	5	1	2	4	35124	0	1000	714	506	0	3	5	1	2	4	1510	1658	1776	1892	2024	6000	5000	1	1	1	1	1	1
7	51	1	5	1000	288020	288021.982	288	921.989	3	2	4	5	1	32451	0	16000	802	568	0	3	2	4	5	1	1572	1702	1836	2004	2180	6000	5000	1	1	1	1	1	1
7	52	1	5	1000	308020	308022.009	308	916.014	3	2	4	5	1	32451	0	1000	840	644	0	3	2	4	5	1	1648	1792	1912	2096	2294	6000	5000	1	1	1	1	1	1
7	53	1	5	1000	313020	313021.979	313	913.995	1	4	5	2	3	14523	0	1000	686	534	0	1	4	5	2	3	1538	1672	1846	1984	2120	6000	5000	1	1	1	1	1	1
7	54	0	5	1000	318020	318021.978	318	911.986	1	3	2	5	4	13254	0	1000	700	486	0	1	3	2	5	4	1490	1626	1766	1906	2012	6000	5000	1	1	1	1	1	1
7	55	1	5	1000	323020	323020.009	323	908.021	1	3	2	5	4	13254	0	1000	708	488	0	1	3	2	5	4	1492	1650	1788	1942	2064	6000	5000	1	1	1	1	1	1
7	56	0	5	1000	328020	328021.981	328	909.99	1	3	2	5	4	13254	0	1000	750	530	0	1	3	2	5	4	1534	1698	1842	1996	2108	6000	5000	1	1	1	1	1	1
7	57	1	5	1000	333020	333021.978	333	905.998	3	2	4	5	1	32451	0	1000	786	652	0	3	2	4	5	1	1656	1810	1926	2118	2262	6000	5000	1	1	1	1	1	1
7	58	0	5	1000	338020	338020.006	338	902.046	1	4	5	2	3	14523	0	1000	654	544	0	1	4	5	2	3	1548	1684	1838	1962	2090	6000	5000	1	1	1	1	1	1
7	59	0	5	1000	343020	343021.979	343	901.998	3	2	4	5	1	32451	0	1000	776	436	0	3	2	4	5	1	1440	1584	1722	1886	2042	6000	5000	1	1	1	1	1	1
7	60	0	5	1000	348020	348021.981	348	901.974	3	2	4	5	1	32451	0	1000	724	536	0	3	2	4	5	1	1540	1668	1800	1960	2112	6000	5000	1	1	1	1	1	1
7	61	0	5	1000	353020	353021.979	353	899.997	1	4	5	2	3	14523	0	1000	624	506	0	1	4	5	2	3	1510	1624	1776	1924	2032	6000	5000	1	1	1	1	1	1
7	62	1	5	1000	358020	358021.976	358	897.996	1	3	2	5	4	13254	0	1000	720	538	0	1	3	2	5	4	1542	1684	1812	1956	2052	6000	5000	1	1	1	1	1	1
7	63	1	5	1000	363020	363021.977	363	896.001	3	5	1	2	4	35124	0	1000	700	588	0	3	5	1	2	4	1592	1756	1898	2008	2130	6000	5000	1	1	1	1	1	1
7	64	1	5	1000	368020	368021.97	368	893.988	3	2	4	5	1	32451	0	1000	834	550	0	3	2	4	5	1	1554	1686	1812	2002	2156	6000	5000	1	1	1	1	1	1
7	65	0	5	1000	373020	373021.991	373	892.009	3	2	4	5	1	32451	0	1000	758	452	0	3	2	4	5	1	1456	1594	1706	1862	2008	6000	5000	1	1	1	1	1	1
7	66	0	5	1000	378020	378021.978	378	890.012	1	3	2	5	4	13254	0	1000	672	454	0	1	3	2	5	4	1458	1600	1732	1878	1974	6000	5000	1	1	1	1	1	1
7	67	1	5	1000	383020	383021.984	383	890	3	5	1	2	4	35124	0	1000	696	378	0	3	5	1	2	4	1382	1536	1656	1760	1886	6000	5000	1	1	1	1	1	1
7	68	0	5	1000	388020	388021.982	388	888.007	1	3	2	5	4	13254	0	16000	678	502	0	1	3	2	5	4	1506	1662	1782	1944	2030	6000	5000	1	1	1	1	1	1
8	1	1	5	1000	8020	8021.988	9	18.016	1	4	5	2	3	14523	0	1000	708	578	0	1	4	5	2	3	1582	1720	1898	2062	2186	6000	5000	1	1	1	1	1	1
8	2	0	5	1000	13020	13021.964	14	15.982	1	3	2	5	4	13254	0	1000	722	502	0	1	3	2	5	4	1506	1660	1804	1954	2072	6000	5000	1	1	1	1	1	1
8	3	1	5	1000	18020	18021.98	19	13.983	1	3	2	5	4	13254	0	1000	736	414	0	1	3	2	5	4	1418	1582	1748	1888	2004	6000	5000	1	1	1	1	1	1
8	4	0	5	1000	23020	23021.98	24	12.015	3	2	4	5	1	32451	0	1000	782	492	0	3	2	4	5	1	1496	1658	1780	1928	2088	6000	5000	1	1	1	1	1	1
8	5	0	5	1000	28020	28021.987	29	9.996	3	2	4	5	1	32451	0	1000	708	488	0	3	2	4	5	1	1492	1624	1754	1890	2014	6000	5000	1	1	1	1	1	1
8	6	0	5	1000	33020	33021.99	34	8.022	1	3	2	5	4	13254	0	1000	690	480	0	1	3	2	5	4	1484	1638	1758	1910	1994	6000	5000	1	1	1	1	1	1
8	7	0	5	1000	38020	38021.965	39	7.997	1	4	5	2	3	14523	0	1000	660	570	0	1	4	5	2	3	1574	1688	1860	1998	2116	6000	5000	1	1	1	1	1	1
8	8	0	5	1000	43020	43021.981	44	6.014	1	4	5	2	3	14523	0	1000	650	610	0	1	4	5	2	3	1614	1732	1888	2016	2158	6000	5000	1	1	1	1	1	1
8	9	0	5	1000	48020	48021.987	49	4.007	3	5	1	2	4	35124	0	1000	700	546	0	3	5	1	2	4	1550	1692	1850	1972	2086	6000	5000	1	1	1	1	1	1
8	10	0	5	1000	53020	53020.011	54	0	1	3	2	5	4	13254	0	1000	680	456	0	1	3	2	5	4	1460	1594	1732	1886	2000	6000	5000	1	1	1	1	1	1
8	11	0	5	1000	58020	58021.982	59	0	3	2	4	5	1	32451	0	1000	774	442	0	3	2	4	5	1	1446	1578	1714	1866	2036	6000	5000	1	1	1	1	1	1
8	12	1	5	1000	63020	63021.966	63	998	3	5	1	2	4	35124	0	1000	670	522	0	3	5	1	2	4	1526	1670	1810	1922	2046	6000	5000	1	1	1	1	1	1
8	13	0	5	1000	68020	68021.969	68	997.979	3	2	4	5	1	32451	0	1000	750	452	0	3	2	4	5	1	1456	1580	1700	1850	2022	6000	5000	1	1	1	1	1	1
8	14	0	5	1000	73020	73021.968	73	996.003	1	4	5	2	3	14523	0	1000	684	452	0	1	4	5	2	3	1456	1588	1766	1882	2014	6000	5000	1	1	1	1	1	1
8	15	1	5	1000	78020	78021.989	78	994.014	3	2	4	5	1	32451	0	1000	752	566	0	3	2	4	5	1	1570	1720	1826	1984	2152	6000	5000	1	1	1	1	1	1
8	16	0	5	1000	83020	83021.964	83	991.982	1	3	2	5	4	13254	0	1000	980	442	0	1	3	2	5	4	1446	1592	1928	2112	2270	6000	5000	1	1	1	1	1	1
8	17	0	5	1000	88020	88021.967	88	989.999	1	3	2	5	4	13254	0	16000	696	474	0	1	3	2	5	4	1478	1626	1750	1904	1994	6000	5000	1	1	1	1	1	1
8	18	0	5	1000	108020	108021.979	108	983.999	1	3	2	5	4	13254	0	1000	716	550	0	1	3	2	5	4	1554	1702	1846	2002	2134	6000	5000	1	1	1	1	1	1
8	19	1	5	1000	113020	113021.987	113	982.02	1	4	5	2	3	14523	0	1000	644	510	0	1	4	5	2	3	1514	1634	1786	1922	2064	6000	5000	1	1	1	1	1	1
8	20	1	5	1000	118020	118021.995	118	980.037	3	5	1	2	4	35124	0	1000	740	496	0	3	5	1	2	4	1500	1650	1774	1902	2022	6000	5000	1	1	1	1	1	1
8	21	1	5	1000	123020	123021.979	123	978.002	1	3	2	5	4	13254	0	1000	746	482	0	1	3	2	5	4	1486	1646	1794	1962	2054	6000	5000	1	1	1	1	1	1
8	22	0	5	1000	128020	128021.979	128	976.024	3	5	1	2	4	35124	0	1000	708	484	0	3	5	1	2	4	1488	1642	1772	1896	2020	6000	5000	1	1	1	1	1	1
8	23	0	5	1000	133020	133021.969	133	973.907	3	2	4	5	1	32451	0	1000	842	626	0	3	2	4	5	1	1630	1776	1910	2060	2242	6000	5000	1	1	1	1	1	1
8	24	1	5	1000	138020	138021.979	138	974.011	3	2	4	5	1	32451	0	1000	862	580	0	3	2	4	5	1	1584	1728	1854	2040	2226	6000	5000	1	1	1	1	1	1
8	25	1	5	1000	143020	143021.981	143	971.986	1	4	5	2	3	14523	0	1000	676	396	0	1	4	5	2	3	1400	1522	1690	1824	1962	6000	5000	1	1	1	1	1	1
8	26	1	5	1000	148020	148021.984	148	970.018	3	2	4	5	1	32451	0	1000	738	550	0	3	2	4	5	1	1554	1690	1810	1954	2114	6000	5000	1	1	1	1	1	1
8	27	1	5	1000	153020	153021.99	153	968.009	1	3	2	5	4	13254	0	1000	724	386	0	1	3	2	5	4	1390	1524	1672	1842	1930	6000	5000	1	1	1	1	1	1
8	28	0	5	1000	158020	158021.98	158	965.995	1	3	2	5	4	13254	0	1000	708	344	0	1	3	2	5	4	1348	1492	1618	1788	1900	6000	5000	1	1	1	1	1	1
8	29	0	5	1000	163020	163021.968	163	963.93	3	5	1	2	4	35124	0	1000	654	458	0	3	5	1	2	4	1462	1600	1710	1832	1952	6000	5000	1	1	1	1	1	1
8	30	1	5	1000	168020	168021.968	168	961.997	3	5	1	2	4	35124	0	1000	650	584	0	3	5	1	2	4	1588	1724	1856	1962	2072	6000	5000	1	1	1	1	1	1
8	31	1	5	1000	173020	173021.991	173	962.024	1	4	5	2	3	14523	0	1000	644	482	0	1	4	5	2	3	1486	1604	1748	1914	2016	6000	5000	1	1	1	1	1	1
8	32	1	5	1000	178020	178021.956	178	959.996	1	3	2	5	4	13254	0	1000	650	426	0	1	3	2	5	4	1430	1550	1690	1828	1932	6000	5000	1	1	1	1	1	1
8	33	0	5	1000	183020	183021.956	183	957.979	1	4	5	2	3	14523	0	1000	584	518	0	1	4	5	2	3	1522	1624	1758	1890	1986	6000	5000	1	1	1	1	1	1
8	34	0	5	1000	188020	188021.968	188	955.909	1	3	2	5	4	13254	0	16000	652	468	0	1	3	2	5	4	1472	1612	1746	1882	1912	6000	5000	1	1	1	1	1	1
8	35	0	5	1000	208020	208020.01	208	948.053	1	3	2	5	4	13254	0	1000	1278	514	1	1	3	2	4	4	1518	1668	1804	1984	2678	6000	5000	0	1	1	1	1	1
8	36	1	5	1000	213020	213021.982	213	948.016	3	2	4	5	1	32451	0	1000	750	580	0	3	2	4	5	1	1584	1708	1840	1968	2148	6000	5000	1	1	1	1	1	1
8	37	1	5	1000	218020	218021.969	218	946.001	3	2	4	5	1	32451	0	1000	806	526	0	3	2	4	5	1	1530	1674	1812	1968	2140	6000	5000	1	1	1	1	1	1
8	38	0	5	1000	223020	223021.951	223	943.971	3	2	4	5	1	32451	0	1000	776	542	0	3	2	4	5	1	1546	1686	1818	1982	2156	6000	5000	1	1	1	1	1	1
8	39	1	5	1000	228020	228021.966	228	941.998	1	4	5	2	3	14523	0	1000	682	404	0	1	4	5	2	3	1408	1534	1708	1842	1992	6000	5000	1	1	1	1	1	1
8	40	0	5	1000	233020	233021.979	233	940.012	1	4	5	2	3	14523	0	1000	656	450	0	1	4	5	2	3	1454	1566	1732	1880	2004	6000	5000	1	1	1	1	1	1
8	41	1	5	1000	238020	238021.954	238	939.988	1	4	5	2	3	14523	0	1000	656	444	0	1	4	5	2	3	1448	1578	1726	1882	2004	6000	5000	1	1	1	1	1	1
8	42	0	5	1000	243020	243021.965	243	937.988	3	2	4	5	1	32451	0	1000	808	868	0	3	2	4	5	1	1872	2004	2134	2274	2432	6000	5000	1	1	1	1	1	1
8	43	0	5	1000	248020	248021.979	248	935.986	3	5	1	2	4	35124	0	1000	660	428	0	3	5	1	2	4	1432	1574	1696	1790	1908	6000	5000	1	1	1	1	1	1
8	44	0	5	1000	253020	253021.967	253	934.029	3	5	1	2	4	35124	0	1000	710	410	0	3	5	1	2	4	1414	1560	1720	1796	1938	6000	5000	1	1	1	1	1	1
8	45	0	5	1000	258020	258021.956	258	932.003	1	4	5	2	3	14523	0	1000	656	478	0	1	4	5	2	3	1482	1594	1746	1898	2042	6000	5000	1	1	1	1	1	1
8	46	1	5	1000	263020	263021.954	263	929.972	3	5	1	2	4	35124	0	1000	698	468	0	3	5	1	2	4	1472	1594	1736	1854	1992	6000	5000	1	1	1	1	1	1
8	47	1	5	1000	268020	268021.967	268	928.004	3	2	4	5	1	32451	0	1000	796	502	0	3	2	4	5	1	1506	1638	1792	1966	2124	6000	5000	1	1	1	1	1	1
8	48	1	5	1000	273020	273021.957	273	926	3	5	1	2	4	35124	0	1000	694	482	0	3	5	1	2	4	1486	1656	1770	1892	2018	6000	5000	1	1	1	1	1	1
8	49	1	5	1000	278020	278021.967	278	926	3	5	1	2	4	35124	0	1000	682	422	0	3	5	1	2	4	1426	1568	1702	1828	1956	6000	5000	1	1	1	1	1	1
8	50	0	5	1000	283020	283021.976	283	924.014	1	3	2	5	4	13254	0	1000	704	430	0	1	3	2	5	4	1434	1586	1722	1882	1986	6000	5000	1	1	1	1	1	1
8	51	1	5	1000	288020	288021.956	288	921.997	3	5	1	2	4	35124	0	16000	688	460	0	3	5	1	2	4	1464	1606	1740	1858	1988	6000	5000	1	1	1	1	1	1
8	52	1	5	1000	308020	308021.972	308	914.038	3	5	1	2	4	35124	0	1000	722	550	0	3	5	1	2	4	1554	1722	1852	1978	2102	6000	5000	1	1	1	1	1	1
8	53	0	5	1000	313020	313021.956	313	912.012	3	5	1	2	4	35124	0	1000	654	468	0	3	5	1	2	4	1472	1614	1744	1858	1974	6000	5000	1	1	1	1	1	1
8	54	1	5	1000	318020	318021.959	318	912.002	3	2	4	5	1	32451	0	1000	664	442	0	3	2	4	5	1	1446	1566	1696	1818	1964	6000	5000	1	1	1	1	1	1
8	55	0	5	1000	323020	323021.954	323	909.999	1	4	5	2	3	14523	0	1000	644	488	0	1	4	5	2	3	1492	1628	1774	1904	2042	6000	5000	1	1	1	1	1	1
8	56	0	5	1000	328020	328021.956	328	908	3	2	4	5	1	32451	0	1000	692	524	0	3	2	4	5	1	1528	1644	1782	1910	2098	6000	5000	1	1	1	1	1	1
8	57	1	5	1000	333020	333021.957	333	905.987	1	3	2	5	4	13254	0	1000	696	510	0	1	3	2	5	4	1514	1658	1796	1952	2064	6000	5000	1	1	1	1	1	1
8	58	1	5	1000	338020	338021.96	338	904.001	3	2	4	5	1	32451	0	1000	682	450	0	3	2	4	5	1	1454	1566	1700	1840	2002	6000	5000	1	1	1	1	1	1
8	59	0	5	1000	343020	343021.959	343	901.997	3	5	1	2	4	35124	0	1000	672	580	0	3	5	1	2	4	1584	1730	1844	1960	2074	6000	5000	1	1	1	1	1	1
8	60	1	5	1000	348020	355614.575	348	8494.622	1	3	2	5	4	13254	0	1000	684	560	0	1	3	2	5	4	1564	1694	1818	1980	2112	6000	5000	1	1	1	1	1	1
8	61	1	5	1000	353020	353021.945	353	899.961	3	5	1	2	4	35124	0	1000	624	404	0	3	5	1	2	4	1408	1534	1664	1762	1880	6000	5000	1	1	1	1	1	1
8	62	0	5	1000	358020	358021.961	358	898.025	1	4	5	2	3	14523	0	1000	574	374	0	1	4	5	2	3	1378	1484	1608	1736	1858	6000	5000	1	1	1	1	1	1
8	63	1	5	1000	363020	363021.955	363	895.987	1	3	2	5	4	13254	0	1000	680	360	0	1	3	2	5	4	1364	1506	1626	1782	1886	6000	5000	1	1	1	1	1	1
8	64	1	5	1000	368020	368021.968	368	894.012	1	3	2	5	4	13254	0	1000	650	288	0	1	3	2	5	4	1292	1414	1544	1700	1810	6000	5000	1	1	1	1	1	1
8	65	1	5	1000	373020	373021.958	373	892.002	1	4	5	2	3	14523	0	1000	614	358	0	1	4	5	2	3	1362	1480	1608	1750	1860	6000	5000	1	1	1	1	1	1
8	66	0	5	1000	378020	378021.956	378	890.021	3	5	1	2	4	35124	0	1000	706	460	0	3	5	1	2	4	1464	1610	1750	1860	2004	6000	5000	1	1	1	1	1	1
8	67	1	5	1000	383020	383021.958	383	887.999	1	4	5	2	3	14523	0	1000	666	480	0	1	4	5	2	3	1484	1608	1754	1902	2028	6000	5000	1	1	1	1	1	1
8	68	1	5	1000	388020	388021.967	388	888.03	1	4	5	2	3	14523	0	16000	634	452	0	1	4	5	2	3	1456	1570	1712	1856	1970	6000	5000	1	1	1	1	1	1