BN	TN	seqType	Horizon	PrepTime	startTime	startTimeReal	startTRReal	startTRtime	press0	press1	press2	press3	press4	cueP	complete	iti	MT	RT	isError	response0	response1	response2	response3	response4	pressTime0	pressTime1	pressTime2	pressTime3	pressTime4	timeThreshold	timeThresholdSuper	points	Gain1	Gain2	Gain3	Gain4	Gain5
1	1	1	5	1000	8020	8020.015	9	16.014	1	3	2	5	4	13254	0	1000	2188	522	0	1	3	2	5	4	1526	2074	2568	3022	3456	6000	5000	1	1	1	1	1	1
1	2	0	5	1000	13020	13022.01	14	16.019	3	2	4	5	1	32451	0	1000	1994	476	0	3	2	4	5	1	1480	1950	2394	2834	3266	6000	5000	1	1	1	1	1	1
1	3	0	5	1000	18020	18021.998	19	13.999	1	3	2	5	4	13254	0	1000	1936	416	0	1	3	2	5	4	1420	1868	2308	2732	3128	6000	5000	1	1	1	1	1	1
1	4	0	5	1000	23020	23021.986	24	11.984	3	2	4	5	1	32451	0	1000	2096	448	0	3	2	4	5	1	1452	1932	2390	2836	3304	6000	5000	1	1	1	1	1	1
1	5	0	5	1000	28020	28022	29	10.002	3	5	1	2	4	35124	0	1000	1968	496	0	3	5	1	2	4	1500	1932	2390	2832	3248	6000	5000	1	1	1	1	1	1
1	6	1	5	1000	33020	33022	34	9.918	3	2	4	5	1	32451	0	1000	1936	534	0	3	2	4	5	1	1538	1980	2394	2838	3248	6000	5000	1	1	1	1	1	1
1	7	1	5	1000	38020	38021.988	39	7.982	3	2	4	5	1	32451	0	1000	1974	398	0	3	2	4	5	1	1402	1870	2294	2740	3154	6000	5000	1	1	1	1	1	1
1	8	0	5	1000	43020	43020	44	3.999	3	2	4	5	1	32451	0	1000	1992	472	0	3	2	4	5	1	1476	1980	2408	2858	3252	6000	5000	1	1	1	1	1	1
1	9	0	5	1000	48020	48021.981	49	3.981	1	4	5	2	3	14523	0	1000	2048	444	0	1	4	5	2	3	1448	1928	2418	2892	3304	6000	5000	1	1	1	1	1	1
1	10	0	5	1000	53020	53022.001	54	2.004	1	3	2	5	4	13254	0	1000	1930	450	0	1	3	2	5	4	1454	1902	2340	2756	3150	6000	5000	1	1	1	1	1	1
1	11	1	5	1000	58020	58020.013	58	998.029	1	3	2	5	4	13254	0	1000	1806	494	0	1	3	2	5	4	1498	1910	2344	2742	3096	6000	5000	1	1	1	1	1	1
1	12	0	5	1000	63020	63021.988	63	999.986	1	3	2	5	4	13254	0	1000	1872	448	0	1	3	2	5	4	1452	1860	2288	2670	3076	6000	5000	1	1	1	1	1	1
1	13	0	5	1000	68020	68020	68	996	1	4	5	2	3	14523	0	1000	1946	424	0	1	4	5	2	3	1428	1876	2434	2844	3214	6000	5000	1	1	1	1	1	1
1	14	1	5	1000	73020	73021.988	73	995.956	1	3	2	5	4	13254	0	1000	1860	528	0	1	3	2	5	4	1532	1964	2388	2780	3158	6000	5000	1	1	1	1	1	1
1	15	0	5	1000	78020	78020.001	78	991.999	3	5	1	2	4	35124	0	1000	1848	396	0	3	5	1	2	4	1400	1808	2218	2646	3036	6000	5000	1	1	1	1	1	1
1	16	1	5	1000	83020	83020	83	990.001	1	4	5	2	3	14523	0	1000	2094	518	0	1	4	5	2	3	1522	2058	2538	3036	3466	6000	5000	1	1	1	1	1	1
1	17	0	5	1000	88020	88022	88	990	3	2	4	5	1	32451	0	16000	2120	600	0	3	2	4	5	1	1604	2104	2522	3012	3442	6000	5000	1	1	1	1	1	1
1	18	0	5	1000	108020	108022.001	108	984.001	3	2	4	5	1	32451	0	1000	2208	672	0	3	2	4	5	1	1676	2306	2726	3166	3648	6000	5000	1	1	1	1	1	1
1	19	1	5	1000	113020	113022.002	113	982.013	3	2	4	5	1	32451	0	1000	2028	468	0	3	2	4	5	1	1472	1926	2362	2814	3276	6000	5000	1	1	1	1	1	1
1	20	1	5	1000	118020	118022.006	118	980.005	1	4	5	2	3	14523	0	1000	2004	548	0	1	4	5	2	3	1552	2048	2522	2972	3388	6000	5000	1	1	1	1	1	1
1	21	1	5	1000	123020	123020.002	123	975.999	3	5	1	2	4	35124	0	1000	2138	488	0	3	5	1	2	4	1492	2044	2518	2976	3422	6000	5000	1	1	1	1	1	1
1	22	1	5	1000	128020	128022.008	128	975.959	3	2	4	5	1	32451	0	1000	2048	474	0	3	2	4	5	1	1478	1954	2362	2818	3274	6000	5000	1	1	1	1	1	1
1	23	0	5	1000	133020	133020	133	974.001	1	3	2	5	4	13254	0	1000	1880	402	0	1	3	2	5	4	1406	1800	2240	2632	3044	6000	5000	1	1	1	1	1	1
1	24	1	5	1000	138020	138020.012	138	972.025	3	2	4	5	1	32451	0	1000	1992	486	0	3	2	4	5	1	1490	1984	2376	2820	3230	6000	5000	1	1	1	1	1	1
1	25	0	5	1000	143020	143020.001	143	970	3	5	1	2	4	35124	0	1000	1912	448	0	3	5	1	2	4	1452	1918	2340	2748	3122	6000	5000	1	1	1	1	1	1
1	26	0	5	1000	148020	148022.002	148	970.002	3	2	4	5	1	32451	0	1000	1936	460	0	3	2	4	5	1	1464	1892	2286	2706	3086	6000	5000	1	1	1	1	1	1
1	27	1	5	1000	153020	153020.013	153	966.021	1	4	5	2	3	14523	0	1000	1840	618	0	1	4	5	2	3	1622	2088	2528	2908	3282	6000	5000	1	1	1	1	1	1
1	28	0	5	1000	158020	158022	158	965.996	1	4	5	2	3	14523	0	1000	1844	428	0	1	4	5	2	3	1432	1868	2310	2730	3104	6000	5000	1	1	1	1	1	1
1	29	1	5	1000	163020	163020.006	163	962.01	3	2	4	5	1	32451	0	1000	1950	436	0	3	2	4	5	1	1440	1880	2270	2700	3122	6000	5000	1	1	1	1	1	1
1	30	1	5	1000	168020	168020.008	168	962.019	3	5	1	2	4	35124	0	1000	1798	434	0	3	5	1	2	4	1438	1830	2216	2606	3014	6000	5000	1	1	1	1	1	1
1	31	0	5	1000	173020	173020.08	173	960.078	3	2	4	5	1	32451	0	1000	1814	348	0	3	2	4	5	1	1352	1754	2170	2562	2954	6000	5000	1	1	1	1	1	1
1	32	1	5	1000	178020	178020.003	178	958.006	3	5	1	2	4	35124	0	1000	1722	394	0	3	5	1	2	4	1398	1798	2186	2560	2908	6000	5000	1	1	1	1	1	1
1	33	1	5	1000	183020	183020	183	956.002	3	5	1	2	4	35124	0	1000	1824	396	0	3	5	1	2	4	1400	1812	2248	2646	3012	6000	5000	1	1	1	1	1	1
1	34	0	5	1000	188020	188020.016	188	954.018	1	4	5	2	3	14523	0	16000	2074	506	0	1	4	5	2	3	1510	2018	2474	2984	3400	6000	5000	1	1	1	1	1	1
1	35	0	5	1000	208020	208020	208	948	1	4	5	2	3	14523	0	1000	1924	482	0	1	4	5	2	3	1486	1980	2408	2834	3244	6000	5000	1	1	1	1	1	1
1	36	1	5	1000	213020	213021.987	213	947.995	1	4	5	2	3	14523	0	1000	1714	422	0	1	4	5	2	3	1426	1934	2314	2678	2974	6000	5000	1	1	1	1	1	1
1	37	0	5	1000	218020	218020.008	218	944.011	3	5	1	2	4	35124	0	1000	1664	418	0	3	5	1	2	4	1422	1800	2178	2552	2866	6000	5000	1	1	1	1	1	1
1	38	1	5	1000	223020	223020.003	223	941.988	1	3	2	5	4	13254	0	1000	1840	440	0	1	3	2	5	4	1444	1896	2356	2700	3062	6000	5000	1	1	1	1	1	1
1	39	1	5	1000	228020	228021.992	228	942.004	3	2	4	5	1	32451	0	1000	1902	410	0	3	2	4	5	1	1414	1846	2238	2670	3086	6000	5000	1	1	1	1	1	1
1	40	0	5	1000	233020	233022.019	233	940.035	1	4	5	2	3	14523	0	1000	1772	416	0	1	4	5	2	3	1420	1874	2234	2642	3006	6000	5000	1	1	1	1	1	1
1	41	0	5	1000	238020	238021.988	238	939.998	1	4	5	2	3	14523	0	1000	1734	428	0	1	4	5	2	3	1432	1826	2194	2634	2982	6000	5000	1	1	1	1	1	1
1	42	0	5	1000	243020	243021.99	243	937.999	3	2	4	5	1	32451	0	1000	1714	406	0	3	2	4	5	1	1410	1788	2156	2528	2916	6000	5000	1	1	1	1	1	1
1	43	0	5	1000	248020	248021.992	248	936.005	3	2	4	5	1	32451	0	1000	1660	460	0	3	2	4	5	1	1464	1832	2200	2560	2938	6000	5000	1	1	1	1	1	1
1	44	1	5	1000	253020	253021.993	253	934.005	1	3	2	5	4	13254	0	1000	1574	602	0	1	3	2	5	4	1606	1960	2322	2684	2970	6000	5000	1	1	1	1	1	1
1	45	1	5	1000	258020	258020.001	258	930	3	5	1	2	4	35124	0	1000	1610	678	0	3	5	1	2	4	1682	2092	2474	2838	3078	6000	5000	1	1	1	1	1	1
1	46	1	5	1000	263020	263020.003	263	928.013	1	3	2	5	4	13254	0	1000	1486	394	0	1	3	2	5	4	1398	1776	2122	2392	2666	6000	5000	1	1	1	1	1	1
1	47	0	5	1000	268020	268022.012	268	928.025	1	4	5	2	3	14523	0	1000	1566	446	0	1	4	5	2	3	1450	1852	2242	2576	2854	6000	5000	1	1	1	1	1	1
1	48	1	5	1000	273020	273021.988	273	927.979	3	5	1	2	4	35124	0	1000	1454	404	0	3	5	1	2	4	1408	1776	2120	2378	2656	6000	5000	1	1	1	1	1	1
1	49	0	5	1000	278020	278021.989	278	926	1	3	2	5	4	13254	0	1000	2396	494	1	3	3	2	5	4	1518	2858	3174	3504	3724	6000	5000	0	1	1	1	1	1
1	50	1	5	1000	283020	283021.988	283	923.975	3	5	1	2	4	35124	0	1000	1602	468	0	3	5	1	2	4	1472	1892	2260	2582	2876	6000	5000	1	1	1	1	1	1
1	51	1	5	1000	288020	288021.989	288	921.995	1	4	5	2	3	14523	0	16000	1480	382	0	1	4	5	2	3	1386	1762	2106	2436	2712	6000	5000	1	1	1	1	1	1
1	52	1	5	1000	308020	308021.996	308	914.007	1	4	5	2	3	14523	0	1000	1578	610	0	1	4	5	2	3	1614	2062	2434	2766	3008	6000	5000	1	1	1	1	1	1
1	53	1	5	1000	313020	313020.015	313	912.024	1	3	2	5	4	13254	0	1000	1592	420	0	1	3	2	5	4	1424	1824	2192	2500	2796	6000	5000	1	1	1	1	1	1
1	54	1	5	1000	318020	318021.987	318	911.998	1	3	2	5	4	13254	0	1000	1424	410	0	1	3	2	5	4	1414	1774	2092	2368	2628	6000	5000	1	1	1	1	1	1
1	55	1	5	1000	323020	323020.004	323	908.016	1	4	5	2	3	14523	0	1000	1524	518	0	1	4	5	2	3	1522	1946	2352	2670	2890	6000	5000	1	1	1	1	1	1
1	56	1	5	1000	328020	328020.019	328	906.027	1	4	5	2	3	14523	0	1000	1578	660	0	1	4	5	2	3	1664	2154	2586	2882	3100	6000	5000	1	1	1	1	1	1
1	57	0	5	1000	333020	333021.999	333	906.005	1	3	2	5	4	13254	0	1000	1440	422	0	1	3	2	5	4	1426	1868	2170	2400	2652	6000	5000	1	1	1	1	1	1
1	58	0	5	1000	338020	338021.988	338	903.998	3	5	1	2	4	35124	0	1000	1506	594	0	3	5	1	2	4	1598	2022	2390	2670	2908	6000	5000	1	1	1	1	1	1
1	59	0	5	1000	343020	343021.989	343	901.998	3	5	1	2	4	35124	0	1000	1262	584	0	3	5	1	2	4	1588	1912	2182	2432	2674	6000	5000	1	1	1	1	1	1
1	60	1	5	1000	348020	348021.987	348	901.99	3	5	1	2	4	35124	0	1000	1338	546	0	3	5	1	2	4	1550	1876	2194	2452	2698	6000	5000	1	1	1	1	1	1
1	61	0	5	1000	353020	353020.011	353	898.012	3	5	1	2	4	35124	0	1000	1236	544	0	3	5	1	2	4	1548	1824	2120	2382	2602	6000	5000	1	1	1	1	1	1
1	62	0	5	1000	358020	358021.998	358	898.021	1	4	5	2	3	14523	0	1000	1588	440	0	1	4	5	2	3	1444	1934	2262	2608	2856	6000	5000	1	1	1	1	1	1
1	63	0	5	1000	363020	363021.989	363	896.003	3	5	1	2	4	35124	0	1000	1256	492	0	3	5	1	2	4	1496	1830	2122	2380	2568	6000	5000	1	1	1	1	1	1
1	64	0	5	1000	368020	368021.99	368	893.973	1	3	2	5	4	13254	0	1000	1258	614	0	1	3	2	5	4	1618	1948	2224	2440	2680	6000	5000	1	1	1	1	1	1
1	65	0	5	1000	373020	373021.992	373	892.002	1	3	2	5	4	13254	0	1000	1400	682	0	1	3	2	5	4	1686	2096	2428	2624	2874	6000	5000	1	1	1	1	1	1
1	66	1	5	1000	378020	378021.987	378	891.978	1	4	5	2	3	14523	0	1000	1344	750	0	1	4	5	2	3	1754	2202	2488	2754	2954	6000	5000	1	1	1	1	1	1
1	67	1	5	1000	383020	383020	383	888.01	3	2	4	5	1	32451	0	1000	1352	520	0	3	2	4	5	1	1524	1858	2134	2442	2672	6000	5000	1	1	1	1	1	1
1	68	1	5	1000	388020	388022	388	887.998	1	3	2	5	4	13254	0	16000	1200	390	0	1	3	2	5	4	1394	1678	1938	2152	2410	6000	5000	1	1	1	1	1	1
2	1	0	5	1000	8020	8020.01	9	16.001	1	3	2	5	4	13254	0	1000	1904	608	1	1	3	2	4	4	1612	2136	2556	2940	3254	6000	5000	0	1	1	1	1	1
2	2	0	5	1000	13020	13020.044	14	14.045	3	2	4	5	1	32451	0	1000	1596	472	0	3	2	4	5	1	1476	1906	2242	2564	2874	6000	5000	1	1	1	1	1	1
2	3	1	5	1000	18020	18020.011	19	11.998	1	4	5	2	3	14523	0	1000	1354	432	0	1	4	5	2	3	1436	1782	2088	2380	2630	6000	5000	1	1	1	1	1	1
2	4	1	5	1000	23020	23020.008	24	10.012	1	3	2	5	4	13254	0	1000	1314	412	0	1	3	2	5	4	1416	1722	2014	2258	2520	6000	5000	1	1	1	1	1	1
2	5	0	5	1000	28020	28020.012	29	9.979	1	3	2	5	4	13254	0	1000	1444	408	0	1	3	2	5	4	1412	1742	2110	2394	2666	6000	5000	1	1	1	1	1	1
2	6	0	5	1000	33020	33020.01	34	7.998	1	4	5	2	3	14523	0	1000	1422	444	0	1	4	5	2	3	1448	1842	2160	2444	2706	6000	5000	1	1	1	1	1	1
2	7	0	5	1000	38020	38020.011	39	6.004	1	3	2	5	4	13254	0	1000	1500	442	0	1	3	2	5	4	1446	1808	2152	2446	2740	6000	5000	1	1	1	1	1	1
2	8	0	5	1000	43020	43020.01	44	4.003	3	5	1	2	4	35124	0	1000	1522	428	0	3	5	1	2	4	1432	1818	2142	2458	2748	6000	5000	1	1	1	1	1	1
2	9	1	5	1000	48020	48020.011	49	2.004	1	4	5	2	3	14523	0	1000	1354	632	0	1	4	5	2	3	1636	1982	2288	2586	2834	6000	5000	1	1	1	1	1	1
2	10	0	5	1000	53020	53020.008	54	0	3	5	1	2	4	35124	0	1000	1378	498	0	3	5	1	2	4	1502	1814	2122	2414	2690	6000	5000	1	1	1	1	1	1
2	11	0	5	1000	58020	58020.01	58	999.999	1	4	5	2	3	14523	0	1000	1598	426	0	1	4	5	2	3	1430	1804	2194	2560	2854	6000	5000	1	1	1	1	1	1
2	12	0	5	1000	63020	63020.004	63	997.993	3	2	4	5	1	32451	0	1000	1442	438	0	3	2	4	5	1	1442	1778	2096	2386	2660	6000	5000	1	1	1	1	1	1
2	13	1	5	1000	68020	68020.01	68	995.996	3	2	4	5	1	32451	0	1000	1414	410	0	3	2	4	5	1	1414	1742	2058	2348	2610	6000	5000	1	1	1	1	1	1
2	14	1	5	1000	73020	73020.009	73	994.008	1	3	2	5	4	13254	0	1000	1272	454	0	1	3	2	5	4	1458	1744	2048	2294	2546	6000	5000	1	1	1	1	1	1
2	15	1	5	1000	78020	78020.01	78	991.999	3	2	4	5	1	32451	0	1000	1248	378	0	3	2	4	5	1	1382	1672	1954	2204	2436	6000	5000	1	1	1	1	1	1
2	16	1	5	1000	83020	83020.025	83	990.017	3	5	1	2	4	35124	0	1000	1286	410	0	3	5	1	2	4	1414	1700	2000	2276	2534	6000	5000	1	1	1	1	1	1
2	17	1	5	1000	88020	88020.011	88	988.002	1	3	2	5	4	13254	0	16000	1334	426	0	1	3	2	5	4	1430	1760	2042	2292	2566	6000	5000	1	1	1	1	1	1
2	18	1	5	1000	108020	108020.011	108	981.989	1	3	2	5	4	13254	0	1000	1786	460	0	1	3	2	5	4	1464	1964	2368	2722	3002	6000	5000	1	1	1	1	1	1
2	19	1	5	1000	113020	113020.007	113	979.996	1	3	2	5	4	13254	0	1000	1322	418	0	1	3	2	5	4	1422	1754	2040	2288	2536	6000	5000	1	1	1	1	1	1
2	20	1	5	1000	118020	118020.011	118	978.003	1	4	5	2	3	14523	0	1000	1382	382	0	1	4	5	2	3	1386	1780	2110	2404	2630	6000	5000	1	1	1	1	1	1
2	21	1	5	1000	123020	123022.011	123	977.968	3	5	1	2	4	35124	0	1000	1340	474	0	3	5	1	2	4	1478	1844	2168	2442	2644	6000	5000	1	1	1	1	1	1
2	22	0	5	1000	128020	128020.02	128	976.04	1	4	5	2	3	14523	0	1000	1382	800	0	1	4	5	2	3	1804	2204	2532	2848	3036	6000	5000	1	1	1	1	1	1
2	23	1	5	1000	133020	133021.998	133	975.999	1	3	2	5	4	13254	0	1000	1310	472	0	1	3	2	5	4	1476	1814	2092	2316	2574	6000	5000	1	1	1	1	1	1
2	24	0	5	1000	138020	138022.01	138	973.999	3	5	1	2	4	35124	0	1000	1220	486	0	3	5	1	2	4	1490	1764	2020	2296	2512	6000	5000	1	1	1	1	1	1
2	25	0	5	1000	143020	143020.013	143	970.001	3	2	4	5	1	32451	0	1000	1526	824	0	3	2	4	5	1	1828	2180	2540	2848	3152	6000	5000	1	1	1	1	1	1
2	26	1	5	1000	148020	148022	148	970.001	3	5	1	2	4	35124	0	1000	1540	670	0	3	5	1	2	4	1674	2030	2384	2734	3004	6000	5000	1	1	1	1	1	1
2	27	0	5	1000	153020	153020	153	965.995	3	2	4	5	1	32451	0	1000	1462	524	0	3	2	4	5	1	1528	1870	2184	2476	2822	6000	5000	1	1	1	1	1	1
2	28	1	5	1000	158020	158020.021	158	964.021	1	3	2	5	4	13254	0	1000	1304	658	0	1	3	2	5	4	1662	1964	2268	2522	2768	6000	5000	1	1	1	1	1	1
2	29	1	5	1000	163020	163022.008	163	965.987	3	5	1	2	4	35124	0	1000	1410	460	0	3	5	1	2	4	1464	1822	2178	2462	2696	6000	5000	1	1	1	1	1	1
2	30	1	5	1000	168020	168020.022	168	962.012	3	2	4	5	1	32451	0	1000	1398	472	0	3	2	4	5	1	1476	1838	2116	2398	2668	6000	5000	1	1	1	1	1	1
2	31	0	5	1000	173020	173021.98	173	961.999	1	3	2	5	4	13254	0	1000	1380	392	0	1	3	2	5	4	1396	1686	1998	2286	2578	6000	5000	1	1	1	1	1	1
2	32	1	5	1000	178020	178020.002	178	958.004	3	2	4	5	1	32451	0	1000	1182	408	0	3	2	4	5	1	1412	1702	1952	2178	2420	6000	5000	1	1	1	1	1	1
2	33	0	5	1000	183020	183020	183	955.988	3	2	4	5	1	32451	0	1000	1170	408	0	3	2	4	5	1	1412	1676	1926	2146	2392	6000	5000	1	1	1	1	1	1
2	34	0	5	1000	188020	188020.02	188	954.011	1	3	2	5	4	13254	0	16000	1476	438	0	1	3	2	5	4	1442	1794	2126	2444	2714	6000	5000	1	1	1	1	1	1
2	35	0	5	1000	208020	208021.992	208	949.992	1	3	2	5	4	13254	0	1000	1462	514	0	1	3	2	5	4	1518	1918	2236	2496	2768	6000	5000	1	1	1	1	1	1
2	36	1	5	1000	213020	213020.011	213	945.981	3	5	1	2	4	35124	0	1000	1462	510	0	3	5	1	2	4	1514	1884	2218	2534	2772	6000	5000	1	1	1	1	1	1
2	37	0	5	1000	218020	218020.011	218	944.011	3	5	1	2	4	35124	0	1000	1372	416	0	3	5	1	2	4	1420	1770	2094	2384	2616	6000	5000	1	1	1	1	1	1
2	38	1	5	1000	223020	223022.014	223	944.017	3	5	1	2	4	35124	0	1000	1246	486	0	3	5	1	2	4	1490	1766	2066	2346	2544	6000	5000	1	1	1	1	1	1
2	39	1	5	1000	228020	228022	228	941.994	1	4	5	2	3	14523	0	1000	1308	390	0	1	4	5	2	3	1394	1726	2018	2322	2548	6000	5000	1	1	1	1	1	1
2	40	0	5	1000	233020	233021.987	233	941.987	1	3	2	5	4	13254	0	1000	1246	410	0	1	3	2	5	4	1414	1710	2002	2212	2460	6000	5000	1	1	1	1	1	1
2	41	1	5	1000	238020	238020.002	238	938.004	1	4	5	2	3	14523	0	1000	1376	680	0	1	4	5	2	3	1684	2136	2440	2700	2916	6000	5000	1	1	1	1	1	1
2	42	1	5	1000	243020	243022	243	937.997	1	4	5	2	3	14523	0	1000	1276	496	0	1	4	5	2	3	1500	1866	2142	2434	2624	6000	5000	1	1	1	1	1	1
2	43	1	5	1000	248020	248020.012	248	934.015	3	2	4	5	1	32451	0	1000	1216	428	0	3	2	4	5	1	1432	1702	1960	2196	2434	6000	5000	1	1	1	1	1	1
2	44	1	5	1000	253020	253022	253	934.001	1	4	5	2	3	14523	0	1000	1206	364	0	1	4	5	2	3	1368	1684	1944	2240	2428	6000	5000	1	1	1	1	1	1
2	45	0	5	1000	258020	258022.004	258	931.996	1	4	5	2	3	14523	0	1000	1176	400	0	1	4	5	2	3	1404	1698	1974	2250	2436	6000	5000	1	1	1	1	1	1
2	46	1	5	1000	263020	263020.016	263	928.018	1	4	5	2	3	14523	0	1000	1164	374	0	1	4	5	2	3	1378	1674	1950	2210	2384	6000	5000	1	1	1	1	1	1
2	47	0	5	1000	268020	268021.999	268	927.996	3	2	4	5	1	32451	0	1000	1236	512	0	3	2	4	5	1	1516	1836	2102	2340	2552	6000	5000	1	1	1	1	1	1
2	48	0	5	1000	273020	273020.011	273	926.008	1	4	5	2	3	14523	0	1000	1270	428	0	1	4	5	2	3	1432	1808	2110	2384	2556	6000	5000	1	1	1	1	1	1
2	49	0	5	1000	278020	278022.007	278	926.012	1	4	5	2	3	14523	0	1000	1228	416	0	1	4	5	2	3	1420	1742	1992	2262	2478	6000	5000	1	1	1	1	1	1
2	50	1	5	1000	283020	283022.028	283	923.999	3	2	4	5	1	32451	0	1000	1226	404	0	3	2	4	5	1	1408	1696	1960	2202	2426	6000	5000	1	1	1	1	1	1
2	51	0	5	1000	288020	288022.012	288	922.013	3	5	1	2	4	35124	0	16000	1212	438	0	3	5	1	2	4	1442	1696	1936	2192	2400	6000	5000	1	1	1	1	1	1
2	52	0	5	1000	308020	308020.013	308	914.013	3	5	1	2	4	35124	0	1000	1324	564	0	3	5	1	2	4	1568	1876	2178	2426	2692	6000	5000	1	1	1	1	1	1
2	53	1	5	1000	313020	313020.002	313	912.002	1	3	2	5	4	13254	0	1000	1254	378	0	1	3	2	5	4	1382	1686	1968	2180	2410	6000	5000	1	1	1	1	1	1
2	54	0	5	1000	318020	318020.009	318	910.012	1	4	5	2	3	14523	0	1000	1720	414	0	1	4	5	2	3	1418	1840	2374	2776	2986	6000	5000	1	1	1	1	1	1
2	55	1	5	1000	323020	323021.981	323	909.97	3	5	1	2	4	35124	0	1000	1394	436	0	3	5	1	2	4	1440	1778	2104	2384	2628	6000	5000	1	1	1	1	1	1
2	56	1	5	1000	328020	328020.011	328	905.978	3	5	1	2	4	35124	0	1000	1280	426	0	3	5	1	2	4	1430	1704	1996	2282	2506	6000	5000	1	1	1	1	1	1
2	57	0	5	1000	333020	333021.998	333	905.998	1	3	2	5	4	13254	0	1000	1500	406	0	1	3	2	5	4	1410	1752	2150	2458	2702	6000	5000	1	1	1	1	1	1
2	58	0	5	1000	338020	338020	338	901.996	1	3	2	5	4	13254	0	1000	1574	376	0	1	3	2	5	4	1380	1764	2250	2500	2752	6000	5000	1	1	1	1	1	1
2	59	1	5	1000	343020	343020.001	343	901.991	1	3	2	5	4	13254	0	1000	1342	424	0	1	3	2	5	4	1428	1778	2094	2312	2572	6000	5000	1	1	1	1	1	1
2	60	0	5	1000	348020	348022.001	348	901.972	3	2	4	5	1	32451	0	1000	1438	528	0	3	2	4	5	1	1532	1902	2226	2482	2760	6000	5000	1	1	1	1	1	1
2	61	0	5	1000	353020	353020.013	353	898.011	3	2	4	5	1	32451	0	1000	1384	412	0	3	2	4	5	1	1416	1790	2086	2330	2618	6000	5000	1	1	1	1	1	1
2	62	0	5	1000	358020	358020.002	358	895.984	3	5	1	2	4	35124	0	1000	1260	416	0	3	5	1	2	4	1420	1664	1950	2260	2480	6000	5000	1	1	1	1	1	1
2	63	1	5	1000	363020	363020.003	363	893.992	3	2	4	5	1	32451	0	1000	1202	476	0	3	2	4	5	1	1480	1780	2062	2266	2486	6000	5000	1	1	1	1	1	1
2	64	1	5	1000	368020	368022	368	895.966	3	2	4	5	1	32451	0	1000	1208	516	0	3	2	4	5	1	1520	1842	2098	2330	2544	6000	5000	1	1	1	1	1	1
2	65	0	5	1000	373020	373020.002	373	889.994	1	4	5	2	3	14523	0	1000	1260	536	0	1	4	5	2	3	1540	1894	2134	2450	2656	6000	5000	1	1	1	1	1	1
2	66	0	5	1000	378020	378020.002	378	889.998	3	5	1	2	4	35124	0	1000	1254	532	0	3	5	1	2	4	1536	1814	2076	2352	2566	6000	5000	1	1	1	1	1	1
2	67	0	5	1000	383020	383020.002	383	888.004	3	5	1	2	4	35124	0	1000	1276	436	0	3	5	1	2	4	1440	1708	1996	2292	2506	6000	5000	1	1	1	1	1	1
2	68	0	5	1000	388020	388020.012	388	886.015	1	3	2	5	4	13254	0	16000	1218	570	0	1	3	2	5	4	1574	1872	2172	2390	2586	6000	5000	1	1	1	1	1	1
3	1	0	5	1000	8020	8021.983	9	18.001	3	5	1	2	4	35124	0	1000	1656	634	0	3	5	1	2	4	1638	2144	2518	2820	3028	6000	5000	1	1	1	1	1	1
3	2	0	5	1000	13020	13021.986	14	16.004	1	3	2	5	4	13254	0	1000	1384	460	0	1	3	2	5	4	1464	1814	2144	2400	2622	6000	5000	1	1	1	1	1	1
3	3	0	5	1000	18020	18021.983	19	14.003	1	3	2	5	4	13254	0	1000	1392	408	0	1	3	2	5	4	1412	1774	2108	2348	2612	6000	5000	1	1	1	1	1	1
3	4	1	5	1000	23020	23020.003	24	12.032	1	4	5	2	3	14523	0	1000	1338	604	0	1	4	5	2	3	1608	2036	2302	2576	2788	6000	5000	1	1	1	1	1	1
3	5	1	5	1000	28020	28021.984	29	12.002	3	2	4	5	1	32451	0	1000	1252	468	0	3	2	4	5	1	1472	1758	2048	2274	2528	6000	5000	1	1	1	1	1	1
3	6	0	5	1000	33020	33021.986	34	10.004	3	5	1	2	4	35124	0	1000	1270	470	0	3	5	1	2	4	1474	1772	2026	2298	2540	6000	5000	1	1	1	1	1	1
3	7	1	5	1000	38020	38021.984	39	8.005	1	3	2	5	4	13254	0	1000	1398	412	0	1	3	2	5	4	1416	1782	2110	2358	2604	6000	5000	1	1	1	1	1	1
3	8	1	5	1000	43020	43022.039	44	6.058	1	4	5	2	3	14523	0	1000	1304	488	0	1	4	5	2	3	1492	1868	2128	2426	2636	6000	5000	1	1	1	1	1	1
3	9	0	5	1000	48020	48021.982	49	4	1	4	5	2	3	14523	0	1000	1636	544	0	1	4	5	2	3	1548	1968	2366	2792	3022	6000	5000	1	1	1	1	1	1
3	10	1	5	1000	53020	53021.992	54	2.019	3	5	1	2	4	35124	0	1000	1522	484	0	3	5	1	2	4	1488	1862	2212	2552	2798	6000	5000	1	1	1	1	1	1
3	11	1	5	1000	58020	58021.991	59	2.008	1	4	5	2	3	14523	0	1000	1328	430	0	1	4	5	2	3	1434	1778	2066	2404	2614	6000	5000	1	1	1	1	1	1
3	12	0	5	1000	63020	63021.985	64	0	1	3	2	5	4	13254	0	1000	1604	446	0	1	3	2	5	4	1450	1886	2304	2594	2824	6000	5000	1	1	1	1	1	1
3	13	1	5	1000	68020	68021.986	68	998.005	1	3	2	5	4	13254	0	1000	1386	364	0	1	3	2	5	4	1368	1760	2036	2294	2560	6000	5000	1	1	1	1	1	1
3	14	1	5	1000	73020	73021.98	73	996.019	3	2	4	5	1	32451	0	1000	1454	408	0	3	2	4	5	1	1412	1744	2040	2358	2656	6000	5000	1	1	1	1	1	1
3	15	1	5	1000	78020	78021.993	78	994.013	1	3	2	5	4	13254	0	1000	1410	404	0	1	3	2	5	4	1408	1726	2070	2332	2624	6000	5000	1	1	1	1	1	1
3	16	1	5	1000	83020	83022.002	83	992.021	1	3	2	5	4	13254	0	1000	1490	434	0	1	3	2	5	4	1438	1766	2120	2436	2736	6000	5000	1	1	1	1	1	1
3	17	0	5	1000	88020	88022.001	88	992.019	3	2	4	5	1	32451	0	16000	1512	476	0	3	2	4	5	1	1480	1862	2176	2484	2786	6000	5000	1	1	1	1	1	1
3	18	0	5	1000	108020	108020.013	108	982.032	3	2	4	5	1	32451	0	1000	1550	598	0	3	2	4	5	1	1602	2064	2404	2678	2944	6000	5000	1	1	1	1	1	1
3	19	0	5	1000	113020	113021.98	113	981.981	1	4	5	2	3	14523	0	1000	1594	504	0	1	4	5	2	3	1508	1842	2182	2724	2938	6000	5000	1	1	1	1	1	1
3	20	0	5	1000	118020	118021.972	118	979.992	1	3	2	5	4	13254	0	1000	1334	446	0	1	3	2	5	4	1450	1780	2114	2346	2566	6000	5000	1	1	1	1	1	1
3	21	0	5	1000	123020	123021.972	123	979.992	1	4	5	2	3	14523	0	1000	1270	422	0	1	4	5	2	3	1426	1736	2028	2344	2554	6000	5000	1	1	1	1	1	1
3	22	1	5	1000	128020	128021.985	128	978.002	1	4	5	2	3	14523	0	1000	1420	422	0	1	4	5	2	3	1426	1854	2202	2506	2696	6000	5000	1	1	1	1	1	1
3	23	0	5	1000	133020	133021.98	133	976.018	3	2	4	5	1	32451	0	1000	2332	454	0	3	2	4	5	1	1458	1788	2068	2352	3596	6000	5000	1	1	1	1	1	1
3	24	0	5	1000	138020	138021.984	138	974.013	1	3	2	5	4	13254	0	1000	1710	496	0	1	3	2	5	4	1500	2102	2492	2758	3004	6000	5000	1	1	1	1	1	1
3	25	1	5	1000	143020	143021.983	143	972.001	3	2	4	5	1	32451	0	1000	1316	396	0	3	2	4	5	1	1400	1678	1982	2278	2544	6000	5000	1	1	1	1	1	1
3	26	0	5	1000	148020	148021.971	148	970.003	1	4	5	2	3	14523	0	1000	1490	402	0	1	4	5	2	3	1406	1858	2190	2542	2738	6000	5000	1	1	1	1	1	1
3	27	0	5	1000	153020	153021.982	153	967.983	1	4	5	2	3	14523	0	1000	1350	398	0	1	4	5	2	3	1402	1776	2090	2380	2580	6000	5000	1	1	1	1	1	1
3	28	0	5	1000	158020	158021.982	158	967.987	3	2	4	5	1	32451	0	1000	1398	506	0	3	2	4	5	1	1510	1914	2244	2500	2744	6000	5000	1	1	1	1	1	1
3	29	1	5	1000	163020	163022.013	163	966.031	1	4	5	2	3	14523	0	1000	1234	340	0	1	4	5	2	3	1344	1672	1980	2232	2424	6000	5000	1	1	1	1	1	1
3	30	1	5	1000	168020	168021.982	168	963.961	3	5	1	2	4	35124	0	1000	1274	522	0	3	5	1	2	4	1526	1838	2156	2426	2616	6000	5000	1	1	1	1	1	1
3	31	0	5	1000	173020	173021.97	173	961.988	1	3	2	5	4	13254	0	1000	1238	450	0	1	3	2	5	4	1454	1810	2118	2304	2478	6000	5000	1	1	1	1	1	1
3	32	0	5	1000	178020	178021.983	178	960.015	3	5	1	2	4	35124	0	1000	1076	462	0	3	5	1	2	4	1466	1716	1942	2168	2362	6000	5000	1	1	1	1	1	1
3	33	1	5	1000	183020	183021.995	183	958.027	1	4	5	2	3	14523	0	1000	1090	502	0	1	4	5	2	3	1506	1838	2066	2304	2464	6000	5000	1	1	1	1	1	1
3	34	1	5	1000	188020	188021.971	188	955.99	1	4	5	2	3	14523	0	16000	1276	486	0	1	4	5	2	3	1490	1920	2208	2460	2622	6000	5000	1	1	1	1	1	1
3	35	1	5	1000	208020	208021.991	208	950.022	1	4	5	2	3	14523	0	1000	1368	524	0	1	4	5	2	3	1528	1982	2248	2532	2748	6000	5000	1	1	1	1	1	1
3	36	1	5	1000	213020	213020.015	213	946.041	1	3	2	5	4	13254	0	1000	1154	412	0	1	3	2	5	4	1416	1690	1982	2186	2346	6000	5000	1	1	1	1	1	1
3	37	0	5	1000	218020	218021.981	218	945.999	1	3	2	5	4	13254	0	1000	1250	436	0	1	3	2	5	4	1440	1732	2010	2236	2446	6000	5000	1	1	1	1	1	1
3	38	1	5	1000	223020	223021.97	223	944.001	3	5	1	2	4	35124	0	1000	1488	446	0	3	5	1	2	4	1450	1870	2202	2486	2714	6000	5000	1	1	1	1	1	1
3	39	1	5	1000	228020	228021.99	228	941.952	3	2	4	5	1	32451	0	1000	1636	498	0	3	2	4	5	1	1502	1984	2318	2660	2950	6000	5000	1	1	1	1	1	1
3	40	1	5	1000	233020	233022.005	233	941.998	1	4	5	2	3	14523	0	1000	1368	486	0	1	4	5	2	3	1490	1864	2182	2506	2710	6000	5000	1	1	1	1	1	1
3	41	0	5	1000	238020	238021.979	238	940.005	3	5	1	2	4	35124	0	1000	1346	506	0	3	5	1	2	4	1510	1914	2226	2478	2658	6000	5000	1	1	1	1	1	1
3	42	0	5	1000	243020	243021.971	243	938.001	3	2	4	5	1	32451	0	1000	1216	420	0	3	2	4	5	1	1424	1736	2006	2232	2466	6000	5000	1	1	1	1	1	1
3	43	0	5	1000	248020	248021.982	248	936.008	3	5	1	2	4	35124	0	1000	1162	482	0	3	5	1	2	4	1486	1776	2042	2284	2460	6000	5000	1	1	1	1	1	1
3	44	0	5	1000	253020	253022.002	253	934.029	1	4	5	2	3	14523	0	1000	1342	380	0	1	4	5	2	3	1384	1686	1994	2348	2550	6000	5000	1	1	1	1	1	1
3	45	0	5	1000	258020	258021.971	258	931.976	3	5	1	2	4	35124	0	1000	1126	394	0	3	5	1	2	4	1398	1626	1880	2102	2302	6000	5000	1	1	1	1	1	1
3	46	0	5	1000	263020	263020.032	263	928.061	3	5	1	2	4	35124	0	1000	1098	626	0	3	5	1	2	4	1630	1878	2122	2336	2500	6000	5000	1	1	1	1	1	1
3	47	1	5	1000	268020	268021.968	268	929.999	3	2	4	5	1	32451	0	1000	1140	454	0	3	2	4	5	1	1458	1724	1978	2204	2416	6000	5000	1	1	1	1	1	1
3	48	1	5	1000	273020	273021.982	273	928.013	3	2	4	5	1	32451	0	1000	1110	354	0	3	2	4	5	1	1358	1626	1888	2112	2312	6000	5000	1	1	1	1	1	1
3	49	0	5	1000	278020	278021.968	278	925.99	1	3	2	5	4	13254	0	1000	1098	428	0	1	3	2	5	4	1432	1688	1954	2128	2298	6000	5000	1	1	1	1	1	1
3	50	0	5	1000	283020	283021.993	283	924.018	3	2	4	5	1	32451	0	1000	1122	442	0	3	2	4	5	1	1446	1716	1966	2180	2406	6000	5000	1	1	1	1	1	1
3	51	1	5	1000	288020	288021.996	288	922.025	3	2	4	5	1	32451	0	16000	1286	486	0	3	2	4	5	1	1490	1788	2016	2264	2618	6000	5000	1	1	1	1	1	1
3	52	1	5	1000	308020	308021.989	308	916.02	3	2	4	5	1	32451	0	1000	1490	552	0	3	2	4	5	1	1556	1970	2316	2648	2904	6000	5000	1	1	1	1	1	1
3	53	1	5	1000	313020	313021.984	313	914.002	3	5	1	2	4	35124	0	1000	1474	516	0	3	5	1	2	4	1520	1896	2234	2458	2788	6000	5000	1	1	1	1	1	1
3	54	1	5	1000	318020	318021.982	318	911.998	1	3	2	5	4	13254	0	1000	1098	402	0	1	3	2	5	4	1406	1708	2046	2318	2362	6000	5000	1	1	1	1	1	1
3	55	0	5	1000	323020	323021.971	323	910.014	1	4	5	2	3	14523	0	1000	1726	428	0	1	4	5	2	3	1432	1826	2176	2604	2956	6000	5000	1	1	1	1	1	1
3	56	1	5	1000	328020	328021.97	328	908	3	2	4	5	1	32451	0	1000	1622	384	0	3	2	4	5	1	1388	1750	2106	2478	2810	6000	5000	1	1	1	1	1	1
3	57	0	5	1000	333020	333021.968	333	905.997	3	2	4	5	1	32451	0	1000	1800	480	0	3	2	4	5	1	1484	1936	2310	2718	3066	6000	5000	1	1	1	1	1	1
3	58	1	5	1000	338020	338020	338	904.019	1	3	2	5	4	13254	0	1000	1932	412	0	1	3	2	5	4	1416	1826	2222	2652	3106	6000	5000	1	1	1	1	1	1
3	59	1	5	1000	343020	343021.971	343	903.987	3	5	1	2	4	35124	0	1000	1756	418	0	3	5	1	2	4	1422	1792	2174	2540	2902	6000	5000	1	1	1	1	1	1
3	60	1	5	1000	348020	348021.971	348	901.999	3	5	1	2	4	35124	0	1000	1716	482	0	3	5	1	2	4	1486	1834	2248	2598	2982	6000	5000	1	1	1	1	1	1
3	61	0	5	1000	353020	353021.986	353	900.016	3	2	4	5	1	32451	0	1000	1850	408	0	3	2	4	5	1	1412	1838	2226	2696	3072	6000	5000	1	1	1	1	1	1
3	62	0	5	1000	358020	358021.97	358	898.008	3	2	4	5	1	32451	0	1000	1990	436	0	3	2	4	5	1	1440	1846	2328	2802	3230	6000	5000	1	1	1	1	1	1
3	63	1	5	1000	363020	363021.972	363	895.986	3	5	1	2	4	35124	0	1000	1844	454	0	3	5	1	2	4	1458	1846	2280	2678	3068	6000	5000	1	1	1	1	1	1
3	64	0	5	1000	368020	368021.95	368	893.968	3	5	1	2	4	35124	0	1000	1870	388	0	3	5	1	2	4	1392	1854	2250	2654	3018	6000	5000	1	1	1	1	1	1
3	65	1	5	1000	373020	373021.975	373	893.968	3	5	1	2	4	35124	0	1000	1848	438	0	3	5	1	2	4	1442	1896	2260	2618	2994	6000	5000	1	1	1	1	1	1
3	66	0	5	1000	378020	378021.997	378	892.047	1	4	5	2	3	14523	0	1000	1892	494	0	1	4	5	2	3	1498	1906	2334	2794	3204	6000	5000	1	1	1	1	1	1
3	67	1	5	1000	383020	383020.003	383	888.022	1	3	2	5	4	13254	0	1000	1836	420	0	1	3	2	5	4	1424	1864	2244	2654	3048	6000	5000	1	1	1	1	1	1
3	68	0	5	1000	388020	388021.971	388	887.998	3	5	1	2	4	35124	0	16000	1760	410	0	3	5	1	2	4	1414	1806	2166	2566	2940	6000	5000	1	1	1	1	1	1
4	1	0	5	1000	8020	8020.01	9	14.012	1	4	5	2	3	14523	0	1000	0	998	0	1	4	5	2	3	2002	2628	3088	3486	3798	6000	5000	0	1	1	1	1	1
4	2	1	5	1000	13020	13020.01	14	14.002	1	3	2	5	4	13254	0	1000	1574	476	0	1	3	2	5	4	1480	1854	2172	2506	2836	6000	5000	1	1	1	1	1	1
4	3	1	5	1000	18020	18021.991	19	13.982	3	2	4	5	1	32451	0	1000	1592	380	0	3	2	4	5	1	1384	1732	2106	2456	2814	6000	5000	1	1	1	1	1	1
4	4	0	5	1000	23020	23021.997	24	11.998	3	5	1	2	4	35124	0	1000	1736	386	0	3	5	1	2	4	1390	1772	2150	2526	2862	6000	5000	1	1	1	1	1	1
4	5	1	5	1000	28020	28020.011	29	8.002	1	4	5	2	3	14523	0	1000	1848	398	0	1	4	5	2	3	1402	1822	2274	2710	3060	6000	5000	1	1	1	1	1	1
4	6	0	5	1000	33020	33020.01	34	6.001	3	5	1	2	4	35124	0	1000	1590	342	0	3	5	1	2	4	1346	1724	2066	2372	2730	6000	5000	1	1	1	1	1	1
4	7	0	5	1000	38020	38020.009	39	4.005	3	2	4	5	1	32451	0	1000	1684	408	0	3	2	4	5	1	1412	1768	2124	2532	2892	6000	5000	1	1	1	1	1	1
4	8	1	5	1000	43020	43020.012	44	2.003	3	2	4	5	1	32451	0	1000	1680	420	0	3	2	4	5	1	1424	1820	2160	2532	2912	6000	5000	1	1	1	1	1	1
4	9	0	5	1000	48020	48020.009	49	1.991	3	2	4	5	1	32451	0	1000	1626	472	0	3	2	4	5	1	1476	1846	2180	2546	2920	6000	5000	1	1	1	1	1	1
4	10	0	5	1000	53020	53020.037	54	0	1	4	5	2	3	14523	0	1000	1788	376	0	1	4	5	2	3	1380	1740	2184	2600	2962	6000	5000	1	1	1	1	1	1
4	11	1	5	1000	58020	58021.996	59	0	3	2	4	5	1	32451	0	1000	1720	414	0	3	2	4	5	1	1418	1820	2202	2568	2930	6000	5000	1	1	1	1	1	1
4	12	0	5	1000	63020	63020.01	63	996.002	1	3	2	5	4	13254	0	1000	1910	392	0	1	3	2	5	4	1396	1860	2282	2692	3066	6000	5000	1	1	1	1	1	1
4	13	0	5	1000	68020	68020.003	68	993.993	3	2	4	5	1	32451	0	1000	1730	386	0	3	2	4	5	1	1390	1760	2122	2538	2896	6000	5000	1	1	1	1	1	1
4	14	1	5	1000	73020	73020.007	73	991.998	3	5	1	2	4	35124	0	1000	1722	412	0	3	5	1	2	4	1416	1816	2214	2554	2928	6000	5000	1	1	1	1	1	1
4	15	1	5	1000	78020	78020.011	78	992.012	1	4	5	2	3	14523	0	1000	1626	460	0	1	4	5	2	3	1464	1872	2224	2590	2924	6000	5000	1	1	1	1	1	1
4	16	0	5	1000	83020	83020.01	83	990.001	1	4	5	2	3	14523	0	1000	1886	566	0	1	4	5	2	3	1570	2090	2600	3020	3282	6000	5000	1	1	1	1	1	1
4	17	1	5	1000	88020	88020.01	88	988.001	3	5	1	2	4	35124	0	16000	1794	432	0	3	5	1	2	4	1436	1834	2220	2572	2968	6000	5000	1	1	1	1	1	1
4	18	1	5	1000	108020	108022.013	108	982.005	3	5	1	2	4	35124	0	1000	1452	928	0	3	5	1	2	4	1932	2328	2678	2936	3202	6000	5000	1	1	1	1	1	1
4	19	1	5	1000	113020	113020.012	113	978.002	1	3	2	5	4	13254	0	1000	1348	516	0	1	3	2	5	4	1520	1844	2140	2402	2694	6000	5000	1	1	1	1	1	1
4	20	0	5	1000	118020	118021.998	118	979.987	3	5	1	2	4	35124	0	1000	1406	380	0	3	5	1	2	4	1384	1674	2054	2318	2590	6000	5000	1	1	1	1	1	1
4	21	1	5	1000	123020	123020.003	123	975.993	1	3	2	5	4	13254	0	1000	1328	416	0	1	3	2	5	4	1420	1716	2032	2278	2566	6000	5000	1	1	1	1	1	1
4	22	0	5	1000	128020	128020.012	128	974.002	3	2	4	5	1	32451	0	1000	1360	432	0	3	2	4	5	1	1436	1744	2048	2310	2616	6000	5000	1	1	1	1	1	1
4	23	0	5	1000	133020	133020.007	133	971.995	1	3	2	5	4	13254	0	1000	1396	514	0	1	3	2	5	4	1518	1860	2164	2422	2712	6000	5000	1	1	1	1	1	1
4	24	0	5	1000	138020	138020.011	138	970.003	1	3	2	5	4	13254	0	1000	1646	416	0	1	3	2	5	4	1420	1812	2176	2498	2854	6000	5000	1	1	1	1	1	1
4	25	0	5	1000	143020	143021.998	143	969.989	3	5	1	2	4	35124	0	1000	1218	366	0	3	5	1	2	4	1370	1646	1926	2162	2368	6000	5000	1	1	1	1	1	1
4	26	0	5	1000	148020	148020.011	148	966.002	3	5	1	2	4	35124	0	1000	1434	358	0	3	5	1	2	4	1362	1782	2116	2354	2584	6000	5000	1	1	1	1	1	1
4	27	0	5	1000	153020	153020.009	153	966.029	1	4	5	2	3	14523	0	1000	1374	454	0	1	4	5	2	3	1458	1784	2120	2436	2658	6000	5000	1	1	1	1	1	1
4	28	0	5	1000	158020	158020.01	158	963.998	1	4	5	2	3	14523	0	1000	1364	372	0	1	4	5	2	3	1376	1722	2036	2356	2564	6000	5000	1	1	1	1	1	1
4	29	1	5	1000	163020	163020.01	163	961.999	1	4	5	2	3	14523	0	1000	1372	604	0	1	4	5	2	3	1608	1990	2336	2626	2810	6000	5000	1	1	1	1	1	1
4	30	1	5	1000	168020	168020.009	168	959.996	1	3	2	5	4	13254	0	1000	1498	444	0	1	3	2	5	4	1448	1762	2122	2414	2748	6000	5000	1	1	1	1	1	1
4	31	1	5	1000	173020	173022.012	173	960.013	1	3	2	5	4	13254	0	1000	1372	384	0	1	3	2	5	4	1388	1716	2016	2304	2576	6000	5000	1	1	1	1	1	1
4	32	0	5	1000	178020	178020.008	178	955.978	1	3	2	5	4	13254	0	1000	1234	464	0	1	3	2	5	4	1468	1768	2060	2280	2516	6000	5000	1	1	1	1	1	1
4	33	1	5	1000	183020	183021.998	183	955.989	3	2	4	5	1	32451	0	1000	1128	534	0	3	2	4	5	1	1538	1798	2032	2244	2514	6000	5000	1	1	1	1	1	1
4	34	1	5	1000	188020	188020.012	188	953.999	1	3	2	5	4	13254	0	16000	1462	368	0	1	3	2	5	4	1372	1792	2072	2312	2628	6000	5000	1	1	1	1	1	1
4	35	1	5	1000	208020	208020.007	208	945.997	1	3	2	5	4	13254	0	1000	1322	584	0	1	3	2	5	4	1588	1904	2182	2442	2696	6000	5000	1	1	1	1	1	1
4	36	1	5	1000	213020	213020.009	213	943.977	1	4	5	2	3	14523	0	1000	1228	422	0	1	4	5	2	3	1426	1730	1988	2256	2504	6000	5000	1	1	1	1	1	1
4	37	1	5	1000	218020	218020.012	218	942.003	1	4	5	2	3	14523	0	1000	1238	390	0	1	4	5	2	3	1394	1678	1970	2250	2468	6000	5000	1	1	1	1	1	1
4	38	1	5	1000	223020	223020.001	223	941.991	3	2	4	5	1	32451	0	1000	1350	396	0	3	2	4	5	1	1400	1704	1976	2306	2596	6000	5000	1	1	1	1	1	1
4	39	1	5	1000	228020	228020.021	228	940.027	3	2	4	5	1	32451	0	1000	1364	498	0	3	2	4	5	1	1502	1790	2086	2406	2698	6000	5000	1	1	1	1	1	1
4	40	1	5	1000	233020	233020.008	233	937.998	1	4	5	2	3	14523	0	1000	1664	364	0	1	4	5	2	3	1368	1870	2298	2682	2866	6000	5000	1	1	1	1	1	1
4	41	1	5	1000	238020	238022	238	938.001	3	5	1	2	4	35124	0	1000	1428	356	0	3	5	1	2	4	1360	1714	2060	2334	2594	6000	5000	1	1	1	1	1	1
4	42	0	5	1000	243020	243021.998	243	935.995	1	4	5	2	3	14523	0	1000	1580	594	0	1	4	5	2	3	1598	1938	2322	2760	2994	6000	5000	1	1	1	1	1	1
4	43	0	5	1000	248020	248020.001	248	931.997	3	5	1	2	4	35124	0	1000	1260	408	0	3	5	1	2	4	1412	1682	1968	2228	2482	6000	5000	1	1	1	1	1	1
4	44	0	5	1000	253020	253020.012	253	932.001	1	3	2	5	4	13254	0	1000	1350	392	0	1	3	2	5	4	1396	1716	2028	2270	2542	6000	5000	1	1	1	1	1	1
4	45	1	5	1000	258020	258022.001	258	932.002	1	4	5	2	3	14523	0	1000	1394	414	0	1	4	5	2	3	1418	1786	2080	2400	2642	6000	5000	1	1	1	1	1	1
4	46	0	5	1000	263020	263020.007	263	927.984	3	2	4	5	1	32451	0	1000	1424	490	0	3	2	4	5	1	1494	1854	2214	2516	2762	6000	5000	1	1	1	1	1	1
4	47	1	5	1000	268020	268021.999	268	927.997	1	4	5	2	3	14523	0	1000	1246	626	0	1	4	5	2	3	1630	1958	2228	2524	2718	6000	5000	1	1	1	1	1	1
4	48	0	5	1000	273020	273020.013	273	923.985	1	3	2	5	4	13254	0	1000	1820	532	0	1	3	2	5	4	1536	2066	2504	2844	3144	6000	5000	1	1	1	1	1	1
4	49	1	5	1000	278020	278021.982	278	923.988	3	5	1	2	4	35124	0	1000	1364	414	0	3	5	1	2	4	1418	1708	2048	2318	2572	6000	5000	1	1	1	1	1	1
4	50	0	5	1000	283020	283020.001	283	920.001	3	5	1	2	4	35124	0	1000	1326	454	0	3	5	1	2	4	1458	1758	2066	2318	2582	6000	5000	1	1	1	1	1	1
4	51	1	5	1000	288020	288022.013	288	920.01	3	5	1	2	4	35124	0	16000	1468	408	0	3	5	1	2	4	1412	1872	2188	2438	2698	6000	5000	1	1	1	1	1	1
4	52	1	5	1000	308020	308020.006	308	912.009	3	5	1	2	4	35124	0	1000	1516	764	0	3	5	1	2	4	1768	2182	2534	2812	3090	6000	5000	1	1	1	1	1	1
4	53	1	5	1000	313020	313020.012	313	910.014	3	2	4	5	1	32451	0	1000	1404	446	0	3	2	4	5	1	1450	1804	2102	2388	2688	6000	5000	1	1	1	1	1	1
4	54	0	5	1000	318020	318020.01	318	908.013	1	4	5	2	3	14523	0	1000	1526	404	0	1	4	5	2	3	1408	1806	2218	2534	2762	6000	5000	1	1	1	1	1	1
4	55	0	5	1000	323020	323020.01	323	906.011	3	2	4	5	1	32451	0	1000	1334	608	0	3	2	4	5	1	1612	1898	2170	2450	2770	6000	5000	1	1	1	1	1	1
4	56	0	5	1000	328020	328020.002	328	906.004	3	2	4	5	1	32451	0	1000	1436	550	0	3	2	4	5	1	1554	1878	2168	2480	2822	6000	5000	1	1	1	1	1	1
4	57	0	5	1000	333020	333020.023	333	904.024	3	5	1	2	4	35124	0	1000	1398	720	0	3	5	1	2	4	1724	2046	2392	2658	2920	6000	5000	1	1	1	1	1	1
4	58	1	5	1000	338020	338020.01	338	902.015	3	2	4	5	1	32451	0	1000	1340	496	0	3	2	4	5	1	1500	1782	2068	2358	2668	6000	5000	1	1	1	1	1	1
4	59	1	5	1000	343020	343020.009	343	900.01	3	5	1	2	4	35124	0	1000	1642	444	0	3	5	1	2	4	1448	1820	2242	2610	2908	6000	5000	1	1	1	1	1	1
4	60	0	5	1000	348020	348020.015	348	898.005	3	2	4	5	1	32451	0	1000	1318	454	0	3	2	4	5	1	1458	1752	2050	2356	2634	6000	5000	1	1	1	1	1	1
4	61	1	5	1000	353020	353020.01	353	895.998	1	3	2	5	4	13254	0	1000	1318	474	0	1	3	2	5	4	1478	1764	2078	2334	2608	6000	5000	1	1	1	1	1	1
4	62	0	5	1000	358020	358021.999	358	896.002	1	4	5	2	3	14523	0	1000	1250	394	0	1	4	5	2	3	1398	1684	1958	2254	2476	6000	5000	1	1	1	1	1	1
4	63	0	5	1000	363020	363021.997	363	895.994	1	3	2	5	4	13254	0	1000	1504	416	0	1	3	2	5	4	1420	1770	2110	2402	2728	6000	5000	1	1	1	1	1	1
4	64	1	5	1000	368020	368020.037	368	892.027	1	3	2	5	4	13254	0	1000	1354	404	0	1	3	2	5	4	1408	1718	2008	2288	2570	6000	5000	1	1	1	1	1	1
4	65	1	5	1000	373020	373020.001	373	890.003	3	5	1	2	4	35124	0	1000	1288	504	0	3	5	1	2	4	1508	1812	2092	2330	2586	6000	5000	1	1	1	1	1	1
4	66	1	5	1000	378020	378020.01	378	888.001	3	5	1	2	4	35124	0	1000	1414	480	0	3	5	1	2	4	1484	1784	2054	2266	2518	6000	5000	1	1	1	1	1	1
4	67	0	5	1000	383020	383020.009	383	886.01	1	3	2	5	4	13254	0	1000	1906	420	0	1	3	2	5	4	1424	1786	2254	2702	3118	6000	5000	1	1	1	1	1	1
4	68	0	5	1000	388020	388020.061	388	884.056	1	4	5	2	3	14523	0	16000	1466	422	0	1	4	5	2	3	1426	1814	2160	2462	2694	6000	5000	1	1	1	1	1	1
5	1	1	5	1000	8020	8021.989	9	16.002	3	2	4	5	1	32451	0	1000	1430	748	0	3	2	4	5	1	1752	2092	2426	2704	2982	6000	5000	1	1	1	1	1	1
5	2	0	5	1000	13020	13020	14	12.011	3	2	4	5	1	32451	0	1000	1210	442	0	3	2	4	5	1	1446	1734	2004	2234	2476	6000	5000	1	1	1	1	1	1
5	3	0	5	1000	18020	18020.003	19	11.99	1	3	2	5	4	13254	0	1000	1200	450	0	1	3	2	5	4	1454	1694	1964	2206	2458	6000	5000	1	1	1	1	1	1
5	4	1	5	1000	23020	23020.002	24	10.002	3	5	1	2	4	35124	0	1000	1288	390	0	3	5	1	2	4	1394	1690	1980	2222	2502	6000	5000	1	1	1	1	1	1
5	5	1	5	1000	28020	28020.002	29	8.001	1	4	5	2	3	14523	0	1000	1244	374	0	1	4	5	2	3	1378	1680	1972	2248	2478	6000	5000	1	1	1	1	1	1
5	6	1	5	1000	33020	33021.989	34	7.987	3	5	1	2	4	35124	0	1000	1386	446	0	3	5	1	2	4	1450	1752	2078	2352	2632	6000	5000	1	1	1	1	1	1
5	7	1	5	1000	38020	38022.031	39	6.017	1	3	2	5	4	13254	0	1000	1286	372	0	1	3	2	5	4	1376	1652	1932	2208	2454	6000	5000	1	1	1	1	1	1
5	8	1	5	1000	43020	43020.006	44	2.018	1	3	2	5	4	13254	0	1000	1152	418	0	1	3	2	5	4	1422	1662	1920	2170	2370	6000	5000	1	1	1	1	1	1
5	9	0	5	1000	48020	48020.001	49	0	3	5	1	2	4	35124	0	1000	1342	432	0	3	5	1	2	4	1436	1758	2074	2302	2568	6000	5000	1	1	1	1	1	1
5	10	1	5	1000	53020	53020.009	54	0	3	2	4	5	1	32451	0	1000	1286	466	0	3	2	4	5	1	1470	1740	2032	2308	2570	6000	5000	1	1	1	1	1	1
5	11	0	5	1000	58020	58020.002	58	997.916	1	4	5	2	3	14523	0	1000	1466	524	0	1	4	5	2	3	1528	1832	2202	2530	2812	6000	5000	1	1	1	1	1	1
5	12	0	5	1000	63020	63020.016	63	996.008	3	2	4	5	1	32451	0	1000	1334	440	0	3	2	4	5	1	1444	1780	2096	2352	2616	6000	5000	1	1	1	1	1	1
5	13	0	5	1000	68020	68021.989	68	995.978	3	2	4	5	1	32451	0	1000	1160	392	0	3	2	4	5	1	1396	1640	1910	2160	2394	6000	5000	1	1	1	1	1	1
5	14	1	5	1000	73020	73021.981	73	993.982	1	3	2	5	4	13254	0	1000	1282	848	0	1	3	2	5	4	1852	2114	2410	2674	2950	6000	5000	1	1	1	1	1	1
5	15	0	5	1000	78020	78021.991	78	991.988	1	4	5	2	3	14523	0	1000	1216	538	0	1	4	5	2	3	1542	1856	2112	2378	2582	6000	5000	1	1	1	1	1	1
5	16	0	5	1000	83020	83020.001	83	990	1	3	2	5	4	13254	0	1000	1156	414	0	1	3	2	5	4	1418	1670	1940	2148	2386	6000	5000	1	1	1	1	1	1
5	17	1	5	1000	88020	88020.002	88	987.967	3	2	4	5	1	32451	0	16000	1148	500	0	3	2	4	5	1	1504	1740	2012	2270	2486	6000	5000	1	1	1	1	1	1
5	18	1	5	1000	108020	108020.003	108	980.003	3	2	4	5	1	32451	0	1000	1382	558	0	3	2	4	5	1	1562	1892	2214	2528	2786	6000	5000	1	1	1	1	1	1
5	19	0	5	1000	113020	113020.083	113	978.083	3	5	1	2	4	35124	0	1000	1180	388	0	3	5	1	2	4	1392	1664	1958	2158	2374	6000	5000	1	1	1	1	1	1
5	20	1	5	1000	118020	118020.01	118	978.01	1	3	2	5	4	13254	0	1000	1130	338	0	1	3	2	5	4	1342	1590	1846	2046	2276	6000	5000	1	1	1	1	1	1
5	21	1	5	1000	123020	123022.023	123	977.996	3	2	4	5	1	32451	0	1000	1074	404	0	3	2	4	5	1	1408	1646	1884	2132	2344	6000	5000	1	1	1	1	1	1
5	22	0	5	1000	128020	128020.001	128	973.998	1	3	2	5	4	13254	0	1000	1056	396	0	1	3	2	5	4	1400	1636	1856	2038	2270	6000	5000	1	1	1	1	1	1
5	23	0	5	1000	133020	133022	133	973.998	3	5	1	2	4	35124	0	1000	1214	414	0	3	5	1	2	4	1418	1734	2040	2238	2442	6000	5000	1	1	1	1	1	1
5	24	0	5	1000	138020	138021.985	138	971.968	3	2	4	5	1	32451	0	1000	1170	368	0	3	2	4	5	1	1372	1636	1880	2126	2374	6000	5000	1	1	1	1	1	1
5	25	0	5	1000	143020	143021.989	143	969.885	3	5	1	2	4	35124	0	1000	1168	218	0	3	5	1	2	4	1222	1518	1784	1980	2190	6000	5000	1	1	1	1	1	1
5	26	0	5	1000	148020	148021.987	148	967.989	1	4	5	2	3	14523	0	1000	1372	414	0	1	4	5	2	3	1418	1718	2068	2368	2612	6000	5000	1	1	1	1	1	1
5	27	1	5	1000	153020	153020.084	153	966.094	1	4	5	2	3	14523	0	1000	1266	398	0	1	4	5	2	3	1402	1746	2034	2320	2496	6000	5000	1	1	1	1	1	1
5	28	1	5	1000	158020	158020.012	158	964.024	1	3	2	5	4	13254	0	1000	1176	552	0	1	3	2	5	4	1556	1832	2098	2330	2538	6000	5000	1	1	1	1	1	1
5	29	1	5	1000	163020	163021.988	163	963.99	1	4	5	2	3	14523	0	1000	1182	450	0	1	4	5	2	3	1454	1832	2094	2346	2480	6000	5000	1	1	1	1	1	1
5	30	1	5	1000	168020	168022.001	168	962	1	4	5	2	3	14523	0	1000	1212	484	0	1	4	5	2	3	1488	1826	2130	2398	2546	6000	5000	1	1	1	1	1	1
5	31	1	5	1000	173020	173021.99	173	959.956	3	2	4	5	1	32451	0	1000	1162	416	0	3	2	4	5	1	1420	1686	1946	2184	2438	6000	5000	1	1	1	1	1	1
5	32	1	5	1000	178020	178020.002	178	956.002	3	2	4	5	1	32451	0	1000	1142	384	0	3	2	4	5	1	1388	1618	1920	2176	2398	6000	5000	1	1	1	1	1	1
5	33	1	5	1000	183020	183020.001	183	954.006	1	3	2	5	4	13254	0	1000	1342	378	0	1	3	2	5	4	1382	1672	1980	2242	2516	6000	5000	1	1	1	1	1	1
5	34	1	5	1000	188020	188020.001	188	954.011	3	5	1	2	4	35124	0	16000	1188	394	0	3	5	1	2	4	1398	1678	1976	2168	2394	6000	5000	1	1	1	1	1	1
5	35	1	5	1000	208020	208020.001	208	945.981	3	5	1	2	4	35124	0	1000	1072	506	0	3	5	1	2	4	1510	1798	2046	2208	2398	6000	5000	1	1	1	1	1	1
5	36	0	5	1000	213020	213021.989	213	945.988	3	5	1	2	4	35124	0	1000	1104	484	0	3	5	1	2	4	1488	1778	2038	2218	2414	6000	5000	1	1	1	1	1	1
5	37	1	5	1000	218020	218020.005	218	942.007	1	4	5	2	3	14523	0	1000	1038	410	0	1	4	5	2	3	1414	1690	1938	2150	2284	6000	5000	1	1	1	1	1	1
5	38	0	5	1000	223020	223020.003	223	941.997	1	4	5	2	3	14523	0	1000	970	488	0	1	4	5	2	3	1492	1722	1924	2142	2288	6000	5000	1	1	1	1	1	1
5	39	0	5	1000	228020	228021.988	228	941.998	1	4	5	2	3	14523	0	1000	1004	462	0	1	4	5	2	3	1466	1706	1938	2162	2312	6000	5000	1	1	1	1	1	1
5	40	0	5	1000	233020	233020.083	233	938.097	3	5	1	2	4	35124	0	1000	1004	398	0	3	5	1	2	4	1402	1662	1874	2012	2202	6000	5000	1	1	1	1	1	1
5	41	0	5	1000	238020	238020.004	238	936	1	3	2	5	4	13254	0	1000	1092	400	0	1	3	2	5	4	1404	1648	1888	2082	2298	6000	5000	1	1	1	1	1	1
5	42	0	5	1000	243020	243020.001	243	934.009	1	3	2	5	4	13254	0	1000	1080	376	0	1	3	2	5	4	1380	1578	1774	2028	2260	6000	5000	1	1	1	1	1	1
5	43	1	5	1000	248020	248020.001	248	931.991	1	3	2	5	4	13254	0	1000	1038	374	0	1	3	2	5	4	1378	1604	1822	2020	2208	6000	5000	1	1	1	1	1	1
5	44	0	5	1000	253020	253022.126	253	932.135	1	3	2	5	4	13254	0	1000	1010	348	0	1	3	2	5	4	1352	1568	1760	1954	2154	6000	5000	1	1	1	1	1	1
5	45	1	5	1000	258020	258020.001	258	930.009	1	4	5	2	3	14523	0	1000	1016	428	0	1	4	5	2	3	1432	1692	1898	2108	2278	6000	5000	1	1	1	1	1	1
5	46	0	5	1000	263020	263021.979	263	929.987	1	3	2	5	4	13254	0	1000	1032	342	0	1	3	2	5	4	1346	1572	1788	1968	2176	6000	5000	1	1	1	1	1	1
5	47	0	5	1000	268020	268020.013	268	926.021	3	2	4	5	1	32451	0	1000	1160	440	0	3	2	4	5	1	1444	1640	1964	2228	2434	6000	5000	1	1	1	1	1	1
5	48	0	5	1000	273020	273021.991	273	925.999	1	4	5	2	3	14523	0	1000	1270	376	0	1	4	5	2	3	1380	1654	1900	2288	2444	6000	5000	1	1	1	1	1	1
5	49	1	5	1000	278020	278020.002	278	921.988	3	5	1	2	4	35124	0	1000	1516	692	0	3	5	1	2	4	1696	2222	2650	2836	3014	6000	5000	1	1	1	1	1	1
5	50	1	5	1000	283020	283021.99	283	922.008	3	5	1	2	4	35124	0	1000	1074	382	0	3	5	1	2	4	1386	1668	1936	2132	2290	6000	5000	1	1	1	1	1	1
5	51	0	5	1000	288020	288021.989	288	919.998	3	2	4	5	1	32451	0	16000	1102	474	0	3	2	4	5	1	1478	1692	1994	2242	2414	6000	5000	1	1	1	1	1	1
5	52	0	5	1000	308020	308021.991	308	913.98	3	2	4	5	1	32451	0	1000	1070	592	0	3	2	4	5	1	1596	1862	2130	2338	2494	6000	5000	1	1	1	1	1	1
5	53	1	5	1000	313020	313020.022	313	910.027	1	4	5	2	3	14523	0	1000	1034	452	0	1	4	5	2	3	1456	1700	1934	2170	2332	6000	5000	1	1	1	1	1	1
5	54	0	5	1000	318020	318021.989	318	909.997	3	2	4	5	1	32451	0	1000	1004	454	0	3	2	4	5	1	1458	1654	1902	2132	2318	6000	5000	1	1	1	1	1	1
5	55	1	5	1000	323020	323021.989	323	907.996	3	5	1	2	4	35124	0	1000	1096	412	0	3	5	1	2	4	1416	1714	1964	2146	2322	6000	5000	1	1	1	1	1	1
5	56	0	5	1000	328020	328020.026	328	904.02	1	4	5	2	3	14523	0	1000	1110	348	0	1	4	5	2	3	1352	1636	1916	2162	2308	6000	5000	1	1	1	1	1	1
5	57	1	5	1000	333020	333021.988	333	905.986	3	2	4	5	1	32451	0	1000	982	400	0	3	2	4	5	1	1404	1592	1854	2054	2222	6000	5000	1	1	1	1	1	1
5	58	1	5	1000	338020	338021.988	338	903.994	3	5	1	2	4	35124	0	1000	958	372	0	3	5	1	2	4	1376	1596	1826	1946	2128	6000	5000	1	1	1	1	1	1
5	59	1	5	1000	343020	343020.002	343	900.001	3	2	4	5	1	32451	0	1000	958	364	0	3	2	4	5	1	1368	1604	1838	2028	2182	6000	5000	1	1	1	1	1	1
5	60	1	5	1000	348020	348020.003	348	897.999	1	4	5	2	3	14523	0	1000	906	394	0	1	4	5	2	3	1398	1606	1804	2008	2156	6000	5000	1	1	1	1	1	1
5	61	0	5	1000	353020	353021.987	353	897.986	3	5	1	2	4	35124	0	1000	912	446	0	3	5	1	2	4	1450	1640	1858	2002	2174	6000	5000	1	1	1	1	1	1
5	62	0	5	1000	358020	358020.001	358	894.005	3	5	1	2	4	35124	0	1000	890	458	0	3	5	1	2	4	1462	1656	1878	2004	2166	6000	5000	1	1	1	1	1	1
5	63	1	5	1000	363020	363021.988	363	893.996	3	5	1	2	4	35124	0	1000	822	696	0	3	5	1	2	4	1700	1860	2044	2158	2308	6000	5000	1	1	1	1	1	1
5	64	0	5	1000	368020	368020.002	368	892.008	1	3	2	5	4	13254	0	1000	1044	488	0	1	3	2	5	4	1492	1690	1924	2146	2348	6000	5000	1	1	1	1	1	1
5	65	0	5	1000	373020	373021.999	373	891.997	1	4	5	2	3	14523	0	1000	1122	498	0	1	4	5	2	3	1502	1748	2116	2334	2472	6000	5000	1	1	1	1	1	1
5	66	1	5	1000	378020	378021.987	378	889.995	1	3	2	5	4	13254	0	1000	1094	436	0	1	3	2	5	4	1440	1656	1916	2142	2400	6000	5000	1	1	1	1	1	1
5	67	0	5	1000	383020	383020	383	886.013	3	2	4	5	1	32451	0	1000	972	490	0	3	2	4	5	1	1494	1654	1924	2140	2302	6000	5000	1	1	1	1	1	1
5	68	1	5	1000	388020	388021.99	388	885.998	3	2	4	5	1	32451	0	16000	1152	438	0	3	2	4	5	1	1442	1624	1914	2220	2446	6000	5000	1	1	1	1	1	1
6	1	1	5	1000	8020	8020	9	15.917	3	5	1	2	4	35124	0	1000	1474	892	0	3	5	1	2	4	1896	2412	2736	2968	3154	6000	5000	1	1	1	1	1	1
6	2	1	5	1000	13020	13021.997	14	15.995	3	2	4	5	1	32451	0	1000	1228	394	0	3	2	4	5	1	1398	1666	1958	2224	2462	6000	5000	1	1	1	1	1	1
6	3	1	5	1000	18020	18020.02	19	12.031	1	3	2	5	4	13254	0	1000	1286	368	0	1	3	2	5	4	1372	1660	1934	2216	2466	6000	5000	1	1	1	1	1	1
6	4	1	5	1000	23020	23022.002	24	12.004	1	3	2	5	4	13254	0	1000	1174	376	0	1	3	2	5	4	1380	1674	1932	2174	2416	6000	5000	1	1	1	1	1	1
6	5	1	5	1000	28020	28020.007	29	8.005	1	4	5	2	3	14523	0	1000	1364	386	0	1	4	5	2	3	1390	1726	2056	2370	2584	6000	5000	1	1	1	1	1	1
6	6	1	5	1000	33020	33020.001	34	8.017	1	3	2	5	4	13254	0	1000	1224	428	0	1	3	2	5	4	1432	1702	1962	2200	2468	6000	5000	1	1	1	1	1	1
6	7	1	5	1000	38020	38022.002	39	7.993	3	5	1	2	4	35124	0	1000	1218	282	0	3	5	1	2	4	1286	1594	1894	2112	2332	6000	5000	1	1	1	1	1	1
6	8	1	5	1000	43020	43020.001	44	3.999	1	3	2	5	4	13254	0	1000	1068	356	0	1	3	2	5	4	1360	1594	1828	2012	2238	6000	5000	1	1	1	1	1	1
6	9	1	5	1000	48020	48020.004	49	2.002	3	2	4	5	1	32451	0	1000	1090	372	0	3	2	4	5	1	1376	1570	1846	2086	2326	6000	5000	1	1	1	1	1	1
6	10	0	5	1000	53020	53020.001	54	0	3	2	4	5	1	32451	0	1000	1022	436	0	3	2	4	5	1	1440	1634	1880	2086	2306	6000	5000	1	1	1	1	1	1
6	11	1	5	1000	58020	58020.004	58	997.893	3	2	4	5	1	32451	0	1000	1136	416	0	3	2	4	5	1	1420	1604	1934	2190	2422	6000	5000	1	1	1	1	1	1
6	12	0	5	1000	63020	63020.009	63	998.008	1	3	2	5	4	13254	0	1000	1160	504	0	1	3	2	5	4	1508	1788	2054	2274	2488	6000	5000	1	1	1	1	1	1
6	13	0	5	1000	68020	68020.111	68	996.101	3	5	1	2	4	35124	0	1000	1362	330	0	3	5	1	2	4	1334	1778	2076	2290	2512	6000	5000	1	1	1	1	1	1
6	14	0	5	1000	73020	73020.003	73	993.999	1	4	5	2	3	14523	0	1000	1304	330	0	1	4	5	2	3	1334	1656	2024	2308	2478	6000	5000	1	1	1	1	1	1
6	15	1	5	1000	78020	78020.003	78	992.008	1	4	5	2	3	14523	0	1000	1276	440	0	1	4	5	2	3	1444	1804	2124	2370	2550	6000	5000	1	1	1	1	1	1
6	16	1	5	1000	83020	83020.002	83	990	1	4	5	2	3	14523	0	1000	1216	368	0	1	4	5	2	3	1372	1692	2032	2296	2434	6000	5000	1	1	1	1	1	1
6	17	0	5	1000	88020	88020.101	88	988.1	3	5	1	2	4	35124	0	16000	1146	394	0	3	5	1	2	4	1398	1754	1982	2144	2360	6000	5000	1	1	1	1	1	1
6	18	0	5	1000	108020	108020.002	108	981.987	3	5	1	2	4	35124	0	1000	1372	614	0	3	5	1	2	4	1618	2018	2370	2616	2814	6000	5000	1	1	1	1	1	1
6	19	1	5	1000	113020	113021.994	113	982.001	1	3	2	5	4	13254	0	1000	1402	592	0	1	3	2	5	4	1596	1972	2314	2584	2820	6000	5000	1	1	1	1	1	1
6	20	0	5	1000	118020	118021.99	118	979.992	1	4	5	2	3	14523	0	1000	1268	268	0	1	4	5	2	3	1272	1642	1920	2200	2376	6000	5000	1	1	1	1	1	1
6	21	0	5	1000	123020	123022.005	123	978.005	1	3	2	5	4	13254	0	1000	1222	424	0	1	3	2	5	4	1428	1698	2012	2248	2476	6000	5000	1	1	1	1	1	1
6	22	0	5	1000	128020	128021.975	128	975.978	1	4	5	2	3	14523	0	1000	1148	378	0	1	4	5	2	3	1382	1676	1948	2202	2368	6000	5000	1	1	1	1	1	1
6	23	0	5	1000	133020	133020.005	133	974.003	1	4	5	2	3	14523	0	1000	1252	156	0	1	4	5	2	3	1160	1496	1782	2064	2224	6000	5000	1	1	1	1	1	1
6	24	1	5	1000	138020	138020.001	138	972.01	1	3	2	5	4	13254	0	1000	1160	454	0	1	3	2	5	4	1458	1748	2044	2220	2408	6000	5000	1	1	1	1	1	1
6	25	0	5	1000	143020	143022.005	143	971.973	3	2	4	5	1	32451	0	1000	1262	382	0	3	2	4	5	1	1386	1690	2030	2248	2468	6000	5000	1	1	1	1	1	1
6	26	0	5	1000	148020	148020.002	148	968	3	2	4	5	1	32451	0	1000	1314	408	0	3	2	4	5	1	1412	1582	1948	2330	2556	6000	5000	1	1	1	1	1	1
6	27	0	5	1000	153020	153020.001	153	965.981	3	5	1	2	4	35124	0	1000	1060	300	0	3	5	1	2	4	1304	1578	1830	1982	2164	6000	5000	1	1	1	1	1	1
6	28	0	5	1000	158020	158020.012	158	964.01	1	3	2	5	4	13254	0	1000	1152	846	0	1	3	2	5	4	1850	2104	2366	2570	2804	6000	5000	1	1	1	1	1	1
6	29	1	5	1000	163020	163022.007	163	964.002	1	3	2	5	4	13254	0	1000	1148	652	0	1	3	2	5	4	1656	1930	2148	2360	2616	6000	5000	1	1	1	1	1	1
6	30	0	5	1000	168020	168020.004	168	961.999	3	5	1	2	4	35124	0	1000	1144	476	0	3	5	1	2	4	1480	1756	2052	2254	2438	6000	5000	1	1	1	1	1	1
6	31	0	5	1000	173020	173020.104	173	960.104	3	2	4	5	1	32451	0	1000	1094	448	0	3	2	4	5	1	1452	1692	1946	2172	2394	6000	5000	1	1	1	1	1	1
6	32	0	5	1000	178020	178020.012	178	958.019	1	4	5	2	3	14523	0	1000	1086	462	0	1	4	5	2	3	1466	1724	1966	2220	2382	6000	5000	1	1	1	1	1	1
6	33	0	5	1000	183020	183020.003	183	956.022	3	2	4	5	1	32451	0	1000	1072	354	0	3	2	4	5	1	1358	1570	1834	2054	2270	6000	5000	1	1	1	1	1	1
6	34	0	5	1000	188020	188020.002	188	954	1	3	2	5	4	13254	0	16000	1304	354	0	1	3	2	5	4	1358	1664	2014	2254	2482	6000	5000	1	1	1	1	1	1
6	35	0	5	1000	208020	208020.01	208	948.007	1	3	2	5	4	13254	0	1000	1244	466	0	1	3	2	5	4	1470	1818	2084	2290	2506	6000	5000	1	1	1	1	1	1
6	36	0	5	1000	213020	213022.002	213	947.998	1	3	2	5	4	13254	0	1000	1126	332	0	1	3	2	5	4	1336	1588	1844	2046	2266	6000	5000	1	1	1	1	1	1
6	37	1	5	1000	218020	218020.003	218	943.998	3	5	1	2	4	35124	0	1000	974	396	0	3	5	1	2	4	1400	1622	1850	2012	2190	6000	5000	1	1	1	1	1	1
6	38	1	5	1000	223020	223020.036	223	942.045	3	5	1	2	4	35124	0	1000	1022	348	0	3	5	1	2	4	1352	1580	1850	2012	2198	6000	5000	1	1	1	1	1	1
6	39	0	5	1000	228020	228021.997	228	941.985	3	5	1	2	4	35124	0	1000	1028	370	0	3	5	1	2	4	1374	1592	1860	2028	2216	6000	5000	1	1	1	1	1	1
6	40	1	5	1000	233020	233022.002	233	940.012	3	5	1	2	4	35124	0	1000	914	388	0	3	5	1	2	4	1392	1576	1790	1934	2116	6000	5000	1	1	1	1	1	1
6	41	0	5	1000	238020	238022.007	238	939.995	1	4	5	2	3	14523	0	1000	1716	442	0	1	4	5	2	3	1446	1928	2352	2782	2982	6000	5000	1	1	1	1	1	1
6	42	1	5	1000	243020	243020.007	243	936.003	3	5	1	2	4	35124	0	1000	1002	530	0	3	5	1	2	4	1534	1790	2048	2212	2362	6000	5000	1	1	1	1	1	1
6	43	0	5	1000	248020	248021.992	248	935.989	3	2	4	5	1	32451	0	1000	1214	274	0	3	2	4	5	1	1278	1544	1840	2100	2318	6000	5000	1	1	1	1	1	1
6	44	1	5	1000	253020	253021.997	253	934.007	3	5	1	2	4	35124	0	1000	1112	428	0	3	5	1	2	4	1432	1728	1998	2178	2356	6000	5000	1	1	1	1	1	1
6	45	1	5	1000	258020	258021.992	258	932.002	1	4	5	2	3	14523	0	1000	1074	386	0	1	4	5	2	3	1390	1676	1922	2164	2316	6000	5000	1	1	1	1	1	1
6	46	1	5	1000	263020	263020	263	928.005	3	5	1	2	4	35124	0	1000	1418	326	0	3	5	1	2	4	1330	1586	2150	2372	2586	6000	5000	1	1	1	1	1	1
6	47	0	5	1000	268020	268020.013	268	926.023	1	3	2	5	4	13254	0	1000	1098	366	0	1	3	2	5	4	1370	1620	1874	2060	2256	6000	5000	1	1	1	1	1	1
6	48	0	5	1000	273020	273021.996	273	927.994	3	2	4	5	1	32451	0	1000	1302	454	0	3	2	4	5	1	1458	1736	2048	2372	2594	6000	5000	1	1	1	1	1	1
6	49	1	5	1000	278020	278020.002	278	924.002	1	4	5	2	3	14523	0	1000	1572	700	0	1	4	5	2	3	1704	2134	2636	2932	3128	6000	5000	1	1	1	1	1	1
6	50	0	5	1000	283020	283021.99	283	924.008	1	3	2	5	4	13254	0	1000	1408	734	0	1	3	2	5	4	1738	2058	2336	2706	2974	6000	5000	1	1	1	1	1	1
6	51	1	5	1000	288020	288021.996	288	922.004	1	4	5	2	3	14523	0	16000	1014	456	0	1	4	5	2	3	1460	1722	1960	2180	2332	6000	5000	1	1	1	1	1	1
6	52	1	5	1000	308020	308022.023	308	914.031	1	4	5	2	3	14523	0	1000	1438	500	0	1	4	5	2	3	1504	1918	2230	2564	2784	6000	5000	1	1	1	1	1	1
6	53	1	5	1000	313020	313021.991	313	913.997	3	2	4	5	1	32451	0	1000	1558	320	0	3	2	4	5	1	1324	1622	1930	2230	2716	6000	5000	1	1	1	1	1	1
6	54	1	5	1000	318020	318022.014	318	912.011	3	2	4	5	1	32451	0	1000	1134	364	0	3	2	4	5	1	1368	1608	1890	2136	2360	6000	5000	1	1	1	1	1	1
6	55	0	5	1000	323020	323021.993	323	910.004	1	4	5	2	3	14523	0	1000	1226	372	0	1	4	5	2	3	1376	1666	2020	2278	2420	6000	5000	1	1	1	1	1	1
6	56	1	5	1000	328020	328021.996	328	907.993	3	2	4	5	1	32451	0	1000	1210	422	0	3	2	4	5	1	1426	1636	1924	2244	2474	6000	5000	1	1	1	1	1	1
6	57	1	5	1000	333020	333021.992	333	906.002	1	4	5	2	3	14523	0	1000	1432	344	0	1	4	5	2	3	1348	1882	2210	2476	2610	6000	5000	1	1	1	1	1	1
6	58	0	5	1000	338020	338020.002	338	902.01	3	2	4	5	1	32451	0	1000	1066	454	0	3	2	4	5	1	1458	1648	1918	2158	2352	6000	5000	1	1	1	1	1	1
6	59	1	5	1000	343020	343021.991	343	901.966	1	3	2	5	4	13254	0	1000	1060	398	0	1	3	2	5	4	1402	1654	1888	2072	2264	6000	5000	1	1	1	1	1	1
6	60	0	5	1000	348020	348021.99	348	901.987	1	3	2	5	4	13254	0	1000	1194	434	0	1	3	2	5	4	1438	1676	1968	2224	2474	6000	5000	1	1	1	1	1	1
6	61	1	5	1000	353020	353021.992	353	899.99	3	2	4	5	1	32451	0	1000	1080	470	0	3	2	4	5	1	1474	1690	1948	2206	2406	6000	5000	1	1	1	1	1	1
6	62	0	5	1000	358020	358021.989	358	897.998	3	5	1	2	4	35124	0	1000	1006	512	0	3	5	1	2	4	1516	1746	1982	2154	2352	6000	5000	1	1	1	1	1	1
6	63	0	5	1000	363020	363020.005	363	894.017	3	5	1	2	4	35124	0	1000	1060	422	0	3	5	1	2	4	1426	1692	1940	2116	2306	6000	5000	1	1	1	1	1	1
6	64	1	5	1000	368020	368020.001	368	891.994	1	4	5	2	3	14523	0	1000	1120	370	0	1	4	5	2	3	1374	1616	1870	2150	2340	6000	5000	1	1	1	1	1	1
6	65	0	5	1000	373020	373022.013	373	892.002	1	4	5	2	3	14523	0	1000	1170	472	0	1	4	5	2	3	1476	1750	2118	2364	2496	6000	5000	1	1	1	1	1	1
6	66	0	5	1000	378020	378021.99	378	889.995	3	5	1	2	4	35124	0	1000	1038	408	0	3	5	1	2	4	1412	1636	1900	2038	2272	6000	5000	1	1	1	1	1	1
6	67	1	5	1000	383020	383020.003	383	888.011	3	2	4	5	1	32451	0	1000	1038	400	0	3	2	4	5	1	1404	1594	1830	2046	2278	6000	5000	1	1	1	1	1	1
6	68	1	5	1000	388020	388022.002	388	887.966	3	5	1	2	4	35124	0	16000	1132	550	0	3	5	1	2	4	1554	1856	2148	2346	2522	6000	5000	1	1	1	1	1	1
7	1	0	5	1000	8020	8020.019	9	16.001	3	2	4	5	1	32451	0	1000	1408	636	0	3	2	4	5	1	1640	2000	2292	2552	2852	6000	5000	1	1	1	1	1	1
7	2	1	5	1000	13020	13020.048	14	14.031	1	4	5	2	3	14523	0	1000	1182	366	0	1	4	5	2	3	1370	1664	1958	2214	2386	6000	5000	1	1	1	1	1	1
7	3	0	5	1000	18020	18020.037	19	12.019	3	5	1	2	4	35124	0	1000	1790	368	0	3	5	1	2	4	1372	1712	2274	2754	2972	6000	5000	1	1	1	1	1	1
7	4	0	5	1000	23020	23020.027	24	10.02	3	2	4	5	1	32451	0	1000	1256	424	0	3	2	4	5	1	1428	1744	2042	2288	2534	6000	5000	1	1	1	1	1	1
7	5	0	5	1000	28020	28020.023	29	8.014	1	3	2	5	4	13254	0	1000	1194	378	0	1	3	2	5	4	1382	1680	1960	2180	2404	6000	5000	1	1	1	1	1	1
7	6	1	5	1000	33020	33022.011	34	9.994	1	4	5	2	3	14523	0	1000	1076	490	0	1	4	5	2	3	1494	1748	2002	2238	2392	6000	5000	1	1	1	1	1	1
7	7	1	5	1000	38020	38020.01	39	5.993	1	3	2	5	4	13254	0	1000	1012	360	0	1	3	2	5	4	1364	1586	1816	2000	2164	6000	5000	1	1	1	1	1	1
7	8	1	5	1000	43020	43020.006	44	3.987	1	3	2	5	4	13254	0	1000	1144	138	0	1	3	2	5	4	1142	1416	1668	1874	2102	6000	5000	1	1	1	1	1	1
7	9	0	5	1000	48020	48020.037	49	2.019	1	4	5	2	3	14523	0	1000	1074	390	0	1	4	5	2	3	1394	1612	1892	2154	2306	6000	5000	1	1	1	1	1	1
7	10	1	5	1000	53020	53020.03	54	0	3	5	1	2	4	35124	0	1000	1032	414	0	3	5	1	2	4	1418	1658	1954	2086	2270	6000	5000	1	1	1	1	1	1
7	11	0	5	1000	58020	58020.007	58	997.988	1	4	5	2	3	14523	0	1000	1036	424	0	1	4	5	2	3	1428	1674	1922	2172	2304	6000	5000	1	1	1	1	1	1
7	12	0	5	1000	63020	63020.006	63	997.959	1	4	5	2	3	14523	0	1000	1202	302	0	1	4	5	2	3	1306	1560	1874	2146	2352	6000	5000	1	1	1	1	1	1
7	13	1	5	1000	68020	68020.006	68	995.989	1	4	5	2	3	14523	0	1000	1028	372	0	1	4	5	2	3	1376	1644	1902	2102	2244	6000	5000	1	1	1	1	1	1
7	14	0	5	1000	73020	73020.005	73	993.991	1	3	2	5	4	13254	0	1000	1030	402	0	1	3	2	5	4	1406	1630	1858	2044	2246	6000	5000	1	1	1	1	1	1
7	15	0	5	1000	78020	78022.006	78	993.991	1	3	2	5	4	13254	0	1000	1018	400	0	1	3	2	5	4	1404	1606	1828	2020	2228	6000	5000	1	1	1	1	1	1
7	16	1	5	1000	83020	83020.008	83	989.988	3	5	1	2	4	35124	0	1000	1024	392	0	3	5	1	2	4	1396	1668	1950	2056	2220	6000	5000	1	1	1	1	1	1
7	17	0	5	1000	88020	88022.019	88	989.998	3	2	4	5	1	32451	0	16000	1078	410	0	3	2	4	5	1	1414	1664	1952	2168	2316	6000	5000	1	1	1	1	1	1
7	18	0	5	1000	108020	108020.007	108	981.99	3	2	4	5	1	32451	0	1000	1406	732	0	3	2	4	5	1	1736	2080	2464	2754	3000	6000	5000	1	1	1	1	1	1
7	19	1	5	1000	113020	113020.018	113	980.005	3	2	4	5	1	32451	0	1000	1190	362	0	3	2	4	5	1	1366	1674	1954	2196	2444	6000	5000	1	1	1	1	1	1
7	20	0	5	1000	118020	118020.035	118	978.016	1	3	2	5	4	13254	0	1000	1262	328	0	1	3	2	5	4	1332	1658	1948	2152	2400	6000	5000	1	1	1	1	1	1
7	21	1	5	1000	123020	123020.018	123	975.999	3	2	4	5	1	32451	0	1000	1082	326	0	3	2	4	5	1	1330	1584	1838	2060	2278	6000	5000	1	1	1	1	1	1
7	22	0	5	1000	128020	128020.007	128	973.988	3	2	4	5	1	32451	0	1000	1140	290	0	3	2	4	5	1	1294	1532	1772	2010	2274	6000	5000	1	1	1	1	1	1
7	23	0	5	1000	133020	133020.036	133	972.005	1	4	5	2	3	14523	0	1000	1344	374	0	1	4	5	2	3	1378	1680	2022	2360	2522	6000	5000	1	1	1	1	1	1
7	24	0	5	1000	138020	138020.006	138	971.999	3	5	1	2	4	35124	0	1000	1308	180	0	3	5	1	2	4	1184	1596	1926	2118	2300	6000	5000	1	1	1	1	1	1
7	25	1	5	1000	143020	143022.031	143	971.971	3	2	4	5	1	32451	0	1000	1174	516	0	3	2	4	5	1	1520	1746	2024	2304	2538	6000	5000	1	1	1	1	1	1
7	26	0	5	1000	148020	148020.019	148	967.989	1	4	5	2	3	14523	0	1000	1168	252	0	1	4	5	2	3	1256	1572	1838	2096	2252	6000	5000	1	1	1	1	1	1
7	27	0	5	1000	153020	153020.018	153	966	3	2	4	5	1	32451	0	1000	1214	382	0	3	2	4	5	1	1386	1626	1902	2198	2454	6000	5000	1	1	1	1	1	1
7	28	0	5	1000	158020	158020.016	158	964.004	3	2	4	5	1	32451	0	1000	1462	182	0	3	2	4	5	1	1186	1476	1904	2204	2488	6000	5000	1	1	1	1	1	1
7	29	1	5	1000	163020	163020.009	163	961.992	3	5	1	2	4	35124	0	1000	1154	398	0	3	5	1	2	4	1402	1694	2032	2212	2370	6000	5000	1	1	1	1	1	1
7	30	0	5	1000	168020	168020.006	168	959.987	3	5	1	2	4	35124	0	1000	1086	282	0	3	5	1	2	4	1286	1590	1874	2002	2184	6000	5000	1	1	1	1	1	1
7	31	0	5	1000	173020	173020.018	173	960.013	1	3	2	5	4	13254	0	1000	1294	340	0	1	3	2	5	4	1344	1682	1964	2188	2474	6000	5000	1	1	1	1	1	1
7	32	0	5	1000	178020	178020.016	178	958.01	3	2	4	5	1	32451	0	1000	1264	434	0	3	2	4	5	1	1438	1698	2016	2292	2542	6000	5000	1	1	1	1	1	1
7	33	1	5	1000	183020	183020.018	183	956.015	1	3	2	5	4	13254	0	1000	1238	488	0	1	3	2	5	4	1492	1758	2028	2280	2566	6000	5000	1	1	1	1	1	1
7	34	0	5	1000	188020	188020.019	188	954.004	3	5	1	2	4	35124	0	16000	1030	366	0	3	5	1	2	4	1370	1606	1902	2060	2250	6000	5000	1	1	1	1	1	1
7	35	0	5	1000	208020	208020.02	208	948.003	3	5	1	2	4	35124	0	1000	1152	610	0	3	5	1	2	4	1614	1902	2194	2384	2576	6000	5000	1	1	1	1	1	1
7	36	1	5	1000	213020	213020.018	213	946.001	1	3	2	5	4	13254	0	1000	1050	364	0	1	3	2	5	4	1368	1604	1822	2012	2236	6000	5000	1	1	1	1	1	1
7	37	1	5	1000	218020	218020.017	218	944	3	2	4	5	1	32451	0	1000	1122	352	0	3	2	4	5	1	1356	1580	1826	2082	2314	6000	5000	1	1	1	1	1	1
7	38	1	5	1000	223020	223020.037	223	944.019	1	4	5	2	3	14523	0	1000	1266	340	0	1	4	5	2	3	1344	1646	1974	2250	2438	6000	5000	1	1	1	1	1	1
7	39	1	5	1000	228020	228020.01	228	939.992	3	5	1	2	4	35124	0	1000	1138	346	0	3	5	1	2	4	1350	1646	1966	2136	2294	6000	5000	1	1	1	1	1	1
7	40	1	5	1000	233020	233020.024	233	938.018	1	3	2	5	4	13254	0	1000	1088	382	0	1	3	2	5	4	1386	1636	1868	2044	2256	6000	5000	1	1	1	1	1	1
7	41	0	5	1000	238020	238020.022	238	936.004	1	3	2	5	4	13254	0	1000	1062	380	0	1	3	2	5	4	1384	1632	1856	2048	2250	6000	5000	1	1	1	1	1	1
7	42	0	5	1000	243020	243020.009	243	935.953	1	4	5	2	3	14523	0	1000	1078	378	0	1	4	5	2	3	1382	1622	1898	2134	2292	6000	5000	1	1	1	1	1	1
7	43	0	5	1000	248020	248020.008	248	933.914	1	3	2	5	4	13254	0	1000	1394	552	0	1	3	2	5	4	1556	1840	2142	2470	2746	6000	5000	1	1	1	1	1	1
7	44	1	5	1000	253020	253020.005	253	931.989	1	3	2	5	4	13254	0	1000	1122	366	0	1	3	2	5	4	1370	1618	1866	2060	2296	6000	5000	1	1	1	1	1	1
7	45	1	5	1000	258020	258020.007	258	929.998	1	4	5	2	3	14523	0	1000	1074	380	0	1	4	5	2	3	1384	1680	1932	2164	2298	6000	5000	1	1	1	1	1	1
7	46	0	5	1000	263020	263020.019	263	927.998	1	4	5	2	3	14523	0	1000	1184	262	0	1	4	5	2	3	1266	1582	1906	2146	2282	6000	5000	1	1	1	1	1	1
7	47	1	5	1000	268020	268020.018	268	925.994	3	2	4	5	1	32451	0	1000	1310	486	0	3	2	4	5	1	1490	1782	2086	2378	2624	6000	5000	1	1	1	1	1	1
7	48	1	5	1000	273020	273020.001	273	923.995	3	2	4	5	1	32451	0	1000	1310	438	0	3	2	4	5	1	1442	1668	1972	2328	2584	6000	5000	1	1	1	1	1	1
7	49	0	5	1000	278020	278020.007	278	924.022	3	5	1	2	4	35124	0	1000	1158	410	0	3	5	1	2	4	1414	1712	1998	2174	2384	6000	5000	1	1	1	1	1	1
7	50	1	5	1000	283020	283020.011	283	922.003	3	5	1	2	4	35124	0	1000	1258	464	0	3	5	1	2	4	1468	1814	2126	2314	2516	6000	5000	1	1	1	1	1	1
7	51	1	5	1000	288020	288020.012	288	920.009	3	2	4	5	1	32451	0	16000	1512	516	0	3	2	4	5	1	1520	1970	2334	2646	2868	6000	5000	1	1	1	1	1	1
7	52	1	5	1000	308020	308022.006	308	913.984	3	2	4	5	1	32451	0	1000	1166	460	0	3	2	4	5	1	1464	1738	2002	2242	2460	6000	5000	1	1	1	1	1	1
7	53	1	5	1000	313020	313020.006	313	911.986	3	5	1	2	4	35124	0	1000	1012	402	0	3	5	1	2	4	1406	1688	1912	2066	2214	6000	5000	1	1	1	1	1	1
7	54	1	5	1000	318020	318020.01	318	910.007	1	4	5	2	3	14523	0	1000	1036	356	0	1	4	5	2	3	1360	1620	1886	2112	2248	6000	5000	1	1	1	1	1	1
7	55	1	5	1000	323020	323020.007	323	908.001	3	2	4	5	1	32451	0	1000	1142	420	0	3	2	4	5	1	1424	1640	1916	2182	2394	6000	5000	1	1	1	1	1	1
7	56	1	5	1000	328020	328020.005	328	905.997	1	3	2	5	4	13254	0	1000	1118	340	0	1	3	2	5	4	1344	1590	1814	2050	2258	6000	5000	1	1	1	1	1	1
7	57	0	5	1000	333020	333020.012	333	904.004	3	2	4	5	1	32451	0	1000	1156	370	0	3	2	4	5	1	1374	1558	1800	2056	2356	6000	5000	1	1	1	1	1	1
7	58	0	5	1000	338020	338020.001	338	902.012	3	5	1	2	4	35124	0	1000	1274	318	0	3	5	1	2	4	1322	1640	1986	2198	2400	6000	5000	1	1	1	1	1	1
7	59	0	5	1000	343020	343020.006	343	899.97	1	4	5	2	3	14523	0	1000	1206	388	0	1	4	5	2	3	1392	1702	1996	2266	2432	6000	5000	1	1	1	1	1	1
7	60	1	5	1000	348020	348020.022	348	900.011	1	3	2	5	4	13254	0	1000	1088	312	0	1	3	2	5	4	1316	1560	1790	2010	2208	6000	5000	1	1	1	1	1	1
7	61	1	5	1000	353020	353020.019	353	898.011	3	5	1	2	4	35124	0	1000	1328	392	0	3	5	1	2	4	1396	1670	2102	2300	2538	6000	5000	1	1	1	1	1	1
7	62	1	5	1000	358020	358020.008	358	895.988	3	5	1	2	4	35124	0	1000	1220	510	0	3	5	1	2	4	1514	1804	2180	2364	2550	6000	5000	1	1	1	1	1	1
7	63	0	5	1000	363020	363020.006	363	893.998	1	3	2	5	4	13254	0	1000	1102	652	0	1	3	2	5	4	1656	1888	2142	2352	2570	6000	5000	1	1	1	1	1	1
7	64	0	5	1000	368020	368020.02	368	892.01	3	5	1	2	4	35124	0	1000	982	296	0	3	5	1	2	4	1300	1494	1726	1876	2082	6000	5000	1	1	1	1	1	1
7	65	0	5	1000	373020	373020.019	373	890.014	3	5	1	2	4	35124	0	1000	1090	232	0	3	5	1	2	4	1236	1492	1766	1942	2132	6000	5000	1	1	1	1	1	1
7	66	1	5	1000	378020	378020.005	378	887.987	1	4	5	2	3	14523	0	1000	994	368	0	1	4	5	2	3	1372	1596	1806	2032	2192	6000	5000	1	1	1	1	1	1
7	67	1	5	1000	383020	383020.008	383	888.001	1	4	5	2	3	14523	0	1000	942	412	0	1	4	5	2	3	1416	1626	1862	2076	2224	6000	5000	1	1	1	1	1	1
7	68	0	5	1000	388020	388020.018	388	885.998	3	2	4	5	1	32451	0	16000	1246	412	0	3	2	4	5	1	1416	1544	1916	2226	2508	6000	5000	1	1	1	1	1	1
8	1	1	5	1000	8020	8020.1	9	16.082	1	4	5	2	3	14523	0	1000	1730	988	0	1	4	5	2	3	1992	2840	3154	3448	3572	6000	5000	1	1	1	1	1	1
8	2	0	5	1000	13020	13020.02	14	13.928	3	2	4	5	1	32451	0	1000	1204	400	0	3	2	4	5	1	1404	1596	1984	2250	2448	6000	5000	1	1	1	1	1	1
8	3	0	5	1000	18020	18020.019	19	11.896	1	4	5	2	3	14523	0	1000	1138	316	0	1	4	5	2	3	1320	1586	1874	2120	2292	6000	5000	1	1	1	1	1	1
8	4	1	5	1000	23020	23020.015	24	11.997	3	2	4	5	1	32451	0	1000	1116	404	0	3	2	4	5	1	1408	1610	1926	2156	2362	6000	5000	1	1	1	1	1	1
8	5	1	5	1000	28020	28020.016	29	9.983	1	4	5	2	3	14523	0	1000	1106	376	0	1	4	5	2	3	1380	1664	1934	2184	2336	6000	5000	1	1	1	1	1	1
8	6	1	5	1000	33020	33020.018	34	7.999	3	5	1	2	4	35124	0	1000	1200	390	0	3	5	1	2	4	1394	1652	2052	2214	2408	6000	5000	1	1	1	1	1	1
8	7	1	5	1000	38020	38020.016	39	5.998	1	4	5	2	3	14523	0	1000	1062	362	0	1	4	5	2	3	1366	1662	1918	2154	2290	6000	5000	1	1	1	1	1	1
8	8	0	5	1000	43020	43020.018	44	3.999	1	3	2	5	4	13254	0	1000	1034	464	0	1	3	2	5	4	1468	1674	1894	2094	2326	6000	5000	1	1	1	1	1	1
8	9	1	5	1000	48020	48020.027	49	2.002	1	3	2	5	4	13254	0	1000	1002	336	0	1	3	2	5	4	1340	1546	1744	1940	2182	6000	5000	1	1	1	1	1	1
8	10	0	5	1000	53020	53020.015	54	0	3	5	1	2	4	35124	0	1000	970	210	0	3	5	1	2	4	1214	1442	1668	1826	2002	6000	5000	1	1	1	1	1	1
8	11	0	5	1000	58020	58020.019	59	0	1	3	2	5	4	13254	0	1000	1114	298	0	1	3	2	5	4	1302	1568	1816	2000	2230	6000	5000	1	1	1	1	1	1
8	12	0	5	1000	63020	63020.03	63	998.025	3	5	1	2	4	35124	0	1000	1002	290	0	3	5	1	2	4	1294	1564	1808	1942	2122	6000	5000	1	1	1	1	1	1
8	13	1	5	1000	68020	68020.013	68	996.016	1	4	5	2	3	14523	0	1000	946	420	0	1	4	5	2	3	1424	1648	1856	2078	2224	6000	5000	1	1	1	1	1	1
8	14	1	5	1000	73020	73020.019	73	994.004	3	2	4	5	1	32451	0	1000	1056	380	0	3	2	4	5	1	1384	1532	1780	2062	2298	6000	5000	1	1	1	1	1	1
8	15	1	5	1000	78020	78020.021	78	992.012	3	2	4	5	1	32451	0	1000	1084	360	0	3	2	4	5	1	1364	1480	1804	2080	2314	6000	5000	1	1	1	1	1	1
8	16	1	5	1000	83020	83020.048	83	990.021	3	5	1	2	4	35124	0	1000	996	406	0	3	5	1	2	4	1410	1648	1952	2056	2232	6000	5000	1	1	1	1	1	1
8	17	1	5	1000	88020	88020.018	88	990.005	1	3	2	5	4	13254	0	16000	1034	482	0	1	3	2	5	4	1486	1702	1906	2110	2354	6000	5000	1	1	1	1	1	1
8	18	1	5	1000	108020	108020.018	108	981.98	1	3	2	5	4	13254	0	1000	1096	456	0	1	3	2	5	4	1460	1716	1928	2140	2382	6000	5000	1	1	1	1	1	1
8	19	0	5	1000	113020	113020.02	113	980.014	1	4	5	2	3	14523	0	1000	978	348	0	1	4	5	2	3	1352	1590	1808	2038	2176	6000	5000	1	1	1	1	1	1
8	20	0	5	1000	118020	118020.007	118	978.002	3	2	4	5	1	32451	0	1000	1132	420	0	3	2	4	5	1	1424	1646	1952	2174	2416	6000	5000	1	1	1	1	1	1
8	21	1	5	1000	123020	123020.019	123	978.009	3	2	4	5	1	32451	0	1000	1072	462	0	3	2	4	5	1	1466	1666	1920	2150	2394	6000	5000	1	1	1	1	1	1
8	22	1	5	1000	128020	128020.028	128	976.013	1	3	2	5	4	13254	0	1000	1062	348	0	1	3	2	5	4	1352	1586	1800	1986	2236	6000	5000	1	1	1	1	1	1
8	23	0	5	1000	133020	133020.03	133	974.017	1	3	2	5	4	13254	0	1000	1222	252	0	1	3	2	5	4	1256	1520	1820	2036	2286	6000	5000	1	1	1	1	1	1
8	24	0	5	1000	138020	138020.008	138	971.992	1	4	5	2	3	14523	0	1000	1010	318	0	1	4	5	2	3	1322	1564	1816	2040	2176	6000	5000	1	1	1	1	1	1
8	25	0	5	1000	143020	143020.003	143	969.987	1	4	5	2	3	14523	0	1000	1010	360	0	1	4	5	2	3	1364	1618	1866	2092	2226	6000	5000	1	1	1	1	1	1
8	26	1	5	1000	148020	148020.026	148	968.01	1	3	2	5	4	13254	0	1000	1012	336	0	1	3	2	5	4	1340	1562	1772	1962	2182	6000	5000	1	1	1	1	1	1
8	27	1	5	1000	153020	153020.016	153	965.998	1	3	2	5	4	13254	0	1000	1040	420	0	1	3	2	5	4	1424	1648	1862	2052	2294	6000	5000	1	1	1	1	1	1
8	28	0	5	1000	158020	158020.015	158	965.998	3	2	4	5	1	32451	0	1000	1272	334	0	3	2	4	5	1	1338	1574	1880	2160	2462	6000	5000	1	1	1	1	1	1
8	29	1	5	1000	163020	163020.016	163	963.955	1	3	2	5	4	13254	0	1000	1148	366	0	1	3	2	5	4	1370	1604	1830	2084	2310	6000	5000	1	1	1	1	1	1
8	30	1	5	1000	168020	168020.02	168	962.002	3	5	1	2	4	35124	0	1000	1440	388	0	3	5	1	2	4	1392	1682	2012	2192	2590	6000	5000	1	1	1	1	1	1
8	31	1	5	1000	173020	173020.018	173	959.968	3	2	4	5	1	32451	0	1000	1216	304	0	3	2	4	5	1	1308	1588	1882	2136	2360	6000	5000	1	1	1	1	1	1
8	32	0	5	1000	178020	178020.015	178	958.008	3	2	4	5	1	32451	0	1000	1216	410	0	3	2	4	5	1	1414	1592	1908	2194	2458	6000	5000	1	1	1	1	1	1
8	33	0	5	1000	183020	183020.017	183	956.012	3	5	1	2	4	35124	0	1000	1054	388	0	3	5	1	2	4	1392	1666	1936	2052	2256	6000	5000	1	1	1	1	1	1
8	34	0	5	1000	188020	188020.017	188	953.996	3	2	4	5	1	32451	0	16000	1086	438	0	3	2	4	5	1	1442	1634	1894	2154	2378	6000	5000	1	1	1	1	1	1
8	35	0	5	1000	208020	208020.019	208	947.934	3	2	4	5	1	32451	0	1000	974	532	0	3	2	4	5	1	1536	1708	1972	2162	2362	6000	5000	1	1	1	1	1	1
8	36	1	5	1000	213020	213020.013	213	945.995	1	4	5	2	3	14523	0	1000	1028	264	0	1	4	5	2	3	1268	1532	1780	2004	2148	6000	5000	1	1	1	1	1	1
8	37	0	5	1000	218020	218020.017	218	946.001	3	5	1	2	4	35124	0	1000	924	332	0	3	5	1	2	4	1336	1566	1776	1918	2058	6000	5000	1	1	1	1	1	1
8	38	1	5	1000	223020	223020.015	223	941.997	1	3	2	5	4	13254	0	1000	960	388	0	1	3	2	5	4	1392	1574	1768	1942	2140	6000	5000	1	1	1	1	1	1
8	39	1	5	1000	228020	228020.007	228	939.998	3	2	4	5	1	32451	0	1000	1114	414	0	3	2	4	5	1	1418	1606	1864	2108	2384	6000	5000	1	1	1	1	1	1
8	40	0	5	1000	233020	233020.016	233	940.01	3	5	1	2	4	35124	0	1000	1004	310	0	3	5	1	2	4	1314	1554	1808	1958	2130	6000	5000	1	1	1	1	1	1
8	41	1	5	1000	238020	238020.007	238	937.985	3	5	1	2	4	35124	0	1000	1132	370	0	3	5	1	2	4	1374	1644	1978	2130	2310	6000	5000	1	1	1	1	1	1
8	42	0	5	1000	243020	243020.007	243	936.002	3	2	4	5	1	32451	0	1000	1242	378	0	3	2	4	5	1	1382	1682	1994	2240	2456	6000	5000	1	1	1	1	1	1
8	43	1	5	1000	248020	248020.017	248	934.021	3	5	1	2	4	35124	0	1000	1070	386	0	3	5	1	2	4	1390	1642	1942	2098	2272	6000	5000	1	1	1	1	1	1
8	44	0	5	1000	253020	253020.03	253	932.013	1	4	5	2	3	14523	0	1000	970	460	0	1	4	5	2	3	1464	1670	1892	2126	2256	6000	5000	1	1	1	1	1	1
8	45	0	5	1000	258020	258020.006	258	929.995	3	5	1	2	4	35124	0	1000	864	404	0	3	5	1	2	4	1408	1588	1772	1922	2062	6000	5000	1	1	1	1	1	1
8	46	0	5	1000	263020	263020.008	263	927.961	3	5	1	2	4	35124	0	1000	1056	446	0	3	5	1	2	4	1450	1676	1966	2134	2304	6000	5000	1	1	1	1	1	1
8	47	0	5	1000	268020	268020.006	268	927.988	1	4	5	2	3	14523	0	1000	1916	372	1	1	4	4	5	3	1376	1696	1856	2250	3088	6000	5000	0	1	1	1	1	1
8	48	1	5	1000	273020	273020.018	273	926.007	3	5	1	2	4	35124	0	1000	1042	490	0	3	5	1	2	4	1494	1758	2040	2176	2350	6000	5000	1	1	1	1	1	1
8	49	1	5	1000	278020	278020.007	278	923.989	3	5	1	2	4	35124	0	1000	876	394	0	3	5	1	2	4	1398	1628	1846	1950	2100	6000	5000	1	1	1	1	1	1
8	50	0	5	1000	283020	283020.018	283	922.001	3	5	1	2	4	35124	0	1000	1016	310	0	3	5	1	2	4	1314	1562	1832	1964	2134	6000	5000	1	1	1	1	1	1
8	51	1	5	1000	288020	288020.016	288	920.005	3	2	4	5	1	32451	0	16000	1222	370	0	3	2	4	5	1	1374	1572	1940	2216	2424	6000	5000	1	1	1	1	1	1
8	52	1	5	1000	308020	308020.009	308	913.99	3	2	4	5	1	32451	0	1000	1120	482	0	3	2	4	5	1	1486	1658	1990	2248	2448	6000	5000	1	1	1	1	1	1
8	53	0	5	1000	313020	313020.015	313	912.008	1	4	5	2	3	14523	0	1000	1130	426	0	1	4	5	2	3	1430	1666	1926	2234	2384	6000	5000	1	1	1	1	1	1
8	54	1	5	1000	318020	318020.009	318	910.004	1	4	5	2	3	14523	0	1000	1092	352	0	1	4	5	2	3	1356	1688	1932	2170	2296	6000	5000	1	1	1	1	1	1
8	55	0	5	1000	323020	323020.016	323	907.996	1	4	5	2	3	14523	0	1000	1136	146	0	1	4	5	2	3	1150	1496	1750	1980	2112	6000	5000	1	1	1	1	1	1
8	56	0	5	1000	328020	328020.004	328	905.999	1	3	2	5	4	13254	0	1000	1044	324	0	1	3	2	5	4	1328	1542	1768	1960	2158	6000	5000	1	1	1	1	1	1
8	57	1	5	1000	333020	333020.012	333	904.005	3	5	1	2	4	35124	0	1000	886	502	0	3	5	1	2	4	1506	1744	1926	2050	2190	6000	5000	1	1	1	1	1	1
8	58	0	5	1000	338020	338020.01	338	903.991	1	3	2	5	4	13254	0	1000	958	440	0	1	3	2	5	4	1444	1646	1838	2014	2200	6000	5000	1	1	1	1	1	1
8	59	1	5	1000	343020	343020.032	343	901.998	3	2	4	5	1	32451	0	1000	1092	234	0	3	2	4	5	1	1238	1404	1678	1942	2154	6000	5000	1	1	1	1	1	1
8	60	0	5	1000	348020	348020.003	348	899.985	1	3	2	5	4	13254	0	1000	980	362	0	1	3	2	5	4	1366	1566	1754	1938	2138	6000	5000	1	1	1	1	1	1
8	61	0	5	1000	353020	353020.018	353	897.998	3	2	4	5	1	32451	0	1000	1018	400	0	3	2	4	5	1	1404	1608	1852	2086	2258	6000	5000	1	1	1	1	1	1
8	62	0	5	1000	358020	358020.016	358	895.991	3	2	4	5	1	32451	0	1000	1020	314	0	3	2	4	5	1	1318	1494	1746	1970	2162	6000	5000	1	1	1	1	1	1
8	63	0	5	1000	363020	363020.005	363	893.964	1	3	2	5	4	13254	0	1000	1096	318	0	1	3	2	5	4	1322	1540	1782	2000	2218	6000	5000	1	1	1	1	1	1
8	64	0	5	1000	368020	368020.035	368	892.026	1	3	2	5	4	13254	0	1000	956	334	0	1	3	2	5	4	1338	1530	1714	1904	2092	6000	5000	1	1	1	1	1	1
8	65	1	5	1000	373020	373020.006	373	892.001	1	4	5	2	3	14523	0	1000	950	416	0	1	4	5	2	3	1420	1648	1872	2076	2204	6000	5000	1	1	1	1	1	1
8	66	1	5	1000	378020	378020.004	378	889.999	1	3	2	5	4	13254	0	1000	934	306	0	1	3	2	5	4	1310	1502	1678	1856	2048	6000	5000	1	1	1	1	1	1
8	67	1	5	1000	383020	383020.005	383	887.99	1	4	5	2	3	14523	0	1000	972	338	0	1	4	5	2	3	1342	1556	1814	2020	2144	6000	5000	1	1	1	1	1	1
8	68	1	5	1000	388020	388020.01	388	885.991	1	4	5	2	3	14523	0	16000	926	356	0	1	4	5	2	3	1360	1592	1802	2004	2126	6000	5000	1	1	1	1	1	1
9	1	0	5	1000	8020	8021.996	9	17.998	3	2	4	5	1	32451	0	15000	1658	820	0	3	2	4	5	1	1824	2292	2792	3066	3284	6000	5000	1	1	1	1	1	1
9	2	1	5	1000	27020	27020.005	28	10.007	3	5	1	2	4	35124	0	24000	1168	472	0	3	5	1	2	4	1476	1814	2132	2264	2448	6000	5000	1	1	1	1	1	1
9	3	0	5	1000	55020	55022.002	56	2.005	1	3	2	5	4	13254	0	30000	1318	528	0	1	3	2	5	4	1532	1808	2068	2346	2606	6000	5000	1	1	1	1	1	1
9	4	1	5	1000	89020	89021.998	89	989.997	1	4	5	2	3	14523	0	12000	1460	522	0	1	4	5	2	3	1526	2002	2292	2642	2794	6000	5000	1	1	1	1	1	1
9	5	0	5	1000	105020	105021.988	105	983.991	3	5	1	2	4	35124	0	21000	1220	536	0	3	5	1	2	4	1540	1908	2200	2350	2542	6000	5000	1	1	1	1	1	1
9	6	1	5	1000	130020	130020.015	130	973.999	3	2	4	5	1	32451	0	27000	1354	824	0	3	2	4	5	1	1828	2184	2506	2782	3002	6000	5000	1	1	1	1	1	1
9	7	0	5	1000	161020	161022.002	161	966.005	1	4	5	2	3	14523	0	18000	1504	484	0	1	4	5	2	3	1488	2008	2354	2658	2810	6000	5000	1	1	1	1	1	1
9	8	1	5	1000	183020	183021.99	183	958.002	1	3	2	5	4	13254	0	9000	1248	452	0	1	3	2	5	4	1456	1720	1988	2210	2452	6000	5000	1	1	1	1	1	1
9	9	0	5	1000	196020	196021.988	196	953.99	3	2	4	5	1	32451	0	12000	1214	426	0	3	2	4	5	1	1430	1700	2022	2270	2462	6000	5000	1	1	1	1	1	1
9	10	1	5	1000	212020	212020.002	212	946.004	3	5	1	2	4	35124	0	9000	1124	494	0	3	5	1	2	4	1498	1814	2084	2208	2398	6000	5000	1	1	1	1	1	1
9	11	0	5	1000	225020	225021.976	225	943.978	1	3	2	5	4	13254	0	15000	1282	472	0	1	3	2	5	4	1476	1790	2080	2302	2538	6000	5000	1	1	1	1	1	1
9	12	1	5	1000	244020	244020.002	244	935.987	1	4	5	2	3	14523	0	21000	1442	448	0	1	4	5	2	3	1452	1924	2264	2548	2710	6000	5000	1	1	1	1	1	1
9	13	0	5	1000	269020	269020.001	269	926.012	3	5	1	2	4	35124	0	27000	1306	540	0	3	5	1	2	4	1544	1928	2244	2442	2630	6000	5000	1	1	1	1	1	1
9	14	1	5	1000	300020	300021.991	300	918.006	3	2	4	5	1	32451	0	18000	1616	536	0	3	2	4	5	1	1540	1938	2378	2726	2966	6000	5000	1	1	1	1	1	1
9	15	0	5	1000	322020	322021.996	322	910.005	1	4	5	2	3	14523	0	30000	1668	528	0	1	4	5	2	3	1532	1972	2300	2748	2990	6000	5000	1	1	1	1	1	1
9	16	1	5	1000	356020	356021.99	356	898.003	1	3	2	5	4	13254	0	24000	1228	408	0	1	3	2	5	4	1412	1696	1940	2166	2430	6000	5000	1	1	1	1	1	1