BN	TN	seqType	Horizon	PrepTime	startTime	startTimeReal	startTRReal	startTRtime	press0	press1	press2	press3	press4	cueP	complete	iti	MT	RT	isError	response0	response1	response2	response3	response4	pressTime0	pressTime1	pressTime2	pressTime3	pressTime4	timeThreshold	timeThresholdSuper	points	Gain1	Gain2	Gain3	Gain4	Gain5
1	1	0	5	1000	8020	8020.001	9	16.001	3	5	1	2	4	35124	0	1000	1566	588	0	3	5	1	2	4	1592	1948	2322	2636	2964	6000	5000	1	1	1	1	1	1
1	2	0	5	1000	13020	13020.019	14	14.01	1	3	2	5	4	13254	0	1000	1460	496	0	1	3	2	5	4	1500	1814	2110	2440	2748	6000	5000	1	1	1	1	1	1
1	3	0	5	1000	18020	18020.029	19	12.027	1	3	2	5	4	13254	0	1000	1422	362	1	1	3	2	4	4	1366	1654	1964	2298	2598	6000	5000	0	1	1	1	1	1
1	4	1	5	1000	23020	23020.012	24	10.001	3	2	4	5	1	32451	0	1000	1596	388	0	3	2	4	5	1	1392	1714	2250	2542	2792	6000	5000	1	1	1	1	1	1
1	5	1	5	1000	28020	28020.021	29	9.997	1	3	2	5	4	13254	0	1000	1382	424	0	1	3	2	5	4	1428	1724	2044	2312	2632	6000	5000	1	1	1	1	1	1
1	6	0	5	1000	33020	33020.015	34	8.003	1	3	2	5	4	13254	0	1000	1344	412	0	1	3	2	5	4	1416	1704	2018	2274	2580	6000	5000	1	1	1	1	1	1
1	7	0	5	1000	38020	38020.021	39	6.009	3	2	4	5	1	32451	0	1000	1406	430	0	3	2	4	5	1	1434	1730	2042	2320	2602	6000	5000	1	1	1	1	1	1
1	8	0	5	1000	43020	43021.982	44	5.985	3	2	4	5	1	32451	0	1000	1226	492	1	3	2	4	5	4	1496	1778	2200	2512	2594	6000	5000	0	1	1	1	1	1
1	9	1	5	1000	48020	48020.03	49	2.016	3	5	1	2	4	35124	0	1000	1368	480	0	3	5	1	2	4	1484	1792	2122	2382	2682	6000	5000	1	1	1	1	1	1
1	10	0	5	1000	53020	53020.034	54	0	3	5	1	2	4	35124	0	1000	1528	440	0	3	5	1	2	4	1444	1746	2126	2462	2808	6000	5000	1	1	1	1	1	1
1	11	1	5	1000	58020	58020.029	58	1000.03	1	4	5	2	3	14523	0	1000	1422	552	0	1	4	5	2	3	1556	1924	2234	2550	2834	6000	5000	1	1	1	1	1	1
1	12	0	5	1000	63020	63020.012	63	997.982	3	5	1	2	4	35124	0	1000	1332	462	0	3	5	1	2	4	1466	1720	2052	2274	2622	6000	5000	1	1	1	1	1	1
1	13	1	5	1000	68020	68020.01	68	995.969	3	2	4	5	1	32451	0	1000	1368	480	0	3	2	4	5	1	1484	1786	2080	2364	2638	6000	5000	1	1	1	1	1	1
1	14	0	5	1000	73020	73020.033	73	994.006	1	3	2	5	4	13254	0	1000	1314	548	0	1	3	2	5	4	1552	1874	2156	2410	2680	6000	5000	1	1	1	1	1	1
1	15	0	5	1000	78020	78020.009	78	991.85	3	5	1	2	4	35124	0	1000	1238	606	0	3	5	1	2	4	1610	1890	2190	2420	2698	6000	5000	1	1	1	1	1	1
1	16	0	5	1000	83020	83020.01	83	989.998	3	5	1	2	4	35124	0	1000	1348	542	0	3	5	1	2	4	1546	1808	2102	2416	2758	6000	5000	1	1	1	1	1	1
1	17	0	5	1000	88020	88022	88	989.978	1	4	5	2	3	14523	0	16000	1444	520	0	1	4	5	2	3	1524	1830	2194	2532	2798	6000	5000	1	1	1	1	1	1
1	18	0	5	1000	108020	108020.026	108	982.015	1	4	5	2	3	14523	0	1000	1542	408	0	1	4	5	2	3	1412	1790	2134	2478	2792	6000	5000	1	1	1	1	1	1
1	19	1	5	1000	113020	113020.012	113	980.012	3	2	4	5	1	32451	0	1000	1380	560	0	3	2	4	5	1	1564	1842	2174	2464	2718	6000	5000	1	1	1	1	1	1
1	20	1	5	1000	118020	118020.013	118	977.975	3	2	4	5	1	32451	0	1000	1380	400	0	3	2	4	5	1	1404	1666	2004	2280	2562	6000	5000	1	1	1	1	1	1
1	21	0	5	1000	123020	123020.007	123	975.996	1	4	5	2	3	14523	0	1000	1516	478	0	1	4	5	2	3	1482	1838	2166	2498	2830	6000	5000	1	1	1	1	1	1
1	22	1	5	1000	128020	128020.012	128	976.001	1	3	2	5	4	13254	0	1000	1302	448	0	1	3	2	5	4	1452	1748	2036	2300	2576	6000	5000	1	1	1	1	1	1
1	23	1	5	1000	133020	133021.999	133	976.01	3	2	4	5	1	32451	0	1000	1318	354	0	3	2	4	5	1	1358	1584	1924	2202	2486	6000	5000	1	1	1	1	1	1
1	24	0	5	1000	138020	138020.012	138	971.998	3	2	4	5	1	32451	0	1000	1304	416	0	3	2	4	5	1	1420	1712	2032	2334	2630	6000	5000	1	1	1	1	1	1
1	25	0	5	1000	143020	143020.013	143	969.999	1	4	5	2	3	14523	0	1000	1466	584	0	1	4	5	2	3	1588	2008	2418	2712	2918	6000	5000	1	1	1	1	1	1
1	26	0	5	1000	148020	148020.012	148	967.984	1	3	2	5	4	13254	0	1000	1296	642	0	1	3	2	5	4	1646	1900	2196	2478	2710	6000	5000	1	1	1	1	1	1
1	27	1	5	1000	153020	153020.021	153	965.984	1	3	2	5	4	13254	0	1000	1180	436	0	1	3	2	5	4	1440	1688	1954	2208	2462	6000	5000	1	1	1	1	1	1
1	28	1	5	1000	158020	158020.039	158	963.991	1	3	2	5	4	13254	0	1000	1374	444	0	1	3	2	5	4	1448	1742	2052	2394	2658	6000	5000	1	1	1	1	1	1
1	29	0	5	1000	163020	163022.003	163	966.002	3	2	4	5	1	32451	0	1000	1766	424	0	3	2	4	5	1	1428	1720	2492	2782	3012	6000	5000	1	1	1	1	1	1
1	30	1	5	1000	168020	168020.012	168	962.012	1	4	5	2	3	14523	0	1000	1290	684	0	1	4	5	2	3	1688	2060	2354	2646	2848	6000	5000	1	1	1	1	1	1
1	31	1	5	1000	173020	173020.03	173	959.908	1	4	5	2	3	14523	0	1000	1402	448	0	1	4	5	2	3	1452	1838	2174	2510	2734	6000	5000	1	1	1	1	1	1
1	32	0	5	1000	178020	178020.059	178	958.048	1	4	5	2	3	14523	0	1000	1314	378	0	1	4	5	2	3	1382	1660	2078	2356	2568	6000	5000	1	1	1	1	1	1
1	33	0	5	1000	183020	183020.007	183	955.984	3	5	1	2	4	35124	0	1000	1192	378	0	3	5	1	2	4	1382	1644	1928	2162	2426	6000	5000	1	1	1	1	1	1
1	34	1	5	1000	188020	188020	188	953.998	1	3	2	5	4	13254	0	16000	1138	422	0	1	3	2	5	4	1426	1658	1916	2150	2398	6000	5000	1	1	1	1	1	1
1	35	1	5	1000	208020	208020.011	208	947.999	1	3	2	5	4	13254	0	1000	1260	554	0	1	3	2	5	4	1558	1834	2124	2384	2616	6000	5000	1	1	1	1	1	1
1	36	1	5	1000	213020	213020.031	213	945.991	3	5	1	2	4	35124	0	1000	1348	552	0	3	5	1	2	4	1556	1868	2214	2494	2772	6000	5000	1	1	1	1	1	1
1	37	0	5	1000	218020	218020.014	218	944.002	1	4	5	2	3	14523	0	1000	1348	442	0	1	4	5	2	3	1446	1732	2084	2402	2646	6000	5000	1	1	1	1	1	1
1	38	0	5	1000	223020	223020.002	223	941.999	1	4	5	2	3	14523	0	1000	1198	444	0	1	4	5	2	3	1448	1742	2026	2312	2504	6000	5000	1	1	1	1	1	1
1	39	1	5	1000	228020	228021.981	228	941.998	3	5	1	2	4	35124	0	1000	2088	424	1	3	5	2	2	3	1428	1666	2284	3134	3340	6000	5000	0	1	1	1	1	1
1	40	0	5	1000	233020	233020.002	233	939.996	1	3	2	5	4	13254	0	1000	1366	548	0	1	3	2	5	4	1552	1878	2174	2434	2742	6000	5000	1	1	1	1	1	1
1	41	1	5	1000	238020	238020.002	238	937.992	1	4	5	2	3	14523	0	1000	1268	404	0	1	4	5	2	3	1408	1706	1994	2292	2496	6000	5000	1	1	1	1	1	1
1	42	1	5	1000	243020	243020	243	935.997	3	5	1	2	4	35124	0	1000	1570	372	0	3	5	1	2	4	1376	1674	2088	2468	2770	6000	5000	1	1	1	1	1	1
1	43	1	5	1000	248020	248020.009	248	934.006	1	3	2	5	4	13254	0	1000	1330	350	0	1	3	2	5	4	1354	1606	1914	2218	2480	6000	5000	1	1	1	1	1	1
1	44	0	5	1000	253020	253021.983	253	933.97	3	5	1	2	4	35124	0	1000	1456	600	0	3	5	1	2	4	1604	1928	2286	2592	2870	6000	5000	1	1	1	1	1	1
1	45	1	5	1000	258020	258020.012	258	929.985	3	5	1	2	4	35124	0	1000	1290	442	0	3	5	1	2	4	1446	1710	2014	2298	2558	6000	5000	1	1	1	1	1	1
1	46	1	5	1000	263020	263022	263	929.999	3	2	4	5	1	32451	0	1000	1310	468	0	3	2	4	5	1	1472	1716	2034	2328	2558	6000	5000	1	1	1	1	1	1
1	47	1	5	1000	268020	268021.977	268	927.967	3	5	1	2	4	35124	0	1000	1286	406	0	3	5	1	2	4	1410	1660	1978	2270	2518	6000	5000	1	1	1	1	1	1
1	48	1	5	1000	273020	273022.029	273	928.008	3	5	1	2	4	35124	0	1000	1380	366	0	3	5	1	2	4	1370	1658	1984	2288	2552	6000	5000	1	1	1	1	1	1
1	49	0	5	1000	278020	278022.004	278	926.004	3	2	4	5	1	32451	0	1000	1344	440	0	3	2	4	5	1	1444	1700	2028	2336	2602	6000	5000	1	1	1	1	1	1
1	50	1	5	1000	283020	283020.017	283	922.015	1	3	2	5	4	13254	0	1000	1378	382	0	1	3	2	5	4	1386	1698	1976	2296	2596	6000	5000	1	1	1	1	1	1
1	51	1	5	1000	288020	288022.034	288	922.051	1	4	5	2	3	14523	0	16000	1282	396	0	1	4	5	2	3	1400	1726	2044	2332	2538	6000	5000	1	1	1	1	1	1
1	52	1	5	1000	308020	308021.998	308	916.01	1	4	5	2	3	14523	0	1000	1316	656	0	1	4	5	2	3	1660	2076	2382	2644	2846	6000	5000	1	1	1	1	1	1
1	53	1	5	1000	313020	313021.987	313	914.005	1	3	2	5	4	13254	0	1000	1176	388	0	1	3	2	5	4	1392	1650	1906	2156	2384	6000	5000	1	1	1	1	1	1
1	54	0	5	1000	318020	318022.034	318	912.039	1	4	5	2	3	14523	0	1000	1206	468	0	1	4	5	2	3	1472	1740	2046	2334	2530	6000	5000	1	1	1	1	1	1
1	55	1	5	1000	323020	323020.012	323	908.012	1	4	5	2	3	14523	0	1000	1112	386	0	1	4	5	2	3	1390	1674	1952	2200	2374	6000	5000	1	1	1	1	1	1
1	56	1	5	1000	328020	328020.011	328	905.978	3	2	4	5	1	32451	0	1000	1410	402	0	3	2	4	5	1	1406	1658	1984	2318	2590	6000	5000	1	1	1	1	1	1
1	57	1	5	1000	333020	333020.002	333	905.998	1	4	5	2	3	14523	0	1000	1330	390	0	1	4	5	2	3	1394	1694	2032	2346	2580	6000	5000	1	1	1	1	1	1
1	58	0	5	1000	338020	338020.022	338	902.013	1	3	2	5	4	13254	0	1000	1412	442	0	1	3	2	5	4	1446	1736	2058	2364	2674	6000	5000	1	1	1	1	1	1
1	59	0	5	1000	343020	343020.02	343	902.025	1	4	5	2	3	14523	0	1000	1432	600	0	1	4	5	2	3	1604	2040	2402	2696	2906	6000	5000	1	1	1	1	1	1
1	60	0	5	1000	348020	348020.01	348	900.014	3	2	4	5	1	32451	0	1000	1058	532	1	3	2	4	4	5	1536	1806	2140	2442	2470	6000	5000	0	1	1	1	1	1
1	61	0	5	1000	353020	353020.01	353	897.981	1	3	2	5	4	13254	0	1000	1414	488	0	1	3	2	5	4	1492	1776	2110	2410	2726	6000	5000	1	1	1	1	1	1
1	62	1	5	1000	358020	358022	358	898.01	3	5	1	2	4	35124	0	1000	1316	678	0	3	5	1	2	4	1682	1954	2266	2564	2822	6000	5000	1	1	1	1	1	1
1	63	1	5	1000	363020	363022.001	363	896.002	1	4	5	2	3	14523	0	1000	1248	424	0	1	4	5	2	3	1428	1700	2008	2310	2524	6000	5000	1	1	1	1	1	1
1	64	0	5	1000	368020	368020.012	368	892.012	3	2	4	5	1	32451	0	1000	1268	390	0	3	2	4	5	1	1394	1646	1930	2192	2454	6000	5000	1	1	1	1	1	1
1	65	1	5	1000	373020	373021.998	373	891.995	3	2	4	5	1	32451	0	1000	1404	422	0	3	2	4	5	1	1426	1658	2074	2322	2612	6000	5000	1	1	1	1	1	1
1	66	0	5	1000	378020	378020.003	378	890.003	3	5	1	2	4	35124	0	1000	1324	490	0	3	5	1	2	4	1494	1736	2012	2272	2642	6000	5000	1	1	1	1	1	1
1	67	0	5	1000	383020	383020.02	383	888.037	3	2	4	5	1	32451	0	1000	1336	432	0	3	2	4	5	1	1436	1692	2050	2326	2592	6000	5000	1	1	1	1	1	1
1	68	0	5	1000	388020	388020.027	388	885.997	3	5	1	2	4	35124	0	16000	1188	410	0	3	5	1	2	4	1414	1650	1934	2208	2446	6000	5000	1	1	1	1	1	1
2	1	1	5	1000	8020	8020.033	9	15.973	1	4	5	2	3	14523	0	1000	1594	550	0	1	4	5	2	3	1554	2040	2396	2728	3002	6000	5000	1	1	1	1	1	1
2	2	1	5	1000	13020	13020.002	14	14.031	3	5	1	2	4	35124	0	1000	1254	406	0	3	5	1	2	4	1410	1696	1986	2250	2506	6000	5000	1	1	1	1	1	1
2	3	1	5	1000	18020	18022.134	19	14.134	1	3	2	5	4	13254	0	1000	1356	418	0	1	3	2	5	4	1422	1736	2024	2308	2594	6000	5000	1	1	1	1	1	1
2	4	0	5	1000	23020	23020.002	24	9.985	1	4	5	2	3	14523	0	1000	1318	534	0	1	4	5	2	3	1538	1854	2160	2444	2712	6000	5000	1	1	1	1	1	1
2	5	0	5	1000	28020	28022.003	29	10.002	1	4	5	2	3	14523	0	1000	1220	430	0	1	4	5	2	3	1434	1714	1994	2262	2530	6000	5000	1	1	1	1	1	1
2	6	1	5	1000	33020	33022.003	34	9.996	3	5	1	2	4	35124	0	1000	1230	432	0	3	5	1	2	4	1436	1694	1980	2242	2510	6000	5000	1	1	1	1	1	1
2	7	0	5	1000	38020	38021.982	39	7.998	1	3	2	5	4	13254	0	1000	1140	526	0	1	3	2	5	4	1530	1770	2012	2244	2496	6000	5000	1	1	1	1	1	1
2	8	0	5	1000	43020	43020.016	44	3.986	3	5	1	2	4	35124	0	1000	1086	464	0	3	5	1	2	4	1468	1694	1944	2186	2436	6000	5000	1	1	1	1	1	1
2	9	0	5	1000	48020	48020.002	49	1.998	1	4	5	2	3	14523	0	1000	1110	474	0	1	4	5	2	3	1478	1744	2004	2274	2468	6000	5000	1	1	1	1	1	1
2	10	0	5	1000	53020	53020.032	54	0	3	5	1	2	4	35124	0	1000	1088	528	0	3	5	1	2	4	1532	1770	2002	2248	2482	6000	5000	1	1	1	1	1	1
2	11	1	5	1000	58020	58020.016	58	998.002	3	2	4	5	1	32451	0	1000	1174	792	0	3	2	4	5	1	1796	2032	2324	2550	2756	6000	5000	1	1	1	1	1	1
2	12	1	5	1000	63020	63020.004	63	998.002	3	2	4	5	1	32451	0	1000	1740	420	0	3	2	4	5	1	1424	1664	2498	2768	2962	6000	5000	1	1	1	1	1	1
2	13	0	5	1000	68020	68020.003	68	995.979	3	5	1	2	4	35124	0	1000	1124	446	0	3	5	1	2	4	1450	1696	1958	2200	2442	6000	5000	1	1	1	1	1	1
2	14	0	5	1000	73020	73020.003	73	993.98	3	2	4	5	1	32451	0	1000	1102	376	0	3	2	4	5	1	1380	1596	1882	2094	2318	6000	5000	1	1	1	1	1	1
2	15	0	5	1000	78020	78020.011	78	992.007	3	2	4	5	1	32451	0	1000	1192	448	0	3	2	4	5	1	1452	1714	2024	2246	2460	6000	5000	1	1	1	1	1	1
2	16	0	5	1000	83020	83020.002	83	989.998	1	4	5	2	3	14523	0	1000	1268	424	0	1	4	5	2	3	1428	1688	1960	2246	2546	6000	5000	1	1	1	1	1	1
2	17	1	5	1000	88020	88020.002	88	987.999	1	4	5	2	3	14523	0	16000	1120	418	0	1	4	5	2	3	1422	1688	1956	2196	2406	6000	5000	1	1	1	1	1	1
2	18	1	5	1000	108020	108020.017	108	981.882	1	4	5	2	3	14523	0	1000	1252	546	0	1	4	5	2	3	1550	1902	2218	2486	2670	6000	5000	1	1	1	1	1	1
2	19	0	5	1000	113020	113020.002	113	979.966	1	4	5	2	3	14523	0	1000	1102	720	0	1	4	5	2	3	1724	1986	2282	2548	2714	6000	5000	1	1	1	1	1	1
2	20	1	5	1000	118020	118020.041	118	978.039	3	2	4	5	1	32451	0	1000	1158	482	0	3	2	4	5	1	1486	1726	2024	2238	2492	6000	5000	1	1	1	1	1	1
2	21	0	5	1000	123020	123021.99	123	977.986	1	4	5	2	3	14523	0	1000	1082	444	0	1	4	5	2	3	1448	1740	2004	2240	2420	6000	5000	1	1	1	1	1	1
2	22	0	5	1000	128020	128020.006	128	974.014	3	2	4	5	1	32451	0	1000	1130	534	0	3	2	4	5	1	1538	1776	2022	2252	2484	6000	5000	1	1	1	1	1	1
2	23	1	5	1000	133020	133020.004	133	972.012	1	3	2	5	4	13254	0	1000	1074	446	0	1	3	2	5	4	1450	1672	1912	2114	2352	6000	5000	1	1	1	1	1	1
2	24	1	5	1000	138020	138020.09	138	972.083	1	4	5	2	3	14523	0	1000	1036	400	0	1	4	5	2	3	1404	1664	1958	2190	2318	6000	5000	1	1	1	1	1	1
2	25	1	5	1000	143020	143020.091	143	970.078	3	2	4	5	1	32451	0	1000	1196	444	0	3	2	4	5	1	1448	1642	1930	2220	2426	6000	5000	1	1	1	1	1	1
2	26	1	5	1000	148020	148020.002	148	968.006	1	4	5	2	3	14523	0	1000	1320	470	0	1	4	5	2	3	1474	1946	2268	2516	2664	6000	5000	1	1	1	1	1	1
2	27	0	5	1000	153020	153020	153	965.996	1	3	2	5	4	13254	0	1000	1140	470	0	1	3	2	5	4	1474	1728	1996	2254	2464	6000	5000	1	1	1	1	1	1
2	28	1	5	1000	158020	158020.009	158	963.979	1	4	5	2	3	14523	0	1000	1044	436	0	1	4	5	2	3	1440	1694	1980	2216	2386	6000	5000	1	1	1	1	1	1
2	29	1	5	1000	163020	163020.002	163	961.998	1	4	5	2	3	14523	0	1000	1110	476	0	1	4	5	2	3	1480	1728	2012	2298	2458	6000	5000	1	1	1	1	1	1
2	30	0	5	1000	168020	168020.026	168	960.035	3	5	1	2	4	35124	0	1000	1120	498	0	3	5	1	2	4	1502	1778	2054	2302	2500	6000	5000	1	1	1	1	1	1
2	31	0	5	1000	173020	173020.008	173	959.989	3	5	1	2	4	35124	0	1000	1088	394	0	3	5	1	2	4	1398	1634	1882	2114	2350	6000	5000	1	1	1	1	1	1
2	32	1	5	1000	178020	178020.025	178	958.01	3	5	1	2	4	35124	0	1000	1114	474	0	3	5	1	2	4	1478	1726	2006	2232	2454	6000	5000	1	1	1	1	1	1
2	33	0	5	1000	183020	183020.101	183	956.099	3	2	4	5	1	32451	0	1000	1086	444	0	3	2	4	5	1	1448	1662	1942	2146	2384	6000	5000	1	1	1	1	1	1
2	34	0	5	1000	188020	188020.003	188	954.014	3	5	1	2	4	35124	0	16000	1054	468	0	3	5	1	2	4	1472	1702	1952	2168	2398	6000	5000	1	1	1	1	1	1
2	35	0	5	1000	208020	208022.006	208	949.999	3	5	1	2	4	35124	0	1000	1112	408	0	3	5	1	2	4	1412	1662	1910	2144	2386	6000	5000	1	1	1	1	1	1
2	36	0	5	1000	213020	213020.012	213	945.997	1	3	2	5	4	13254	0	1000	1126	578	0	1	3	2	5	4	1582	1830	2072	2308	2542	6000	5000	1	1	1	1	1	1
2	37	1	5	1000	218020	218021.991	218	945.987	1	3	2	5	4	13254	0	1000	1164	450	0	1	3	2	5	4	1454	1726	1994	2222	2462	6000	5000	1	1	1	1	1	1
2	38	1	5	1000	223020	223022.014	223	944.015	3	2	4	5	1	32451	0	1000	1144	382	0	3	2	4	5	1	1386	1664	1934	2170	2354	6000	5000	1	1	1	1	1	1
2	39	1	5	1000	228020	228022.019	228	942.012	3	5	1	2	4	35124	0	1000	992	390	0	3	5	1	2	4	1394	1602	1842	2062	2256	6000	5000	1	1	1	1	1	1
2	40	0	5	1000	233020	233021.989	233	939.985	1	4	5	2	3	14523	0	1000	1162	466	0	1	4	5	2	3	1470	1736	2062	2320	2478	6000	5000	1	1	1	1	1	1
2	41	0	5	1000	238020	238022.074	238	938.082	1	3	2	5	4	13254	0	1000	1076	488	0	1	3	2	5	4	1492	1698	1952	2164	2412	6000	5000	1	1	1	1	1	1
2	42	1	5	1000	243020	243021.989	243	937.982	3	2	4	5	1	32451	0	1000	1348	486	0	3	2	4	5	1	1490	1788	2174	2418	2638	6000	5000	1	1	1	1	1	1
2	43	0	5	1000	248020	248021.993	248	936.001	3	2	4	5	1	32451	0	1000	1130	470	0	3	2	4	5	1	1474	1698	1982	2222	2464	6000	5000	1	1	1	1	1	1
2	44	1	5	1000	253020	253020.005	253	932.003	3	2	4	5	1	32451	0	1000	1330	414	0	3	2	4	5	1	1418	1680	2078	2336	2560	6000	5000	1	1	1	1	1	1
2	45	0	5	1000	258020	258020.002	258	930.007	1	3	2	5	4	13254	0	1000	1152	492	0	1	3	2	5	4	1496	1750	1998	2244	2518	6000	5000	1	1	1	1	1	1
2	46	0	5	1000	263020	263022.004	263	930.012	3	2	4	5	1	32451	0	1000	1182	410	0	3	2	4	5	1	1414	1668	1958	2188	2432	6000	5000	1	1	1	1	1	1
2	47	1	5	1000	268020	268021.992	268	927.991	1	4	5	2	3	14523	0	1000	1260	442	0	1	4	5	2	3	1446	1904	2210	2458	2604	6000	5000	1	1	1	1	1	1
2	48	1	5	1000	273020	273020.011	273	924.038	1	3	2	5	4	13254	0	1000	1978	426	0	1	3	2	5	4	1430	1686	1952	3018	3248	6000	5000	1	1	1	1	1	1
2	49	1	5	1000	278020	278021.986	278	925.994	3	5	1	2	4	35124	0	1000	1066	522	0	3	5	1	2	4	1526	1836	2110	2296	2480	6000	5000	1	1	1	1	1	1
2	50	1	5	1000	283020	283020.006	283	922.006	3	2	4	5	1	32451	0	1000	1158	372	0	3	2	4	5	1	1376	1602	1914	2124	2324	6000	5000	1	1	1	1	1	1
2	51	1	5	1000	288020	288021.992	288	922.001	1	3	2	5	4	13254	0	16000	1394	450	0	1	3	2	5	4	1454	1706	1944	2486	2700	6000	5000	1	1	1	1	1	1
2	52	1	5	1000	308020	308020.006	308	911.959	1	3	2	5	4	13254	0	1000	1174	678	0	1	3	2	5	4	1682	1956	2214	2446	2684	6000	5000	1	1	1	1	1	1
2	53	0	5	1000	313020	313021.972	313	913.98	1	3	2	5	4	13254	0	1000	1048	402	0	1	3	2	5	4	1406	1626	1874	2070	2286	6000	5000	1	1	1	1	1	1
2	54	0	5	1000	318020	318020.008	318	910.006	1	3	2	5	4	13254	0	1000	1092	408	0	1	3	2	5	4	1412	1664	1892	2120	2326	6000	5000	1	1	1	1	1	1
2	55	0	5	1000	323020	323021.991	323	909.996	1	4	5	2	3	14523	0	1000	1104	382	0	1	4	5	2	3	1386	1644	1914	2158	2348	6000	5000	1	1	1	1	1	1
2	56	1	5	1000	328020	328022.021	328	908.033	1	3	2	5	4	13254	0	1000	1094	458	0	1	3	2	5	4	1462	1722	1944	2164	2398	6000	5000	1	1	1	1	1	1
2	57	1	5	1000	333020	333020.006	333	904.014	1	3	2	5	4	13254	0	1000	1096	424	0	1	3	2	5	4	1428	1692	1920	2116	2356	6000	5000	1	1	1	1	1	1
2	58	0	5	1000	338020	338021.989	338	905.995	3	2	4	5	1	32451	0	1000	1084	598	0	3	2	4	5	1	1602	1838	2126	2328	2528	6000	5000	1	1	1	1	1	1
2	59	0	5	1000	343020	343021.975	343	901.964	1	3	2	5	4	13254	0	1000	986	484	0	1	3	2	5	4	1488	1728	1958	2138	2316	6000	5000	1	1	1	1	1	1
2	60	1	5	1000	348020	348020.012	348	900.004	3	5	1	2	4	35124	0	1000	1462	502	0	3	5	1	2	4	1506	1732	2034	2226	2780	6000	5000	1	1	1	1	1	1
2	61	0	5	1000	353020	353021.99	353	900.016	3	5	1	2	4	35124	0	1000	1182	416	0	3	5	1	2	4	1420	1752	2018	2250	2448	6000	5000	1	1	1	1	1	1
2	62	1	5	1000	358020	358020.027	358	896.035	1	3	2	5	4	13254	0	1000	1374	414	0	1	3	2	5	4	1418	1736	2128	2404	2636	6000	5000	1	1	1	1	1	1
2	63	0	5	1000	363020	363021.993	363	896.01	3	5	1	2	4	35124	0	1000	1052	404	0	3	5	1	2	4	1408	1646	1878	2118	2340	6000	5000	1	1	1	1	1	1
2	64	1	5	1000	368020	368021.995	368	895.991	1	4	5	2	3	14523	0	1000	1422	708	0	1	4	5	2	3	1712	2138	2572	2904	3030	6000	5000	1	1	1	1	1	1
2	65	0	5	1000	373020	373021.99	373	891.982	3	2	4	5	1	32451	0	1000	1348	616	0	3	2	4	5	1	1620	2050	2378	2616	2872	6000	5000	1	1	1	1	1	1
2	66	1	5	1000	378020	378021.994	378	889.998	3	5	1	2	4	35124	0	1000	1128	498	0	3	5	1	2	4	1502	1756	2050	2280	2514	6000	5000	1	1	1	1	1	1
2	67	1	5	1000	383020	383021.989	383	887.998	3	5	1	2	4	35124	0	1000	1054	430	0	3	5	1	2	4	1434	1648	1928	2140	2352	6000	5000	1	1	1	1	1	1
2	68	1	5	1000	388020	388021.99	388	887.989	1	4	5	2	3	14523	0	16000	1140	432	0	1	4	5	2	3	1436	1810	2080	2328	2472	6000	5000	1	1	1	1	1	1
3	1	1	5	1000	8020	8022.001	9	18.008	1	3	2	5	4	13254	0	1000	1368	520	0	1	3	2	5	4	1524	1930	2246	2494	2718	6000	5000	1	1	1	1	1	1
3	2	1	5	1000	13020	13020.029	14	14.032	1	3	2	5	4	13254	0	1000	1044	408	0	1	3	2	5	4	1412	1662	1894	2060	2288	6000	5000	1	1	1	1	1	1
3	3	1	5	1000	18020	18020.021	19	11.999	1	4	5	2	3	14523	0	1000	1036	378	0	1	4	5	2	3	1382	1656	1920	2162	2306	6000	5000	1	1	1	1	1	1
3	4	1	5	1000	23020	23022.002	24	12	1	3	2	5	4	13254	0	1000	976	460	0	1	3	2	5	4	1464	1724	1922	2072	2256	6000	5000	1	1	1	1	1	1
3	5	0	5	1000	28020	28020.121	29	8.107	3	2	4	5	1	32451	0	1000	1028	452	0	3	2	4	5	1	1456	1668	1912	2110	2312	6000	5000	1	1	1	1	1	1
3	6	1	5	1000	33020	33021.997	34	7.89	1	3	2	5	4	13254	0	1000	1092	480	0	1	3	2	5	4	1484	1732	1984	2200	2388	6000	5000	1	1	1	1	1	1
3	7	1	5	1000	38020	38020.011	39	6.018	3	2	4	5	1	32451	0	1000	1532	520	0	3	2	4	5	1	1524	1800	2038	2270	2820	6000	5000	1	1	1	1	1	1
3	8	1	5	1000	43020	43021.99	44	5.994	1	3	2	5	4	13254	0	1000	1052	404	0	1	3	2	5	4	1408	1636	1880	2086	2288	6000	5000	1	1	1	1	1	1
3	9	1	5	1000	48020	48020.01	49	1.998	3	5	1	2	4	35124	0	1000	992	440	0	3	5	1	2	4	1444	1654	1890	2116	2320	6000	5000	1	1	1	1	1	1
3	10	1	5	1000	53020	53021.999	54	2	3	5	1	2	4	35124	0	1000	1056	414	0	3	5	1	2	4	1418	1668	1954	2176	2378	6000	5000	1	1	1	1	1	1
3	11	1	5	1000	58020	58020.012	58	997.941	1	3	2	5	4	13254	0	1000	1142	378	0	1	3	2	5	4	1382	1674	1918	2140	2372	6000	5000	1	1	1	1	1	1
3	12	0	5	1000	63020	63020.01	63	995.998	1	4	5	2	3	14523	0	1000	1160	444	0	1	4	5	2	3	1448	1758	2042	2276	2464	6000	5000	1	1	1	1	1	1
3	13	1	5	1000	68020	68020.012	68	995.967	1	4	5	2	3	14523	0	1000	1012	390	0	1	4	5	2	3	1394	1710	1950	2170	2300	6000	5000	1	1	1	1	1	1
3	14	1	5	1000	73020	73020.021	73	993.998	3	5	1	2	4	35124	0	1000	962	414	0	3	5	1	2	4	1418	1630	1850	2046	2222	6000	5000	1	1	1	1	1	1
3	15	1	5	1000	78020	78020.013	78	992.014	3	2	4	5	1	32451	0	1000	1128	454	0	3	2	4	5	1	1458	1672	2002	2206	2402	6000	5000	1	1	1	1	1	1
3	16	0	5	1000	83020	83020.001	83	989.99	3	2	4	5	1	32451	0	1000	1206	782	0	3	2	4	5	1	1786	2004	2222	2420	2586	6000	5000	1	1	1	1	1	1
3	17	1	5	1000	88020	88020.018	88	988.007	3	2	4	5	1	32451	0	16000	1064	380	0	3	2	4	5	1	1384	1596	1870	2080	2286	6000	5000	1	1	1	1	1	1
3	18	1	5	1000	108020	108020.012	108	981.995	3	2	4	5	1	32451	0	1000	1064	396	0	3	2	4	5	1	1400	1610	1848	2062	2240	6000	5000	1	1	1	1	1	1
3	19	1	5	1000	113020	113020.005	113	980.006	3	5	1	2	4	35124	0	1000	1030	428	0	3	5	1	2	4	1432	1688	1938	2146	2326	6000	5000	1	1	1	1	1	1
3	20	0	5	1000	118020	118020.023	118	978.01	3	2	4	5	1	32451	0	1000	1054	674	0	3	2	4	5	1	1678	1886	2122	2294	2490	6000	5000	1	1	1	1	1	1
3	21	0	5	1000	123020	123020.01	123	978.007	1	4	5	2	3	14523	0	1000	946	482	0	1	4	5	2	3	1486	1706	1930	2154	2298	6000	5000	1	1	1	1	1	1
3	22	1	5	1000	128020	128020.011	128	974.022	3	5	1	2	4	35124	0	1000	904	436	0	3	5	1	2	4	1440	1640	1856	2042	2196	6000	5000	1	1	1	1	1	1
3	23	0	5	1000	133020	133022.002	133	974.007	1	3	2	5	4	13254	0	1000	1056	378	0	1	3	2	5	4	1382	1614	1854	2058	2266	6000	5000	1	1	1	1	1	1
3	24	0	5	1000	138020	138020.01	138	971.988	1	4	5	2	3	14523	0	1000	1016	356	0	1	4	5	2	3	1360	1610	1814	2066	2214	6000	5000	1	1	1	1	1	1
3	25	1	5	1000	143020	143020.003	143	970	3	2	4	5	1	32451	0	1000	1068	346	0	3	2	4	5	1	1350	1564	1816	2008	2216	6000	5000	1	1	1	1	1	1
3	26	1	5	1000	148020	148020.015	148	968.003	1	4	5	2	3	14523	0	1000	1026	394	0	1	4	5	2	3	1398	1640	1914	2128	2272	6000	5000	1	1	1	1	1	1
3	27	0	5	1000	153020	153022	153	967.975	3	2	4	5	1	32451	0	1000	1054	380	0	3	2	4	5	1	1384	1618	1862	2076	2284	6000	5000	1	1	1	1	1	1
3	28	0	5	1000	158020	158020.013	158	964.013	1	3	2	5	4	13254	0	1000	1080	412	0	1	3	2	5	4	1416	1674	1918	2132	2296	6000	5000	1	1	1	1	1	1
3	29	1	5	1000	163020	163020.07	163	962.068	3	5	1	2	4	35124	0	1000	1156	416	0	3	5	1	2	4	1420	1792	2088	2272	2424	6000	5000	1	1	1	1	1	1
3	30	1	5	1000	168020	168022.135	168	962.136	1	4	5	2	3	14523	0	1000	1136	412	0	1	4	5	2	3	1416	1678	1980	2286	2416	6000	5000	1	1	1	1	1	1
3	31	0	5	1000	173020	173020.002	173	958.015	1	3	2	5	4	13254	0	1000	1208	526	0	1	3	2	5	4	1530	1796	2144	2392	2570	6000	5000	1	1	1	1	1	1
3	32	1	5	1000	178020	178020.093	178	958.082	1	3	2	5	4	13254	0	1000	1086	450	0	1	3	2	5	4	1454	1676	1900	2142	2380	6000	5000	1	1	1	1	1	1
3	33	0	5	1000	183020	183020.013	183	955.988	1	3	2	5	4	13254	0	1000	1258	442	0	1	3	2	5	4	1446	1760	2038	2298	2524	6000	5000	1	1	1	1	1	1
3	34	1	5	1000	188020	188022.004	188	955.993	1	4	5	2	3	14523	0	16000	1230	536	0	1	4	5	2	3	1540	1938	2202	2464	2638	6000	5000	1	1	1	1	1	1
3	35	1	5	1000	208020	208020.012	208	946.013	1	4	5	2	3	14523	0	1000	1554	482	1	1	4	4	2	3	1486	2144	2476	2744	2892	6000	5000	0	1	1	1	1	1
3	36	1	5	1000	213020	213022.042	213	948.021	3	2	4	5	1	32451	0	1000	1232	488	0	3	2	4	5	1	1492	1740	2068	2346	2550	6000	5000	1	1	1	1	1	1
3	37	1	5	1000	218020	218020.027	218	944.012	3	2	4	5	1	32451	0	1000	1128	364	0	3	2	4	5	1	1368	1570	1894	2132	2324	6000	5000	1	1	1	1	1	1
3	38	0	5	1000	223020	223021.988	223	943.998	1	4	5	2	3	14523	0	1000	1018	396	0	1	4	5	2	3	1400	1674	1932	2172	2294	6000	5000	1	1	1	1	1	1
3	39	0	5	1000	228020	228020	228	939.999	3	5	1	2	4	35124	0	1000	920	442	0	3	5	1	2	4	1446	1660	1884	2058	2224	6000	5000	1	1	1	1	1	1
3	40	0	5	1000	233020	233020.001	233	937.999	3	5	1	2	4	35124	0	1000	918	350	0	3	5	1	2	4	1354	1588	1834	1972	2126	6000	5000	1	1	1	1	1	1
3	41	0	5	1000	238020	238021.991	238	937.999	3	2	4	5	1	32451	0	1000	1016	350	0	3	2	4	5	1	1354	1564	1818	2026	2234	6000	5000	1	1	1	1	1	1
3	42	0	5	1000	243020	243021.993	243	936.002	3	5	1	2	4	35124	0	1000	946	408	0	3	5	1	2	4	1412	1626	1862	2026	2210	6000	5000	1	1	1	1	1	1
3	43	1	5	1000	248020	248021.981	248	936.005	1	3	2	5	4	13254	0	1000	1158	492	0	1	3	2	5	4	1496	1752	2032	2246	2464	6000	5000	1	1	1	1	1	1
3	44	0	5	1000	253020	253021.994	253	934.022	3	5	1	2	4	35124	0	1000	978	400	0	3	5	1	2	4	1404	1610	1844	2052	2230	6000	5000	1	1	1	1	1	1
3	45	1	5	1000	258020	258021.97	258	931.998	3	2	4	5	1	32451	0	1000	1030	460	0	3	2	4	5	1	1464	1686	1942	2168	2408	6000	5000	1	1	1	1	1	1
3	46	0	5	1000	263020	263021.978	263	930.002	1	3	2	5	4	13254	0	1000	1020	468	0	1	3	2	5	4	1472	1704	1926	2130	2314	6000	5000	1	1	1	1	1	1
3	47	0	5	1000	268020	268021.993	268	928.015	3	2	4	5	1	32451	0	1000	1018	458	0	3	2	4	5	1	1462	1666	1908	2100	2304	6000	5000	1	1	1	1	1	1
3	48	0	5	1000	273020	273021.971	273	925.995	3	2	4	5	1	32451	0	1000	1050	314	0	3	2	4	5	1	1318	1562	1806	1982	2188	6000	5000	1	1	1	1	1	1
3	49	1	5	1000	278020	278021.973	278	924.001	1	4	5	2	3	14523	0	1000	1026	412	0	1	4	5	2	3	1416	1638	1914	2140	2324	6000	5000	1	1	1	1	1	1
3	50	0	5	1000	283020	283021.975	283	923.992	1	4	5	2	3	14523	0	1000	1026	488	0	1	4	5	2	3	1492	1720	1982	2218	2358	6000	5000	1	1	1	1	1	1
3	51	0	5	1000	288020	288021.97	288	921.979	3	2	4	5	1	32451	0	16000	1022	584	0	3	2	4	5	1	1588	1796	2034	2258	2432	6000	5000	1	1	1	1	1	1
3	52	0	5	1000	308020	308021.979	308	913.997	3	2	4	5	1	32451	0	1000	1116	462	0	3	2	4	5	1	1466	1710	1974	2228	2420	6000	5000	1	1	1	1	1	1
3	53	1	5	1000	313020	320654.588	313	8544.615	3	5	1	2	4	35124	0	1000	1472	478	0	3	5	1	2	4	1482	1796	2334	2624	2788	6000	5000	1	1	1	1	1	1
3	54	0	5	1000	318020	318021.979	318	912.008	1	4	5	2	3	14523	0	1000	1298	418	0	1	4	5	2	3	1422	1806	2084	2392	2580	6000	5000	1	1	1	1	1	1
3	55	0	5	1000	323020	323021.977	323	910.004	1	3	2	5	4	13254	0	1000	1088	538	0	1	3	2	5	4	1542	1778	1992	2220	2456	6000	5000	1	1	1	1	1	1
3	56	0	5	1000	328020	328021.982	328	908	1	3	2	5	4	13254	0	1000	952	390	0	1	3	2	5	4	1394	1592	1794	1988	2178	6000	5000	1	1	1	1	1	1
3	57	1	5	1000	333020	333021.971	333	905.976	3	2	4	5	1	32451	0	1000	1070	450	0	3	2	4	5	1	1454	1654	1908	2132	2350	6000	5000	1	1	1	1	1	1
3	58	0	5	1000	338020	338021.975	338	903.97	3	5	1	2	4	35124	0	1000	1008	402	0	3	5	1	2	4	1406	1622	1854	2062	2268	6000	5000	1	1	1	1	1	1
3	59	0	5	1000	343020	343021.976	343	902.007	1	3	2	5	4	13254	0	1000	1186	374	0	1	3	2	5	4	1378	1668	2004	2220	2402	6000	5000	1	1	1	1	1	1
3	60	0	5	1000	348020	348021.974	348	899.987	3	5	1	2	4	35124	0	1000	1052	420	0	3	5	1	2	4	1424	1664	1910	2126	2314	6000	5000	1	1	1	1	1	1
3	61	1	5	1000	353020	353021.979	353	898.009	3	5	1	2	4	35124	0	1000	1020	510	0	3	5	1	2	4	1514	1776	2006	2210	2398	6000	5000	1	1	1	1	1	1
3	62	0	5	1000	358020	358021.975	358	897.998	3	5	1	2	4	35124	0	1000	934	416	0	3	5	1	2	4	1420	1620	1834	2038	2246	6000	5000	1	1	1	1	1	1
3	63	1	5	1000	363020	363021.986	363	896.018	1	4	5	2	3	14523	0	1000	1018	492	0	1	4	5	2	3	1496	1742	2026	2264	2394	6000	5000	1	1	1	1	1	1
3	64	1	5	1000	368020	368021.98	368	894.012	1	4	5	2	3	14523	0	1000	968	676	0	1	4	5	2	3	1680	1908	2186	2400	2518	6000	5000	1	1	1	1	1	1
3	65	0	5	1000	373020	373021.974	373	891.994	3	5	1	2	4	35124	0	1000	952	478	0	3	5	1	2	4	1482	1674	1892	2076	2248	6000	5000	1	1	1	1	1	1
3	66	0	5	1000	378020	378021.987	378	890.016	1	4	5	2	3	14523	0	1000	1090	384	0	1	4	5	2	3	1388	1644	1902	2164	2334	6000	5000	1	1	1	1	1	1
3	67	0	5	1000	383020	383021.981	383	887.975	1	4	5	2	3	14523	0	1000	1050	426	0	1	4	5	2	3	1430	1676	1910	2170	2328	6000	5000	1	1	1	1	1	1
3	68	1	5	1000	388020	388022.002	388	886.016	1	3	2	5	4	13254	0	16000	1124	412	0	1	3	2	5	4	1416	1658	1922	2132	2342	6000	5000	1	1	1	1	1	1
4	1	0	5	1000	8020	8021.992	9	18.001	1	4	5	2	3	14523	0	1000	1286	718	0	1	4	5	2	3	1722	2118	2414	2692	2854	6000	5000	1	1	1	1	1	1
4	2	1	5	1000	13020	13021.993	14	16.001	1	4	5	2	3	14523	0	1000	1026	352	0	1	4	5	2	3	1356	1658	1906	2132	2258	6000	5000	1	1	1	1	1	1
4	3	1	5	1000	18020	18022.005	19	13.992	3	2	4	5	1	32451	0	1000	1162	340	0	3	2	4	5	1	1344	1540	1786	1962	2178	6000	5000	1	1	1	1	1	1
4	4	1	5	1000	23020	23021.992	24	12.003	3	2	4	5	1	32451	0	1000	1060	376	0	3	2	4	5	1	1380	1546	1770	1938	2184	6000	5000	1	1	1	1	1	1
4	5	0	5	1000	28020	28022.116	29	10.136	1	4	5	2	3	14523	0	1000	1144	176	0	1	4	5	2	3	1180	1590	1858	2090	2224	6000	5000	1	1	1	1	1	1
4	6	0	5	1000	33020	33021.978	34	7.999	1	3	2	5	4	13254	0	1000	1080	382	0	1	3	2	5	4	1386	1602	1848	2076	2300	6000	5000	1	1	1	1	1	1
4	7	1	5	1000	38020	38020.001	39	4.001	1	3	2	5	4	13254	0	1000	1002	398	0	1	3	2	5	4	1402	1644	1838	2022	2204	6000	5000	1	1	1	1	1	1
4	8	1	5	1000	43020	43021.981	44	6.001	3	2	4	5	1	32451	0	1000	1158	448	0	3	2	4	5	1	1452	1650	2052	2252	2422	6000	5000	1	1	1	1	1	1
4	9	0	5	1000	48020	48021.979	49	4.013	1	3	2	5	4	13254	0	1000	1016	410	0	1	3	2	5	4	1414	1668	1864	2060	2244	6000	5000	1	1	1	1	1	1
4	10	0	5	1000	53020	53021.993	54	1.999	3	2	4	5	1	32451	0	1000	1022	532	0	3	2	4	5	1	1536	1754	1986	2198	2386	6000	5000	1	1	1	1	1	1
4	11	1	5	1000	58020	58021.992	59	0	3	2	4	5	1	32451	0	1000	1044	442	0	3	2	4	5	1	1446	1656	1884	2074	2314	6000	5000	1	1	1	1	1	1
4	12	0	5	1000	63020	63022.004	63	998.024	3	2	4	5	1	32451	0	1000	936	430	0	3	2	4	5	1	1434	1624	1848	2030	2222	6000	5000	1	1	1	1	1	1
4	13	0	5	1000	68020	68021.971	68	997.95	3	2	4	5	1	32451	0	1000	922	396	0	3	2	4	5	1	1400	1584	1784	1964	2146	6000	5000	1	1	1	1	1	1
4	14	1	5	1000	73020	73021.98	73	995.977	3	5	1	2	4	35124	0	1000	1292	430	0	3	5	1	2	4	1434	1634	1900	2310	2558	6000	5000	1	1	1	1	1	1
4	15	1	5	1000	78020	78021.967	78	993.984	1	3	2	5	4	13254	0	1000	1080	418	0	1	3	2	5	4	1422	1656	1882	2094	2330	6000	5000	1	1	1	1	1	1
4	16	1	5	1000	83020	83021.978	83	991.986	3	5	1	2	4	35124	0	1000	914	408	0	3	5	1	2	4	1412	1598	1818	2016	2196	6000	5000	1	1	1	1	1	1
4	17	1	5	1000	88020	88021.991	88	989.995	1	4	5	2	3	14523	0	16000	972	412	0	1	4	5	2	3	1416	1652	1904	2146	2284	6000	5000	1	1	1	1	1	1
4	18	1	5	1000	108020	108022.058	108	984.078	1	4	5	2	3	14523	0	1000	1030	498	0	1	4	5	2	3	1502	1790	2072	2278	2446	6000	5000	1	1	1	1	1	1
4	19	0	5	1000	113020	113021.979	113	981.979	3	5	1	2	4	35124	0	1000	1024	480	0	3	5	1	2	4	1484	1718	1962	2188	2368	6000	5000	1	1	1	1	1	1
4	20	1	5	1000	118020	118021.992	118	980.013	3	5	1	2	4	35124	0	1000	930	424	0	3	5	1	2	4	1428	1634	1868	2050	2218	6000	5000	1	1	1	1	1	1
4	21	0	5	1000	123020	123021.959	123	977.968	1	3	2	5	4	13254	0	1000	1032	468	0	1	3	2	5	4	1472	1712	1940	2136	2332	6000	5000	1	1	1	1	1	1
4	22	1	5	1000	128020	128021.967	128	975.976	3	5	1	2	4	35124	0	1000	972	394	0	3	5	1	2	4	1398	1610	1850	2046	2224	6000	5000	1	1	1	1	1	1
4	23	1	5	1000	133020	133022.095	133	974.11	3	2	4	5	1	32451	0	1000	1140	666	0	3	2	4	5	1	1670	2018	2252	2426	2634	6000	5000	1	1	1	1	1	1
4	24	1	5	1000	138020	138021.975	138	971.995	3	5	1	2	4	35124	0	1000	1100	376	0	3	5	1	2	4	1380	1646	1944	2156	2326	6000	5000	1	1	1	1	1	1
4	25	1	5	1000	143020	143020.005	143	970.003	3	5	1	2	4	35124	0	1000	942	478	0	3	5	1	2	4	1482	1686	1920	2104	2272	6000	5000	1	1	1	1	1	1
4	26	0	5	1000	148020	148021.964	148	969.982	3	5	1	2	4	35124	0	1000	1608	490	0	3	5	1	2	4	1494	1730	2190	2742	2938	6000	5000	1	1	1	1	1	1
4	27	0	5	1000	153020	153021.978	153	967.988	1	4	5	2	3	14523	0	1000	1104	696	0	1	4	5	2	3	1700	2028	2270	2528	2674	6000	5000	1	1	1	1	1	1
4	28	1	5	1000	158020	158022.075	158	966.09	1	3	2	5	4	13254	0	1000	1084	438	0	1	3	2	5	4	1442	1696	1952	2164	2364	6000	5000	1	1	1	1	1	1
4	29	0	5	1000	163020	163020.078	163	962.075	3	5	1	2	4	35124	0	1000	946	390	0	3	5	1	2	4	1394	1590	1794	2002	2152	6000	5000	1	1	1	1	1	1
4	30	1	5	1000	168020	168020.074	168	960.073	1	3	2	5	4	13254	0	1000	1078	452	0	1	3	2	5	4	1456	1744	2000	2178	2352	6000	5000	1	1	1	1	1	1
4	31	1	5	1000	173020	173021.992	173	960.012	1	4	5	2	3	14523	0	1000	988	418	0	1	4	5	2	3	1422	1698	1934	2160	2278	6000	5000	1	1	1	1	1	1
4	32	0	5	1000	178020	178021.979	178	959.988	3	2	4	5	1	32451	0	1000	896	826	0	3	2	4	5	1	1830	2012	2198	2364	2516	6000	5000	1	1	1	1	1	1
4	33	0	5	1000	183020	183021.979	183	957.998	1	3	2	5	4	13254	0	1000	936	354	0	1	3	2	5	4	1358	1582	1780	1962	2092	6000	5000	1	1	1	1	1	1
4	34	0	5	1000	188020	188022.001	188	956.013	1	4	5	2	3	14523	0	16000	1058	432	0	1	4	5	2	3	1436	1676	1952	2228	2380	6000	5000	1	1	1	1	1	1
4	35	0	5	1000	208020	208020.006	208	946.03	1	4	5	2	3	14523	0	1000	1050	462	0	1	4	5	2	3	1466	1706	1960	2206	2368	6000	5000	1	1	1	1	1	1
4	36	1	5	1000	213020	213021.981	213	947.991	3	5	1	2	4	35124	0	1000	906	424	0	3	5	1	2	4	1428	1636	1854	2010	2162	6000	5000	1	1	1	1	1	1
4	37	0	5	1000	218020	218020.072	218	944.092	1	4	5	2	3	14523	0	1000	996	408	0	1	4	5	2	3	1412	1638	1892	2146	2276	6000	5000	1	1	1	1	1	1
4	38	1	5	1000	223020	223021.954	223	943.96	3	2	4	5	1	32451	0	1000	1044	440	0	3	2	4	5	1	1444	1644	1890	2076	2256	6000	5000	1	1	1	1	1	1
4	39	0	5	1000	228020	228021.97	228	941.904	3	5	1	2	4	35124	0	1000	948	434	0	3	5	1	2	4	1438	1674	1890	2066	2218	6000	5000	1	1	1	1	1	1
4	40	0	5	1000	233020	233021.971	233	939.999	1	3	2	5	4	13254	0	1000	982	404	0	1	3	2	5	4	1408	1614	1848	2024	2204	6000	5000	1	1	1	1	1	1
4	41	1	5	1000	238020	238021.969	238	937.984	1	4	5	2	3	14523	0	1000	990	378	0	1	4	5	2	3	1382	1650	1898	2136	2252	6000	5000	1	1	1	1	1	1
4	42	1	5	1000	243020	243021.968	243	935.986	1	4	5	2	3	14523	0	1000	1124	386	0	1	4	5	2	3	1390	1678	1982	2236	2366	6000	5000	1	1	1	1	1	1
4	43	0	5	1000	248020	248021.951	248	935.996	1	4	5	2	3	14523	0	1000	1056	532	0	1	4	5	2	3	1536	1812	2062	2316	2438	6000	5000	1	1	1	1	1	1
4	44	0	5	1000	253020	253021.96	253	933.989	1	4	5	2	3	14523	0	1000	888	400	0	1	4	5	2	3	1404	1608	1832	2056	2120	6000	5000	1	1	1	1	1	1
4	45	0	5	1000	258020	258021.97	258	932.016	3	2	4	5	1	32451	0	1000	1310	360	0	3	2	4	5	1	1364	1586	1840	2060	2260	6000	5000	1	1	1	1	1	1
4	46	0	5	1000	263020	263021.949	263	929.996	3	5	1	2	4	35124	0	1000	882	368	0	3	5	1	2	4	1372	1558	1762	1952	2094	6000	5000	1	1	1	1	1	1
4	47	1	5	1000	268020	268021.954	268	928.003	1	4	5	2	3	14523	0	1000	906	432	0	1	4	5	2	3	1436	1672	1880	2088	2216	6000	5000	1	1	1	1	1	1
4	48	0	5	1000	273020	273021.952	273	926	1	3	2	5	4	13254	0	1000	1042	402	0	1	3	2	5	4	1692	1942	2170	2356	2498	6000	5000	1	1	1	1	1	1
4	49	0	5	1000	278020	278021.951	278	923.987	1	3	2	5	4	13254	0	1000	1046	412	0	1	3	2	5	4	1416	1646	1908	2126	2278	6000	5000	1	1	1	1	1	1
4	50	0	5	1000	283020	283021.956	283	921.985	3	5	1	2	4	35124	0	1000	856	388	0	3	5	1	2	4	1392	1570	1756	1940	2102	6000	5000	1	1	1	1	1	1
4	51	1	5	1000	288020	288021.967	288	921.993	3	2	4	5	1	32451	0	16000	1046	400	0	3	2	4	5	1	1404	1620	1850	2048	2254	6000	5000	1	1	1	1	1	1
4	52	1	5	1000	308020	308021.949	308	913.968	3	2	4	5	1	32451	0	1000	1068	498	0	3	2	4	5	1	1502	1736	1974	2172	2352	6000	5000	1	1	1	1	1	1
4	53	1	5	1000	313020	313021.951	313	911.984	1	3	2	5	4	13254	0	1000	1096	418	0	1	3	2	5	4	1422	1694	1918	2122	2312	6000	5000	1	1	1	1	1	1
4	54	0	5	1000	318020	318021.958	318	912.002	1	3	2	5	4	13254	0	1000	1020	474	0	1	3	2	5	4	1478	1720	1964	2148	2300	6000	5000	1	1	1	1	1	1
4	55	1	5	1000	323020	323021.954	323	909.968	3	2	4	5	1	32451	0	1000	1322	342	0	3	2	4	5	1	1346	1572	1980	2280	2476	6000	5000	1	1	1	1	1	1
4	56	1	5	1000	328020	328021.967	328	908.014	1	4	5	2	3	14523	0	1000	1012	368	1	1	4	5	4	2	1372	1652	1950	1988	2164	6000	5000	0	1	1	1	1	1
4	57	1	5	1000	333020	333021.951	333	905.999	1	3	2	5	4	13254	0	1000	1164	482	0	1	3	2	5	4	1486	1730	1978	2278	2474	6000	5000	1	1	1	1	1	1
4	58	0	5	1000	338020	338021.959	338	904.005	3	2	4	5	1	32451	0	1000	960	404	0	3	2	4	5	1	1408	1578	1802	2014	2178	6000	5000	1	1	1	1	1	1
4	59	1	5	1000	343020	343021.954	343	902.004	1	3	2	5	4	13254	0	1000	860	368	0	1	3	2	5	4	1372	1576	1758	1914	2056	6000	5000	1	1	1	1	1	1
4	60	1	5	1000	348020	348021.957	348	900	1	3	2	5	4	13254	0	1000	944	476	0	1	3	2	5	4	1480	1704	1902	2066	2240	6000	5000	1	1	1	1	1	1
4	61	0	5	1000	353020	353021.975	353	898.01	1	4	5	2	3	14523	0	1000	968	414	0	1	4	5	2	3	1418	1646	1862	2104	2238	6000	5000	1	1	1	1	1	1
4	62	0	5	1000	358020	358021.949	358	897.981	3	5	1	2	4	35124	0	1000	792	396	0	3	5	1	2	4	1400	1570	1736	1888	2026	6000	5000	1	1	1	1	1	1
4	63	0	5	1000	363020	363021.951	363	895.989	3	5	1	2	4	35124	0	1000	744	378	0	3	5	1	2	4	1382	1536	1686	1814	1976	6000	5000	1	1	1	1	1	1
4	64	0	5	1000	368020	368021.952	368	894.004	3	2	4	5	1	32451	0	1000	894	364	0	3	2	4	5	1	1368	1542	1752	1882	2074	6000	5000	1	1	1	1	1	1
4	65	1	5	1000	373020	373021.954	373	891.984	1	4	5	2	3	14523	0	1000	946	362	0	1	4	5	2	3	1366	1604	1796	2044	2166	6000	5000	1	1	1	1	1	1
4	66	1	5	1000	378020	378021.95	378	889.995	3	5	1	2	4	35124	0	1000	840	398	0	3	5	1	2	4	1402	1578	1768	1900	2060	6000	5000	1	1	1	1	1	1
4	67	0	5	1000	383020	383021.955	383	887.985	3	2	4	5	1	32451	0	1000	1080	422	0	3	2	4	5	1	1426	1612	1850	2058	2274	6000	5000	1	1	1	1	1	1
4	68	0	5	1000	388020	388021.984	388	886.028	1	4	5	2	3	14523	0	16000	1076	380	0	1	4	5	2	3	1384	1664	1928	2166	2310	6000	5000	1	1	1	1	1	1
5	1	1	5	1000	8020	8020.142	9	16.129	3	2	4	5	1	32451	0	1000	1160	394	0	3	2	4	5	1	1398	1674	1942	2158	2378	6000	5000	1	1	1	1	1	1
5	2	0	5	1000	13020	13020	14	14.012	3	2	4	5	1	32451	0	1000	1064	420	0	3	2	4	5	1	1424	1630	1854	2018	2198	6000	5000	1	1	1	1	1	1
5	3	0	5	1000	18020	18022.011	19	13.99	1	4	5	2	3	14523	0	1000	932	426	0	1	4	5	2	3	1430	1642	1856	2094	2246	6000	5000	1	1	1	1	1	1
5	4	0	5	1000	23020	23021.994	24	11.996	1	4	5	2	3	14523	0	1000	958	406	0	1	4	5	2	3	1410	1626	1834	2096	2242	6000	5000	1	1	1	1	1	1
5	5	1	5	1000	28020	28020.018	29	8.016	3	5	1	2	4	35124	0	1000	886	370	0	3	5	1	2	4	1374	1566	1786	1952	2114	6000	5000	1	1	1	1	1	1
5	6	0	5	1000	33020	33020.001	34	8.002	3	5	1	2	4	35124	0	1000	856	344	0	3	5	1	2	4	1348	1510	1710	1870	2042	6000	5000	1	1	1	1	1	1
5	7	0	5	1000	38020	38020.031	39	6.029	1	3	2	5	4	13254	0	1000	946	386	0	1	3	2	5	4	1390	1572	1778	1938	2098	6000	5000	1	1	1	1	1	1
5	8	0	5	1000	43020	43022.015	44	6.014	1	4	5	2	3	14523	0	1000	962	408	0	1	4	5	2	3	1412	1684	1896	2124	2266	6000	5000	1	1	1	1	1	1
5	9	1	5	1000	48020	48020.013	49	2.001	1	4	5	2	3	14523	0	1000	1044	422	0	1	4	5	2	3	1426	1658	1962	2228	2358	6000	5000	1	1	1	1	1	1
5	10	0	5	1000	53020	53022.001	54	2.009	1	4	5	2	3	14523	0	1000	948	424	0	1	4	5	2	3	1428	1650	1886	2110	2228	6000	5000	1	1	1	1	1	1
5	11	1	5	1000	58020	58020.012	58	997.89	1	3	2	5	4	13254	0	1000	996	372	0	1	3	2	5	4	1376	1610	1816	2000	2138	6000	5000	1	1	1	1	1	1
5	12	1	5	1000	63020	63021.999	63	999.999	1	3	2	5	4	13254	0	1000	1068	350	0	1	3	2	5	4	1354	1580	1798	2002	2194	6000	5000	1	1	1	1	1	1
5	13	1	5	1000	68020	68020.021	68	996.032	3	2	4	5	1	32451	0	1000	1006	410	0	3	2	4	5	1	1414	1592	1816	2024	2222	6000	5000	1	1	1	1	1	1
5	14	1	5	1000	73020	73020.011	73	994.017	3	2	4	5	1	32451	0	1000	982	354	0	3	2	4	5	1	1358	1526	1748	1910	2132	6000	5000	1	1	1	1	1	1
5	15	0	5	1000	78020	78020	78	991.896	1	3	2	5	4	13254	0	1000	964	472	0	1	3	2	5	4	1476	1678	1872	2060	2258	6000	5000	1	1	1	1	1	1
5	16	0	5	1000	83020	83020.008	83	990.008	3	5	1	2	4	35124	0	1000	850	442	0	3	5	1	2	4	1446	1626	1824	2004	2152	6000	5000	1	1	1	1	1	1
5	17	1	5	1000	88020	88020.025	88	987.983	1	3	2	5	4	13254	0	16000	988	396	0	1	3	2	5	4	1400	1662	1868	2032	2210	6000	5000	1	1	1	1	1	1
5	18	1	5	1000	108020	108022.101	108	984.1	1	3	2	5	4	13254	0	1000	1080	426	0	1	3	2	5	4	1430	1670	1920	2124	2294	6000	5000	1	1	1	1	1	1
5	19	0	5	1000	113020	113020.015	113	979.999	3	5	1	2	4	35124	0	1000	882	482	0	3	5	1	2	4	1486	1674	1882	2056	2202	6000	5000	1	1	1	1	1	1
5	20	1	5	1000	118020	118022	118	980.032	3	2	4	5	1	32451	0	1000	1044	396	0	3	2	4	5	1	1400	1590	1834	2048	2236	6000	5000	1	1	1	1	1	1
5	21	1	5	1000	123020	123020.025	123	976.005	1	4	5	2	3	14523	0	1000	920	440	0	1	4	5	2	3	1444	1648	1880	2116	2246	6000	5000	1	1	1	1	1	1
5	22	1	5	1000	128020	128022.01	128	975.979	3	2	4	5	1	32451	0	1000	1024	404	0	3	2	4	5	1	1408	1568	1776	1994	2256	6000	5000	1	1	1	1	1	1
5	23	1	5	1000	133020	133020.013	133	972.011	3	5	1	2	4	35124	0	1000	812	402	0	3	5	1	2	4	1406	1568	1748	1886	2042	6000	5000	1	1	1	1	1	1
5	24	0	5	1000	138020	138020.013	138	972.003	1	4	5	2	3	14523	0	1000	1026	360	0	1	4	5	2	3	1364	1638	1924	2138	2254	6000	5000	1	1	1	1	1	1
5	25	1	5	1000	143020	143020.011	143	970.013	3	2	4	5	1	32451	0	1000	880	366	0	3	2	4	5	1	1370	1568	1762	1902	2072	6000	5000	1	1	1	1	1	1
5	26	1	5	1000	148020	148020.01	148	967.997	1	3	2	5	4	13254	0	1000	1066	378	0	1	3	2	5	4	1382	1654	1878	2078	2242	6000	5000	1	1	1	1	1	1
5	27	1	5	1000	153020	153020.027	153	966.017	3	5	1	2	4	35124	0	1000	872	386	0	3	5	1	2	4	1390	1596	1792	1970	2110	6000	5000	1	1	1	1	1	1
5	28	1	5	1000	158020	158020.008	158	964.019	1	4	5	2	3	14523	0	1000	922	418	0	1	4	5	2	3	1422	1658	1894	2112	2226	6000	5000	1	1	1	1	1	1
5	29	1	5	1000	163020	163020.027	163	962.028	1	4	5	2	3	14523	0	1000	976	370	0	1	4	5	2	3	1374	1700	1898	2106	2222	6000	5000	1	1	1	1	1	1
5	30	0	5	1000	168020	168020.003	168	960.003	3	5	1	2	4	35124	0	1000	824	402	0	3	5	1	2	4	1406	1584	1752	1904	2048	6000	5000	1	1	1	1	1	1
5	31	0	5	1000	173020	173020.001	173	959.998	3	5	1	2	4	35124	0	1000	770	424	0	3	5	1	2	4	1428	1574	1746	1870	2028	6000	5000	1	1	1	1	1	1
5	32	1	5	1000	178020	178020.016	178	957.984	3	5	1	2	4	35124	0	1000	790	398	0	3	5	1	2	4	1402	1574	1720	1878	2030	6000	5000	1	1	1	1	1	1
5	33	1	5	1000	183020	183020.018	183	956.018	3	5	1	2	4	35124	0	1000	846	376	0	3	5	1	2	4	1380	1552	1728	1838	2008	6000	5000	1	1	1	1	1	1
5	34	1	5	1000	188020	188022.084	188	956.061	1	3	2	5	4	13254	0	16000	1052	554	0	1	3	2	5	4	1558	1834	2042	2216	2402	6000	5000	1	1	1	1	1	1
5	35	1	5	1000	208020	208020.113	208	948.112	1	3	2	5	4	13254	0	1000	996	400	0	1	3	2	5	4	1404	1606	1788	1966	2128	6000	5000	1	1	1	1	1	1
5	36	0	5	1000	213020	213020.012	213	946.009	3	2	4	5	1	32451	0	1000	1206	434	0	3	2	4	5	1	1438	1588	1786	1938	2132	6000	5000	1	1	1	1	1	1
5	37	0	5	1000	218020	218020.001	218	944.012	1	3	2	5	4	13254	0	1000	844	354	0	1	3	2	5	4	1358	1540	1686	1870	1990	6000	5000	1	1	1	1	1	1
5	38	1	5	1000	223020	223022.005	223	943.993	3	5	1	2	4	35124	0	1000	808	396	0	3	5	1	2	4	1400	1562	1744	1896	2050	6000	5000	1	1	1	1	1	1
5	39	0	5	1000	228020	228021.991	228	942.002	1	3	2	5	4	13254	0	1000	902	360	0	1	3	2	5	4	1364	1548	1710	1880	2010	6000	5000	1	1	1	1	1	1
5	40	1	5	1000	233020	233021.992	233	940.001	1	3	2	5	4	13254	0	1000	918	402	0	1	3	2	5	4	1406	1606	1784	1952	2082	6000	5000	1	1	1	1	1	1
5	41	0	5	1000	238020	238021.993	238	938.019	1	3	2	5	4	13254	0	1000	1152	354	0	1	3	2	5	4	1358	1560	1874	2098	2292	6000	5000	1	1	1	1	1	1
5	42	0	5	1000	243020	243021.991	243	937.988	3	2	4	5	1	32451	0	1000	1046	440	0	3	2	4	5	1	1444	1654	1874	2040	2222	6000	5000	1	1	1	1	1	1
5	43	0	5	1000	248020	248021.979	248	936.002	3	5	1	2	4	35124	0	1000	856	428	0	3	5	1	2	4	1432	1616	1812	1946	2136	6000	5000	1	1	1	1	1	1
5	44	0	5	1000	253020	253021.978	253	934.003	1	4	5	2	3	14523	0	1000	1046	506	0	1	4	5	2	3	1510	1744	2014	2280	2412	6000	5000	1	1	1	1	1	1
5	45	0	5	1000	258020	258021.976	258	931.998	1	3	2	5	4	13254	0	1000	942	462	0	1	3	2	5	4	1466	1666	1862	2038	2192	6000	5000	1	1	1	1	1	1
5	46	1	5	1000	263020	263021.98	263	930.007	3	2	4	5	1	32451	0	1000	1198	540	0	3	2	4	5	1	1544	1874	2192	2380	2542	6000	5000	1	1	1	1	1	1
5	47	0	5	1000	268020	268021.975	268	927.983	1	4	5	2	3	14523	0	1000	1116	414	0	1	4	5	2	3	1418	1692	2008	2256	2400	6000	5000	1	1	1	1	1	1
5	48	0	5	1000	273020	273021.971	273	925.997	3	5	1	2	4	35124	0	1000	856	358	0	3	5	1	2	4	1362	1528	1720	1902	2050	6000	5000	1	1	1	1	1	1
5	49	1	5	1000	278020	278021.971	278	925.985	1	4	5	2	3	14523	0	1000	838	370	0	1	4	5	2	3	1374	1570	1736	1964	2080	6000	5000	1	1	1	1	1	1
5	50	0	5	1000	283020	283021.994	283	924.012	1	3	2	5	4	13254	0	1000	1026	516	0	1	3	2	5	4	1520	1720	1946	2140	2346	6000	5000	1	1	1	1	1	1
5	51	0	5	1000	288020	288021.976	288	922.004	1	3	2	5	4	13254	0	16000	1016	418	0	1	3	2	5	4	1422	1648	1868	2052	2252	6000	5000	1	1	1	1	1	1
5	52	0	5	1000	308020	308021.974	308	914.001	1	3	2	5	4	13254	0	1000	1018	600	0	1	3	2	5	4	1604	1830	2070	2232	2376	6000	5000	1	1	1	1	1	1
5	53	1	5	1000	313020	313021.975	313	914.003	1	4	5	2	3	14523	0	1000	886	388	0	1	4	5	2	3	1392	1630	1834	2056	2162	6000	5000	1	1	1	1	1	1
5	54	1	5	1000	318020	318021.981	318	911.982	1	3	2	5	4	13254	0	1000	926	364	0	1	3	2	5	4	1368	1584	1770	1926	2088	6000	5000	1	1	1	1	1	1
5	55	1	5	1000	323020	323021.98	323	909.997	1	4	5	2	3	14523	0	1000	824	378	0	1	4	5	2	3	1382	1608	1762	1948	2080	6000	5000	1	1	1	1	1	1
5	56	0	5	1000	328020	328021.971	328	907.999	3	2	4	5	1	32451	0	1000	1224	458	0	3	2	4	5	1	1462	1614	1808	1962	2114	6000	5000	1	1	1	1	1	1
5	57	1	5	1000	333020	333021.978	333	906.003	3	5	1	2	4	35124	0	1000	1018	374	0	3	5	1	2	4	1378	1558	1804	2038	2212	6000	5000	1	1	1	1	1	1
5	58	0	5	1000	338020	338021.975	338	904.004	3	2	4	5	1	32451	0	1000	1336	356	0	3	2	4	5	1	1360	1532	1734	1886	2048	6000	5000	1	1	1	1	1	1
5	59	0	5	1000	343020	343021.986	343	902.009	3	2	4	5	1	32451	0	1000	1840	394	0	3	2	4	5	1	1398	1530	1706	1848	1984	6000	5000	1	1	1	1	1	1
5	60	1	5	1000	348020	348021.98	348	901.998	1	3	2	5	4	13254	0	1000	1122	400	0	1	3	2	5	4	1404	1696	1938	2150	2336	6000	5000	1	1	1	1	1	1
5	61	0	5	1000	353020	353021.977	353	900.004	1	4	5	2	3	14523	0	1000	1052	244	0	1	4	5	2	3	1248	1504	1740	2020	2144	6000	5000	1	1	1	1	1	1
5	62	0	5	1000	358020	358021.987	358	898.004	3	2	4	5	1	32451	0	1000	1028	426	0	3	2	4	5	1	1430	1590	1794	1938	2076	6000	5000	1	1	1	1	1	1
5	63	1	5	1000	363020	363021.977	363	895.987	1	4	5	2	3	14523	0	1000	1060	404	0	1	4	5	2	3	1408	1784	1992	2212	2348	6000	5000	1	1	1	1	1	1
5	64	1	5	1000	368020	368020.012	368	892.034	3	5	1	2	4	35124	0	1000	856	452	0	3	5	1	2	4	1456	1634	1806	1992	2154	6000	5000	1	1	1	1	1	1
5	65	1	5	1000	373020	373020.005	373	890.03	3	2	4	5	1	32451	0	1000	1140	364	0	3	2	4	5	1	1368	1534	1756	1892	2054	6000	5000	1	1	1	1	1	1
5	66	0	5	1000	378020	378021.987	378	890.012	3	5	1	2	4	35124	0	1000	826	392	0	3	5	1	2	4	1396	1570	1726	1884	2046	6000	5000	1	1	1	1	1	1
5	67	0	5	1000	383020	383021.988	383	887.993	3	2	4	5	1	32451	0	1000	1830	438	0	3	2	4	5	1	1442	1600	1810	1970	2130	6000	5000	1	1	1	1	1	1
5	68	1	5	1000	388020	388022.015	388	888.036	3	2	4	5	1	32451	0	16000	934	400	0	3	2	4	5	1	1404	1542	1780	1956	2106	6000	5000	1	1	1	1	1	1
6	1	0	5	1000	8020	8020.014	9	16.013	1	3	2	5	4	13254	0	1000	1190	732	0	1	3	2	5	4	1736	1996	2286	2484	2668	6000	5000	1	1	1	1	1	1
6	2	0	5	1000	13020	13022.003	14	16.001	3	2	4	5	1	32451	0	1000	1160	426	0	3	2	4	5	1	1430	1598	1852	2018	2188	6000	5000	1	1	1	1	1	1
6	3	0	5	1000	18020	18022.002	19	13.9	3	2	4	5	1	32451	0	1000	1134	344	0	3	2	4	5	1	1348	1504	1732	1892	2100	6000	5000	1	1	1	1	1	1
6	4	1	5	1000	23020	23020.004	24	9.97	1	3	2	5	4	13254	0	1000	1112	314	0	1	3	2	5	4	1318	1528	1792	1974	2166	6000	5000	1	1	1	1	1	1
6	5	1	5	1000	28020	28020.018	29	7.993	3	5	1	2	4	35124	0	1000	974	368	0	3	5	1	2	4	1372	1550	1768	1958	2128	6000	5000	1	1	1	1	1	1
6	6	1	5	1000	33020	33020.016	34	5.92	3	5	1	2	4	35124	0	1000	1044	364	0	3	5	1	2	4	1368	1568	1792	1972	2172	6000	5000	1	1	1	1	1	1
6	7	1	5	1000	38020	38020.018	39	3.959	3	2	4	5	1	32451	0	1000	1080	376	0	3	2	4	5	1	1380	1546	1788	1924	2100	6000	5000	1	1	1	1	1	1
6	8	1	5	1000	43020	43020.001	44	3.997	3	2	4	5	1	32451	0	1000	1058	360	0	3	2	4	5	1	1364	1518	1748	1894	2040	6000	5000	1	1	1	1	1	1
6	9	0	5	1000	48020	48020.001	49	2.002	3	2	4	5	1	32451	0	1000	1060	464	0	3	2	4	5	1	1468	1618	1888	2002	2174	6000	5000	1	1	1	1	1	1
6	10	1	5	1000	53020	53020.131	54	0	3	5	1	2	4	35124	0	1000	972	412	0	3	5	1	2	4	1416	1654	1896	2044	2220	6000	5000	1	1	1	1	1	1
6	11	0	5	1000	58020	58022.001	59	0	1	4	5	2	3	14523	0	1000	1008	402	0	1	4	5	2	3	1406	1674	1870	2100	2252	6000	5000	1	1	1	1	1	1
6	12	1	5	1000	63020	63020.001	63	995.874	3	5	1	2	4	35124	0	1000	1098	378	0	3	5	1	2	4	1382	1586	1814	2024	2222	6000	5000	1	1	1	1	1	1
6	13	0	5	1000	68020	68020.004	68	993.998	3	5	1	2	4	35124	0	1000	942	324	0	3	5	1	2	4	1328	1514	1692	1878	2054	6000	5000	1	1	1	1	1	1
6	14	1	5	1000	73020	73022.002	73	995.877	3	5	1	2	4	35124	0	1000	954	392	0	3	5	1	2	4	1396	1576	1772	1952	2144	6000	5000	1	1	1	1	1	1
6	15	1	5	1000	78020	78020.013	78	992.013	1	3	2	5	4	13254	0	1000	1124	414	0	1	3	2	5	4	1418	1652	1898	2082	2326	6000	5000	1	1	1	1	1	1
6	16	1	5	1000	83020	83020.036	83	989.929	3	2	4	5	1	32451	0	1000	1074	486	0	3	2	4	5	1	1490	1696	1950	2084	2270	6000	5000	1	1	1	1	1	1
6	17	0	5	1000	88020	88020.011	88	987.998	3	5	1	2	4	35124	0	16000	922	372	0	3	5	1	2	4	1376	1554	1718	1884	2056	6000	5000	1	1	1	1	1	1
6	18	0	5	1000	108020	108020.025	108	982.012	3	5	1	2	4	35124	0	1000	1204	426	0	3	5	1	2	4	1430	1660	1944	2208	2430	6000	5000	1	1	1	1	1	1
6	19	0	5	1000	113020	113022.001	113	981.999	3	2	4	5	1	32451	0	1000	1180	356	0	3	2	4	5	1	1360	1534	1756	1908	2074	6000	5000	1	1	1	1	1	1
6	20	0	5	1000	118020	118020.015	118	978.008	3	5	1	2	4	35124	0	1000	844	392	0	3	5	1	2	4	1396	1534	1660	1836	2002	6000	5000	1	1	1	1	1	1
6	21	1	5	1000	123020	123020.018	123	976.028	3	2	4	5	1	32451	0	1000	888	462	0	3	2	4	5	1	1466	1608	1834	1974	2098	6000	5000	1	1	1	1	1	1
6	22	1	5	1000	128020	128020.008	128	974.005	3	5	1	2	4	35124	0	1000	812	410	0	3	5	1	2	4	1414	1588	1716	1864	2060	6000	5000	1	1	1	1	1	1
6	23	1	5	1000	133020	133020.017	133	974.004	1	4	5	2	3	14523	0	1000	970	348	0	1	4	5	2	3	1352	1610	1808	2004	2130	6000	5000	1	1	1	1	1	1
6	24	1	5	1000	138020	138020.046	138	970.032	3	2	4	5	1	32451	0	1000	1258	370	1	3	2	3	4	1	1374	1484	1686	1802	2340	6000	5000	0	1	1	1	1	1
6	25	0	5	1000	143020	143020.025	143	970.026	1	3	2	5	4	13254	0	1000	1026	332	0	1	3	2	5	4	1336	1610	1830	2010	2162	6000	5000	1	1	1	1	1	1
6	26	1	5	1000	148020	148020.016	148	968.012	3	2	4	5	1	32451	0	1000	1254	410	0	3	2	4	5	1	1414	1534	1782	2056	2424	6000	5000	1	1	1	1	1	1
6	27	1	5	1000	153020	153020.023	153	966.009	1	3	2	5	4	13254	0	1000	1958	384	1	1	2	2	5	4	1388	1886	2702	2926	3162	6000	5000	0	1	1	1	1	1
6	28	0	5	1000	158020	158020.019	158	963.988	3	2	4	5	1	32451	0	1000	1044	468	0	3	2	4	5	1	1472	1658	1944	2130	2348	6000	5000	1	1	1	1	1	1
6	29	1	5	1000	163020	163020.003	163	961.989	1	4	5	2	3	14523	0	1000	1106	362	0	1	4	5	2	3	1366	1720	1984	2212	2352	6000	5000	1	1	1	1	1	1
6	30	1	5	1000	168020	168020.015	168	959.995	1	3	2	5	4	13254	0	1000	1216	348	0	1	3	2	5	4	1352	1718	1962	2190	2424	6000	5000	1	1	1	1	1	1
6	31	0	5	1000	173020	173020.039	173	958.036	3	5	1	2	4	35124	0	1000	1144	604	0	3	5	1	2	4	1608	1822	2128	2430	2638	6000	5000	1	1	1	1	1	1
6	32	0	5	1000	178020	178020.014	178	957.985	1	3	2	5	4	13254	0	1000	1174	416	0	1	3	2	5	4	1420	1724	1972	2186	2420	6000	5000	1	1	1	1	1	1
6	33	1	5	1000	183020	183020	183	955.958	3	5	1	2	4	35124	0	1000	1128	448	0	3	5	1	2	4	1452	1646	1890	2130	2372	6000	5000	1	1	1	1	1	1
6	34	0	5	1000	188020	188022.113	188	956.108	3	2	4	5	1	32451	0	16000	1052	402	0	3	2	4	5	1	1406	1616	1876	2052	2262	6000	5000	1	1	1	1	1	1
6	35	0	5	1000	208020	208020.055	208	946.039	3	2	4	5	1	32451	0	1000	1172	456	0	3	2	4	5	1	1460	1690	2078	2262	2430	6000	5000	1	1	1	1	1	1
6	36	1	5	1000	213020	213020.015	213	945.998	3	2	4	5	1	32451	0	1000	1012	386	0	3	2	4	5	1	1390	1614	1844	2032	2220	6000	5000	1	1	1	1	1	1
6	37	0	5	1000	218020	218020.001	218	943.985	1	4	5	2	3	14523	0	1000	1024	358	0	1	4	5	2	3	1362	1638	1850	2102	2234	6000	5000	1	1	1	1	1	1
6	38	0	5	1000	223020	223021.988	223	943.975	1	3	2	5	4	13254	0	1000	998	348	0	1	3	2	5	4	1352	1598	1830	1992	2158	6000	5000	1	1	1	1	1	1
6	39	1	5	1000	228020	228020.012	228	940.013	1	4	5	2	3	14523	0	1000	992	334	0	1	4	5	2	3	1338	1622	1872	2080	2208	6000	5000	1	1	1	1	1	1
6	40	1	5	1000	233020	233021.997	233	940.005	3	5	1	2	4	35124	0	1000	776	352	0	3	5	1	2	4	1356	1510	1688	1824	2012	6000	5000	1	1	1	1	1	1
6	41	0	5	1000	238020	238021.987	238	938.006	1	3	2	5	4	13254	0	1000	1016	356	0	1	3	2	5	4	1360	1604	1820	2022	2170	6000	5000	1	1	1	1	1	1
6	42	1	5	1000	243020	243021.986	243	935.995	1	3	2	5	4	13254	0	1000	1098	346	0	1	3	2	5	4	1350	1612	1852	2072	2266	6000	5000	1	1	1	1	1	1
6	43	0	5	1000	248020	248021.987	248	933.994	1	4	5	2	3	14523	0	1000	1234	508	0	1	4	5	2	3	1512	1904	2192	2456	2576	6000	5000	1	1	1	1	1	1
6	44	0	5	1000	253020	253021.976	253	933.982	3	2	4	5	1	32451	0	1000	1080	418	0	3	2	4	5	1	1422	1656	1934	2112	2276	6000	5000	1	1	1	1	1	1
6	45	0	5	1000	258020	258021.974	258	931.997	1	4	5	2	3	14523	0	1000	1118	430	0	1	4	5	2	3	1434	1754	2012	2262	2396	6000	5000	1	1	1	1	1	1
6	46	1	5	1000	263020	263021.976	263	929.992	1	4	5	2	3	14523	0	1000	1066	364	0	1	4	5	2	3	1368	1698	1928	2168	2294	6000	5000	1	1	1	1	1	1
6	47	0	5	1000	268020	268021.981	268	928.003	3	5	1	2	4	35124	0	1000	980	368	0	3	5	1	2	4	1372	1590	1838	2014	2180	6000	5000	1	1	1	1	1	1
6	48	0	5	1000	273020	273021.973	273	925.996	1	4	5	2	3	14523	0	1000	1048	360	0	1	4	5	2	3	1364	1642	1882	2124	2274	6000	5000	1	1	1	1	1	1
6	49	1	5	1000	278020	278021.978	278	924.004	3	2	4	5	1	32451	0	1000	1108	464	0	3	2	4	5	1	1468	1698	1992	2176	2358	6000	5000	1	1	1	1	1	1
6	50	1	5	1000	283020	283021.977	283	922.004	1	4	5	2	3	14523	0	1000	970	374	0	1	4	5	2	3	1378	1648	1874	2080	2204	6000	5000	1	1	1	1	1	1
6	51	0	5	1000	288020	288021.973	288	921.998	3	2	4	5	1	32451	0	16000	948	466	0	3	2	4	5	1	1470	1610	1850	2028	2162	6000	5000	1	1	1	1	1	1
6	52	0	5	1000	308020	308021.971	308	913.978	3	2	4	5	1	32451	0	1000	1058	422	0	3	2	4	5	1	1426	1606	1850	2052	2200	6000	5000	1	1	1	1	1	1
6	53	0	5	1000	313020	313021.98	313	911.985	1	3	2	5	4	13254	0	1000	1022	368	0	1	3	2	5	4	1372	1590	1794	1992	2166	6000	5000	1	1	1	1	1	1
6	54	0	5	1000	318020	318021.988	318	910.015	3	5	1	2	4	35124	0	1000	1058	598	0	3	5	1	2	4	1602	1768	1930	2078	2466	6000	5000	1	1	1	1	1	1
6	55	1	5	1000	323020	323020.01	323	908.021	1	4	5	2	3	14523	0	1000	1618	424	0	1	4	5	2	3	1428	1696	2366	2718	2854	6000	5000	1	1	1	1	1	1
6	56	0	5	1000	328020	328021.976	328	908.002	1	4	5	2	3	14523	0	1000	970	340	0	1	4	5	2	3	1344	1586	1810	2056	2174	6000	5000	1	1	1	1	1	1
6	57	0	5	1000	333020	333021.988	333	906.013	1	4	5	2	3	14523	0	1000	930	388	0	1	4	5	2	3	1392	1634	1820	2074	2212	6000	5000	1	1	1	1	1	1
6	58	1	5	1000	338020	338021.997	338	903.979	1	3	2	5	4	13254	0	1000	1106	424	0	1	3	2	5	4	1428	1640	1886	2092	2318	6000	5000	1	1	1	1	1	1
6	59	0	5	1000	343020	343021.977	343	901.988	1	3	2	5	4	13254	0	1000	1066	368	0	1	3	2	5	4	1372	1610	1864	2034	2228	6000	5000	1	1	1	1	1	1
6	60	0	5	1000	348020	348021.992	348	900.016	1	3	2	5	4	13254	0	1000	1034	422	0	1	3	2	5	4	1426	1676	1908	2074	2244	6000	5000	1	1	1	1	1	1
6	61	0	5	1000	353020	353021.978	353	898.004	1	4	5	2	3	14523	0	1000	1316	296	0	1	4	5	2	3	1520	1948	2268	2526	2668	6000	5000	1	1	1	1	1	1
6	62	0	5	1000	358020	358021.972	358	897.996	3	5	1	2	4	35124	0	1000	934	452	0	3	5	1	2	4	1456	1634	1812	2010	2194	6000	5000	1	1	1	1	1	1
6	63	0	5	1000	363020	363021.977	363	895.995	3	5	1	2	4	35124	0	1000	938	462	0	3	5	1	2	4	1466	1646	1864	2070	2238	6000	5000	1	1	1	1	1	1
6	64	1	5	1000	368020	368021.988	368	894.015	1	3	2	5	4	13254	0	1000	1132	360	0	1	3	2	5	4	1364	1646	1896	2092	2308	6000	5000	1	1	1	1	1	1
6	65	1	5	1000	373020	373021.98	373	891.97	1	3	2	5	4	13254	0	1000	1076	338	0	1	3	2	5	4	1342	1582	1820	1992	2204	6000	5000	1	1	1	1	1	1
6	66	1	5	1000	378020	378021.975	378	889.986	1	4	5	2	3	14523	0	1000	978	344	0	1	4	5	2	3	1348	1584	1808	2060	2192	6000	5000	1	1	1	1	1	1
6	67	1	5	1000	383020	383022.01	383	888.03	1	4	5	2	3	14523	0	1000	952	348	0	1	4	5	2	3	1352	1588	1838	2064	2186	6000	5000	1	1	1	1	1	1
6	68	0	5	1000	388020	388021.977	388	888.006	1	3	2	5	4	13254	0	16000	1262	434	0	1	3	2	5	4	1438	1744	2076	2312	2494	6000	5000	1	1	1	1	1	1
7	1	0	5	1000	8020	8020.016	9	13.996	3	2	4	5	1	32451	0	1000	1488	536	0	3	2	4	5	1	1540	1832	2330	2574	2774	6000	5000	1	1	1	1	1	1
7	2	1	5	1000	13020	13020.016	14	12.002	1	3	2	5	4	13254	0	1000	1068	326	0	1	3	2	5	4	1330	1562	1806	1980	2200	6000	5000	1	1	1	1	1	1
7	3	0	5	1000	18020	18020.04	19	12.005	3	2	4	5	1	32451	0	1000	980	316	0	3	2	4	5	1	1320	1512	1758	1938	2086	6000	5000	1	1	1	1	1	1
7	4	1	5	1000	23020	23020.014	24	10	1	4	5	2	3	14523	0	1000	974	408	0	1	4	5	2	3	1412	1668	1882	2120	2268	6000	5000	1	1	1	1	1	1
7	5	0	5	1000	28020	28020.016	29	7.998	1	4	5	2	3	14523	0	1000	1060	420	0	1	4	5	2	3	1424	1686	1894	2174	2340	6000	5000	1	1	1	1	1	1
7	6	1	5	1000	33020	33020.003	34	5.989	3	5	1	2	4	35124	0	1000	884	400	0	3	5	1	2	4	1404	1590	1792	1950	2118	6000	5000	1	1	1	1	1	1
7	7	0	5	1000	38020	38020.012	39	3.954	1	4	5	2	3	14523	0	1000	936	322	0	1	4	5	2	3	1326	1528	1712	1966	2114	6000	5000	1	1	1	1	1	1
7	8	0	5	1000	43020	43020.015	44	1.962	1	4	5	2	3	14523	0	1000	1030	370	0	1	4	5	2	3	1374	1630	1860	2132	2270	6000	5000	1	1	1	1	1	1
7	9	1	5	1000	48020	48020.043	49	0	1	3	2	5	4	13254	0	1000	1114	394	0	1	3	2	5	4	1398	1662	1926	2132	2328	6000	5000	1	1	1	1	1	1
7	10	1	5	1000	53020	53020.134	54	0	1	3	2	5	4	13254	0	1000	990	356	0	1	3	2	5	4	1360	1578	1796	1970	2146	6000	5000	1	1	1	1	1	1
7	11	1	5	1000	58020	58020.028	58	997.984	3	5	1	2	4	35124	0	1000	924	370	0	3	5	1	2	4	1374	1578	1796	1962	2146	6000	5000	1	1	1	1	1	1
7	12	1	5	1000	63020	63020.019	63	995.992	3	5	1	2	4	35124	0	1000	840	374	0	3	5	1	2	4	1378	1556	1742	1912	2078	6000	5000	1	1	1	1	1	1
7	13	1	5	1000	68020	68020.013	68	994.009	1	4	5	2	3	14523	0	1000	932	394	0	1	4	5	2	3	1398	1662	1882	2100	2224	6000	5000	1	1	1	1	1	1
7	14	1	5	1000	73020	73020.013	73	992.001	1	4	5	2	3	14523	0	1000	936	330	0	1	4	5	2	3	1334	1568	1778	2022	2130	6000	5000	1	1	1	1	1	1
7	15	0	5	1000	78020	78020.026	78	990.007	1	3	2	5	4	13254	0	1000	954	344	0	1	3	2	5	4	1348	1564	1768	1944	2060	6000	5000	1	1	1	1	1	1
7	16	1	5	1000	83020	83020.015	83	987.97	3	5	1	2	4	35124	0	1000	852	376	0	3	5	1	2	4	1380	1582	1770	1916	2078	6000	5000	1	1	1	1	1	1
7	17	0	5	1000	88020	88020.162	88	988.149	1	3	2	5	4	13254	0	16000	1024	332	0	1	3	2	5	4	1336	1562	1802	1994	2176	6000	5000	1	1	1	1	1	1
7	18	0	5	1000	108020	108020.016	108	979.977	1	3	2	5	4	13254	0	1000	1064	442	0	1	3	2	5	4	1446	1702	1946	2110	2254	6000	5000	1	1	1	1	1	1
7	19	1	5	1000	113020	113020.013	113	977.971	1	3	2	5	4	13254	0	1000	992	346	0	1	3	2	5	4	1350	1584	1808	1970	2128	6000	5000	1	1	1	1	1	1
7	20	0	5	1000	118020	118020.014	118	975.951	3	5	1	2	4	35124	0	1000	880	386	0	3	5	1	2	4	1390	1584	1804	1956	2120	6000	5000	1	1	1	1	1	1
7	21	0	5	1000	123020	123020.025	123	976.004	3	5	1	2	4	35124	0	1000	934	344	0	3	5	1	2	4	1348	1488	1692	1914	2126	6000	5000	1	1	1	1	1	1
7	22	1	5	1000	128020	128020.019	128	973.984	3	2	4	5	1	32451	0	1000	1136	460	0	3	2	4	5	1	1464	1794	2072	2248	2392	6000	5000	1	1	1	1	1	1
7	23	0	5	1000	133020	133020.016	133	971.984	3	5	1	2	4	35124	0	1000	842	318	0	3	5	1	2	4	1322	1488	1678	1828	1990	6000	5000	1	1	1	1	1	1
7	24	0	5	1000	138020	138020.03	138	970.014	3	2	4	5	1	32451	0	1000	1100	376	0	3	2	4	5	1	1380	1552	1774	1942	2124	6000	5000	1	1	1	1	1	1
7	25	1	5	1000	143020	143020.016	143	967.985	3	5	1	2	4	35124	0	1000	798	378	0	3	5	1	2	4	1382	1554	1706	1846	2026	6000	5000	1	1	1	1	1	1
7	26	0	5	1000	148020	148020.007	148	965.98	3	5	1	2	4	35124	0	1000	796	358	0	3	5	1	2	4	1362	1546	1680	1842	2010	6000	5000	1	1	1	1	1	1
7	27	0	5	1000	153020	153020.03	153	963.991	1	3	2	5	4	13254	0	1000	902	328	0	1	3	2	5	4	1332	1486	1672	1832	1990	6000	5000	1	1	1	1	1	1
7	28	0	5	1000	158020	158020.025	158	963.999	3	2	4	5	1	32451	0	1000	1064	360	0	3	2	4	5	1	1364	1514	1738	1840	1972	6000	5000	1	1	1	1	1	1
7	29	0	5	1000	163020	163020.024	163	961.971	3	5	1	2	4	35124	0	1000	752	348	0	3	5	1	2	4	1352	1502	1632	1770	1930	6000	5000	1	1	1	1	1	1
7	30	1	5	1000	168020	168020.015	168	959.969	1	3	2	5	4	13254	0	1000	962	420	0	1	3	2	5	4	1424	1666	1870	2032	2190	6000	5000	1	1	1	1	1	1
7	31	1	5	1000	173020	173020.141	173	958.038	3	2	4	5	1	32451	0	1000	920	400	0	3	2	4	5	1	1404	1546	1732	1912	2030	6000	5000	1	1	1	1	1	1
7	32	1	5	1000	178020	178020.019	178	956.004	3	5	1	2	4	35124	0	1000	796	338	0	3	5	1	2	4	1342	1532	1700	1840	2024	6000	5000	1	1	1	1	1	1
7	33	1	5	1000	183020	183020.002	183	953.988	3	2	4	5	1	32451	0	1000	1052	350	0	3	2	4	5	1	1354	1530	1780	1950	2048	6000	5000	1	1	1	1	1	1
7	34	0	5	1000	188020	188020.117	188	952.104	1	4	5	2	3	14523	0	16000	1058	420	0	1	4	5	2	3	1424	1716	1978	2206	2312	6000	5000	1	1	1	1	1	1
7	35	0	5	1000	208020	211314.633	203	9242.62	1	4	5	2	3	14523	0	1000	1026	378	0	1	4	5	2	3	1382	1666	1894	2122	2252	6000	5000	1	1	1	1	1	1
7	36	0	5	1000	213020	213020.027	213	944.025	3	5	1	2	4	35124	0	1000	838	430	0	3	5	1	2	4	1434	1636	1820	1972	2132	6000	5000	1	1	1	1	1	1
7	37	0	5	1000	218020	218020.027	218	941.989	1	4	5	2	3	14523	0	1000	1070	358	0	1	4	5	2	3	1362	1674	1930	2182	2300	6000	5000	1	1	1	1	1	1
7	38	1	5	1000	223020	223021.984	223	943.988	3	2	4	5	1	32451	0	1000	1134	506	0	3	2	4	5	1	1510	1748	2048	2268	2416	6000	5000	1	1	1	1	1	1
7	39	1	5	1000	228020	228020.004	228	939.982	3	2	4	5	1	32451	0	1000	1138	456	0	3	2	4	5	1	1460	1670	1916	2204	2412	6000	5000	1	1	1	1	1	1
7	40	1	5	1000	233020	233020.009	233	938.016	1	3	2	5	4	13254	0	1000	1066	292	0	1	3	2	5	4	1296	1552	1776	1968	2176	6000	5000	1	1	1	1	1	1
7	41	1	5	1000	238020	238020.016	238	936.009	1	4	5	2	3	14523	0	1000	970	380	0	1	4	5	2	3	1384	1656	1888	2120	2244	6000	5000	1	1	1	1	1	1
7	42	0	5	1000	243020	243020.009	243	933.959	3	2	4	5	1	32451	0	1000	924	434	0	3	2	4	5	1	1438	1618	1876	2044	2154	6000	5000	1	1	1	1	1	1
7	43	0	5	1000	248020	248021.995	248	933.989	1	4	5	2	3	14523	0	1000	1190	544	0	1	4	5	2	3	1548	1946	2246	2498	2630	6000	5000	1	1	1	1	1	1
7	44	0	5	1000	253020	253022.003	253	932.013	1	3	2	5	4	13254	0	1000	1024	454	0	1	3	2	5	4	1458	1706	1944	2126	2298	6000	5000	1	1	1	1	1	1
7	45	0	5	1000	258020	258022.009	258	930.019	1	4	5	2	3	14523	0	1000	1078	404	0	1	4	5	2	3	1408	1750	2018	2250	2362	6000	5000	1	1	1	1	1	1
7	46	0	5	1000	263020	263020.004	263	928.015	3	2	4	5	1	32451	0	1000	946	364	0	3	2	4	5	1	1368	1540	1768	1918	2052	6000	5000	1	1	1	1	1	1
7	47	0	5	1000	268020	268021.987	268	927.997	3	2	4	5	1	32451	0	1000	930	434	0	3	2	4	5	1	1438	1618	1866	2056	2188	6000	5000	1	1	1	1	1	1
7	48	1	5	1000	273020	273021.984	273	925.996	3	2	4	5	1	32451	0	1000	940	366	1	3	2	3	4	1	1370	1494	1716	1810	2022	6000	5000	0	1	1	1	1	1
7	49	1	5	1000	278020	278021.988	278	924.003	1	4	5	2	3	14523	0	1000	1044	418	1	1	4	4	2	3	1422	1726	1986	2210	2400	6000	5000	0	1	1	1	1	1
7	50	0	5	1000	283020	283021.993	283	922.004	3	5	1	2	4	35124	0	1000	1394	554	0	3	5	1	2	4	1558	1782	2290	2574	2820	6000	5000	1	1	1	1	1	1
7	51	1	5	1000	288020	288020.003	288	918.01	1	4	5	2	3	14523	0	16000	1418	408	0	1	4	5	2	3	1412	1910	2268	2552	2704	6000	5000	1	1	1	1	1	1
7	52	1	5	1000	308020	308021.997	308	914.005	1	4	5	2	3	14523	0	1000	1038	406	0	1	4	5	2	3	1410	1724	1962	2192	2308	6000	5000	1	1	1	1	1	1
7	53	1	5	1000	313020	313021.995	313	911.999	1	3	2	5	4	13254	0	1000	1092	452	0	1	3	2	5	4	1456	1744	1972	2150	2334	6000	5000	1	1	1	1	1	1
7	54	0	5	1000	318020	318021.99	318	909.991	1	4	5	2	3	14523	0	1000	1170	482	0	1	4	5	2	3	1486	1842	2166	2410	2526	6000	5000	1	1	1	1	1	1
7	55	1	5	1000	323020	323021.985	323	907.996	1	4	5	2	3	14523	0	1000	1080	426	0	1	4	5	2	3	1430	1786	2042	2298	2436	6000	5000	1	1	1	1	1	1
7	56	1	5	1000	328020	328021.988	328	906.002	3	5	1	2	4	35124	0	1000	830	464	0	3	5	1	2	4	1468	1660	1880	2008	2160	6000	5000	1	1	1	1	1	1
7	57	1	5	1000	333020	333020.001	333	902.004	1	3	2	5	4	13254	0	1000	1086	352	0	1	3	2	5	4	1356	1622	1906	2082	2256	6000	5000	1	1	1	1	1	1
7	58	0	5	1000	338020	338021.997	338	903.99	1	3	2	5	4	13254	0	1000	1142	480	0	1	3	2	5	4	1484	1780	2082	2266	2450	6000	5000	1	1	1	1	1	1
7	59	1	5	1000	343020	343021.987	343	901.948	1	4	5	2	3	14523	0	1000	994	398	0	1	4	5	2	3	1402	1694	1932	2158	2252	6000	5000	1	1	1	1	1	1
7	60	1	5	1000	348020	348021.986	348	899.98	3	2	4	5	1	32451	0	1000	1540	382	1	3	2	4	1	1	1386	1644	1904	2166	2728	6000	5000	0	1	1	1	1	1
7	61	0	5	1000	353020	353020.007	353	896.016	3	2	4	5	1	32451	0	1000	1154	476	0	3	2	4	5	1	1480	1694	2000	2242	2458	6000	5000	1	1	1	1	1	1
7	62	0	5	1000	358020	358020	358	894.011	1	3	2	5	4	13254	0	1000	1132	454	0	1	3	2	5	4	1458	1776	2056	2236	2408	6000	5000	1	1	1	1	1	1
7	63	0	5	1000	363020	363021.986	363	894.001	1	3	2	5	4	13254	0	1000	1220	416	0	1	3	2	5	4	1420	1728	2074	2256	2490	6000	5000	1	1	1	1	1	1
7	64	1	5	1000	368020	368021.99	368	892.004	3	2	4	5	1	32451	0	1000	1066	412	0	3	2	4	5	1	1416	1586	1820	2026	2280	6000	5000	1	1	1	1	1	1
7	65	0	5	1000	373020	373021.985	373	891.978	1	3	2	5	4	13254	0	1000	1038	400	0	1	3	2	5	4	1404	1684	1936	2108	2282	6000	5000	1	1	1	1	1	1
7	66	0	5	1000	378020	378020.002	378	887.986	3	5	1	2	4	35124	0	1000	760	368	0	3	5	1	2	4	1372	1502	1710	1832	1976	6000	5000	1	1	1	1	1	1
7	67	1	5	1000	383020	383020.012	383	886.008	3	5	1	2	4	35124	0	1000	1554	462	0	3	5	1	2	4	1466	1790	2340	2668	2860	6000	5000	1	1	1	1	1	1
7	68	0	5	1000	388020	388022.028	388	886.021	3	2	4	5	1	32451	0	16000	1008	448	0	3	2	4	5	1	1452	1648	1906	2072	2280	6000	5000	1	1	1	1	1	1
8	1	1	5	1000	8020	8021.989	9	16.012	3	5	1	2	4	35124	0	1000	0	720	0	3	5	1	2	4	1724	2222	2688	3052	3272	6000	5000	0	1	1	1	1	1
8	2	1	5	1000	13020	13020.043	14	14.027	1	4	5	2	3	14523	0	1000	0	0	0	0	0	0	0	0	0	0	0	0	0	6000	5000	0	1	1	1	1	1
8	3	0	5	1000	18020	18020.007	19	12.03	3	5	1	2	4	35124	0	1000	0	0	0	0	0	0	0	0	0	0	0	0	0	6000	5000	0	1	1	1	1	1
8	4	0	5	1000	23020	23021.989	24	12.003	1	3	2	5	4	13254	0	1000	0	0	0	0	0	0	0	0	0	0	0	0	0	6000	5000	0	1	1	1	1	1
8	1	1	5	1000	8020	8020.021	9	14.008	3	5	1	2	4	35124	0	1000	1532	424	0	3	5	1	2	4	1428	1880	2192	2520	2742	6000	5000	1	1	1	1	1	1
8	2	1	5	1000	13020	13020.046	14	14.022	1	4	5	2	3	14523	0	1000	1344	446	0	1	4	5	2	3	1450	1818	2148	2446	2634	6000	5000	1	1	1	1	1	1
8	3	0	5	1000	18020	18020.025	19	12.012	3	5	1	2	4	35124	0	1000	1218	498	0	3	5	1	2	4	1502	1788	2088	2344	2564	6000	5000	1	1	1	1	1	1
8	4	0	5	1000	23020	23022.105	24	12.067	1	3	2	5	4	13254	0	1000	1394	438	0	1	3	2	5	4	1442	1772	2114	2376	2664	6000	5000	1	1	1	1	1	1
8	5	0	5	1000	28020	28020.11	29	8.086	3	5	1	2	4	35124	0	1000	1094	376	0	3	5	1	2	4	1380	1612	1866	2094	2292	6000	5000	1	1	1	1	1	1
8	6	1	5	1000	33020	33020.013	34	6.001	3	2	4	5	1	32451	0	1000	1426	424	0	3	2	4	5	1	1428	1764	2092	2366	2632	6000	5000	1	1	1	1	1	1
8	7	1	5	1000	38020	38020.024	39	4.01	1	3	2	5	4	13254	0	1000	1266	384	0	1	3	2	5	4	1388	1692	1994	2220	2480	6000	5000	1	1	1	1	1	1
8	8	1	5	1000	43020	43020.024	44	2.028	3	2	4	5	1	32451	0	1000	1318	408	0	3	2	4	5	1	1412	1654	1912	2164	2432	6000	5000	1	1	1	1	1	1
8	9	0	5	1000	48020	48020.046	49	2.022	3	5	1	2	4	35124	0	1000	948	424	0	3	5	1	2	4	1428	1654	1882	2054	2224	6000	5000	1	1	1	1	1	1
8	10	0	5	1000	53020	53020.014	54	0	1	4	5	2	3	14523	0	1000	1122	444	0	1	4	5	2	3	1448	1734	1972	2250	2382	6000	5000	1	1	1	1	1	1
8	11	0	5	1000	58020	58020.012	58	998.01	1	4	5	2	3	14523	0	1000	1158	386	0	1	4	5	2	3	1390	1694	1990	2276	2388	6000	5000	1	1	1	1	1	1
8	12	1	5	1000	63020	63020.027	63	996.008	3	2	4	5	1	32451	0	1000	1172	374	0	3	2	4	5	1	1378	1596	1858	2040	2260	6000	5000	1	1	1	1	1	1
8	13	1	5	1000	68020	68020.013	68	993.998	1	4	5	2	3	14523	0	1000	1124	350	0	1	4	5	2	3	1354	1658	1934	2194	2342	6000	5000	1	1	1	1	1	1
8	14	0	5	1000	73020	73020.013	73	993.87	3	2	4	5	1	32451	0	1000	1170	434	0	3	2	4	5	1	1438	1666	1922	2104	2304	6000	5000	1	1	1	1	1	1
8	15	0	5	1000	78020	78020.011	78	991.997	1	3	2	5	4	13254	0	1000	1146	386	0	1	3	2	5	4	1390	1668	1926	2140	2334	6000	5000	1	1	1	1	1	1
8	16	1	5	1000	83020	83020.023	83	989.972	3	2	4	5	1	32451	0	1000	1342	412	0	3	2	4	5	1	1416	1636	1886	2108	2358	6000	5000	1	1	1	1	1	1
8	17	1	5	1000	88020	88020.001	88	987.987	3	5	1	2	4	35124	0	16000	902	414	0	3	5	1	2	4	1418	1634	1838	2012	2162	6000	5000	1	1	1	1	1	1
8	18	1	5	1000	108020	108020.026	108	979.999	3	5	1	2	4	35124	0	1000	1074	438	0	3	5	1	2	4	1442	1744	2018	2170	2356	6000	5000	1	1	1	1	1	1
8	19	1	5	1000	113020	113020.015	113	979.992	3	2	4	5	1	32451	0	1000	1268	434	0	3	2	4	5	1	1438	1642	1898	2040	2262	6000	5000	1	1	1	1	1	1
8	20	1	5	1000	118020	118020.007	118	978.016	3	2	4	5	1	32451	0	1000	1150	474	0	3	2	4	5	1	1478	1688	1952	2120	2316	6000	5000	1	1	1	1	1	1
8	21	0	5	1000	123020	123020.001	123	975.998	3	2	4	5	1	32451	0	1000	1100	428	0	3	2	4	5	1	1432	1622	1858	2078	2288	6000	5000	1	1	1	1	1	1
8	22	1	5	1000	128020	128020.049	128	974.033	1	3	2	5	4	13254	0	1000	1006	416	0	1	3	2	5	4	1420	1676	1870	2052	2234	6000	5000	1	1	1	1	1	1
8	23	0	5	1000	133020	133020.022	133	972.008	3	2	4	5	1	32451	0	1000	1054	374	0	3	2	4	5	1	1378	1560	1770	1922	2098	6000	5000	1	1	1	1	1	1
8	24	1	5	1000	138020	138020.011	138	969.902	1	4	5	2	3	14523	0	1000	1032	364	0	1	4	5	2	3	1368	1648	1878	2104	2258	6000	5000	1	1	1	1	1	1
8	25	1	5	1000	143020	143020.012	143	967.987	1	3	2	5	4	13254	0	1000	1214	368	0	1	3	2	5	4	1372	1668	1926	2194	2400	6000	5000	1	1	1	1	1	1
8	26	1	5	1000	148020	148020.002	148	967.965	1	4	5	2	3	14523	0	1000	1096	410	0	1	4	5	2	3	1414	1806	2044	2240	2370	6000	5000	1	1	1	1	1	1
8	27	1	5	1000	153020	153020.011	153	966	1	4	5	2	3	14523	0	1000	1070	350	0	1	4	5	2	3	1354	1708	1960	2186	2322	6000	5000	1	1	1	1	1	1
8	28	1	5	1000	158020	158020.014	158	964.003	3	2	4	5	1	32451	0	1000	1134	434	0	3	2	4	5	1	1438	1670	1952	2154	2340	6000	5000	1	1	1	1	1	1
8	29	0	5	1000	163020	163020.027	163	962.025	1	4	5	2	3	14523	0	1000	1096	332	0	1	4	5	2	3	1336	1658	1924	2158	2292	6000	5000	1	1	1	1	1	1
8	30	0	5	1000	168020	168020.011	168	959.98	3	5	1	2	4	35124	0	1000	984	392	0	3	5	1	2	4	1396	1654	1874	2052	2218	6000	5000	1	1	1	1	1	1
8	31	0	5	1000	173020	173020.055	173	958.045	3	5	1	2	4	35124	0	1000	954	262	0	3	5	1	2	4	1266	1508	1724	1890	2060	6000	5000	1	1	1	1	1	1
8	32	0	5	1000	178020	178020.027	178	956	3	2	4	5	1	32451	0	1000	1036	426	0	3	2	4	5	1	1430	1656	1896	2040	2222	6000	5000	1	1	1	1	1	1
8	33	0	5	1000	183020	183020.036	183	956.021	1	4	5	2	3	14523	0	1000	1276	396	0	1	4	5	2	3	1400	1768	2026	2354	2518	6000	5000	1	1	1	1	1	1
8	34	1	5	1000	188020	188020.002	188	953.987	3	5	1	2	4	35124	0	16000	1190	488	0	3	5	1	2	4	1492	1776	2054	2290	2534	6000	5000	1	1	1	1	1	1
8	35	1	5	1000	208020	208020.015	208	946.003	3	5	1	2	4	35124	0	1000	962	404	0	3	5	1	2	4	1408	1652	1874	2018	2184	6000	5000	1	1	1	1	1	1
8	36	0	5	1000	213020	213020.026	213	944.011	1	3	2	5	4	13254	0	1000	1104	346	0	1	3	2	5	4	1350	1604	1824	2056	2230	6000	5000	1	1	1	1	1	1
8	37	1	5	1000	218020	218020.003	218	944.007	3	5	1	2	4	35124	0	1000	882	490	0	3	5	1	2	4	1494	1724	1918	2056	2218	6000	5000	1	1	1	1	1	1
8	38	0	5	1000	223020	223020.003	223	941.999	3	2	4	5	1	32451	0	1000	1066	404	0	3	2	4	5	1	1408	1612	1852	2002	2170	6000	5000	1	1	1	1	1	1
8	39	0	5	1000	228020	228020.015	228	940.014	3	2	4	5	1	32451	0	1000	922	354	0	3	2	4	5	1	1358	1494	1694	1828	1972	6000	5000	1	1	1	1	1	1
8	40	0	5	1000	233020	233020.015	233	938.002	3	5	1	2	4	35124	0	1000	840	346	0	3	5	1	2	4	1350	1552	1732	1880	2026	6000	5000	1	1	1	1	1	1
8	41	1	5	1000	238020	238020	238	935.981	3	5	1	2	4	35124	0	1000	744	368	0	3	5	1	2	4	1372	1534	1676	1808	1954	6000	5000	1	1	1	1	1	1
8	42	0	5	1000	243020	243020.016	243	934.013	1	4	5	2	3	14523	0	1000	1012	406	0	1	4	5	2	3	1410	1742	1972	2174	2306	6000	5000	1	1	1	1	1	1
8	43	0	5	1000	248020	248020.005	248	932.007	3	2	4	5	1	32451	0	1000	930	402	0	3	2	4	5	1	1406	1554	1772	1910	2080	6000	5000	1	1	1	1	1	1
8	44	1	5	1000	253020	253020.005	253	932.005	3	2	4	5	1	32451	0	1000	858	406	0	3	2	4	5	1	1410	1578	1800	1914	2064	6000	5000	1	1	1	1	1	1
8	45	0	5	1000	258020	258020.001	258	930	1	3	2	5	4	13254	0	1000	854	486	0	1	3	2	5	4	1490	1652	1804	2004	2154	6000	5000	1	1	1	1	1	1
8	46	0	5	1000	263020	263022.008	263	929.982	1	3	2	5	4	13254	0	1000	870	470	0	1	3	2	5	4	1474	1654	1844	1996	2142	6000	5000	1	1	1	1	1	1
8	47	1	5	1000	268020	268020.013	268	926.01	1	4	5	2	3	14523	0	1000	854	462	0	1	4	5	2	3	1466	1698	1886	2082	2180	6000	5000	1	1	1	1	1	1
8	48	0	5	1000	273020	273020.001	273	923.975	1	4	5	2	3	14523	0	1000	1018	414	0	1	4	5	2	3	1418	1738	1932	2132	2272	6000	5000	1	1	1	1	1	1
8	49	0	5	1000	278020	278021.981	278	923.947	1	3	2	5	4	13254	0	1000	962	394	0	1	3	2	5	4	1398	1654	1850	2012	2140	6000	5000	1	1	1	1	1	1
8	50	1	5	1000	283020	283020.005	283	919.992	1	3	2	5	4	13254	0	1000	1118	300	0	1	3	2	5	4	1304	1552	1828	2042	2212	6000	5000	1	1	1	1	1	1
8	51	0	5	1000	288020	288020.012	288	918.01	3	5	1	2	4	35124	0	16000	820	312	0	3	5	1	2	4	1316	1502	1688	1816	1982	6000	5000	1	1	1	1	1	1
8	52	0	5	1000	308020	308020	308	911.999	3	5	1	2	4	35124	0	1000	866	450	0	3	5	1	2	4	1454	1664	1846	1992	2142	6000	5000	1	1	1	1	1	1
8	53	1	5	1000	313020	313020.003	313	909.978	1	4	5	2	3	14523	0	1000	954	372	0	1	4	5	2	3	1376	1624	1830	2060	2200	6000	5000	1	1	1	1	1	1
8	54	0	5	1000	318020	318020	318	907.997	1	3	2	5	4	13254	0	1000	908	392	0	1	3	2	5	4	1396	1586	1772	1936	2094	6000	5000	1	1	1	1	1	1
8	55	0	5	1000	323020	323020.007	323	906.002	3	2	4	5	1	32451	0	1000	1018	370	0	3	2	4	5	1	1374	1516	1764	1892	2030	6000	5000	1	1	1	1	1	1
8	56	1	5	1000	328020	328021.981	328	907.979	3	5	1	2	4	35124	0	1000	806	460	0	3	5	1	2	4	1464	1636	1828	1946	2122	6000	5000	1	1	1	1	1	1
8	57	0	5	1000	333020	333020.008	333	903.995	3	5	1	2	4	35124	0	1000	732	370	0	3	5	1	2	4	1374	1550	1622	1786	1954	6000	5000	1	1	1	1	1	1
8	58	1	5	1000	338020	338020.279	338	902.278	1	3	2	5	4	13254	0	1000	1004	422	0	1	3	2	5	4	1426	1720	1956	2088	2238	6000	5000	1	1	1	1	1	1
8	59	1	5	1000	343020	343020.016	343	900.016	3	5	1	2	4	35124	0	1000	832	378	0	3	5	1	2	4	1382	1570	1666	1836	1998	6000	5000	1	1	1	1	1	1
8	60	1	5	1000	348020	348020.001	348	897.994	1	3	2	5	4	13254	0	1000	922	406	0	1	3	2	5	4	1410	1646	1836	1994	2140	6000	5000	1	1	1	1	1	1
8	61	0	5	1000	353020	353020	353	896.008	1	4	5	2	3	14523	0	1000	1034	460	0	1	4	5	2	3	1464	1770	1996	2224	2338	6000	5000	1	1	1	1	1	1
8	62	1	5	1000	358020	358020.013	358	894.009	1	3	2	5	4	13254	0	1000	982	430	0	1	3	2	5	4	1434	1708	1906	2050	2196	6000	5000	1	1	1	1	1	1
8	63	1	5	1000	363020	363020	363	894	1	3	2	5	4	13254	0	1000	922	378	0	1	3	2	5	4	1382	1604	1800	1942	2088	6000	5000	1	1	1	1	1	1
8	64	0	5	1000	368020	368020.012	368	892.007	1	3	2	5	4	13254	0	1000	936	372	0	1	3	2	5	4	1376	1602	1816	1986	2098	6000	5000	1	1	1	1	1	1
8	65	0	5	1000	373020	373020.002	373	890	1	4	5	2	3	14523	0	1000	1184	410	0	1	4	5	2	3	1414	1774	2062	2346	2454	6000	5000	1	1	1	1	1	1
8	66	1	5	1000	378020	378020	378	887.998	1	4	5	2	3	14523	0	1000	1008	480	0	1	4	5	2	3	1484	1812	2012	2230	2346	6000	5000	1	1	1	1	1	1
8	67	1	5	1000	383020	383020.014	383	886.012	3	5	1	2	4	35124	0	1000	786	374	0	3	5	1	2	4	1378	1542	1726	1822	1984	6000	5000	1	1	1	1	1	1
8	68	1	5	1000	388020	388020.019	388	884.034	3	5	1	2	4	35124	0	16000	784	370	0	3	5	1	2	4	1374	1558	1714	1828	1984	6000	5000	1	1	1	1	1	1