BN	TN	seqType	Horizon	PrepTime	startTime	startTimeReal	startTRReal	startTRtime	press0	press1	press2	press3	press4	cueP	complete	iti	MT	RT	isError	response0	response1	response2	response3	response4	pressTime0	pressTime1	pressTime2	pressTime3	pressTime4	timeThreshold	timeThresholdSuper	points	Gain1	Gain2	Gain3	Gain4	Gain5
1	1	1	5	1000	8020	8020	9	16.012	1	3	2	5	4	13254	0	1000	1214	552	0	1	3	2	5	4	1556	1880	2182	2402	2648	6000	5000	1	1	1	1	1	1
1	2	0	5	1000	13020	13021.989	14	15.963	1	3	2	5	4	13254	0	1000	1228	726	0	1	3	2	5	4	1730	2030	2422	2612	2818	6000	5000	1	1	1	1	1	1
1	3	0	5	1000	18020	18021.969	19	14.003	1	4	5	2	3	14523	0	1000	1168	332	0	1	4	5	2	3	1336	1612	1834	2180	2378	6000	5000	1	1	1	1	1	1
1	4	0	5	1000	23020	23021.97	24	11.968	1	3	2	5	4	13254	0	1000	938	300	0	1	3	2	5	4	1304	1524	1758	1922	2118	6000	5000	1	1	1	1	1	1
1	5	1	5	1000	28020	28021.989	29	9.99	1	4	5	2	3	14523	0	1000	1106	334	0	1	4	5	2	3	1338	1602	1840	2072	2334	6000	5000	1	1	1	1	1	1
1	6	0	5	1000	33020	33021.988	34	8	3	5	1	2	4	35124	0	1000	1028	286	0	3	5	1	2	4	1290	1476	1686	1954	2178	6000	5000	1	1	1	1	1	1
1	7	1	5	1000	38020	38020.016	39	4.015	1	4	5	2	3	14523	0	1000	1094	272	0	1	4	5	2	3	1276	1546	1766	2020	2262	6000	5000	1	1	1	1	1	1
1	8	1	5	1000	43020	43022.006	44	5.993	3	2	4	5	1	32451	0	1000	1088	252	0	3	2	4	5	1	1256	1500	1738	1964	2158	6000	5000	1	1	1	1	1	1
1	9	1	5	1000	48020	48021.988	49	3.997	3	5	1	2	4	35124	0	1000	1146	344	0	3	5	1	2	4	1348	1568	1780	2056	2290	6000	5000	1	1	1	1	1	1
1	10	1	5	1000	53020	53022.003	54	2.015	3	5	1	2	4	35124	0	1000	1074	350	0	3	5	1	2	4	1354	1582	1788	2056	2290	6000	5000	1	1	1	1	1	1
1	11	0	5	1000	58020	58021.989	59	0	1	4	5	2	3	14523	0	1000	1136	342	0	1	4	5	2	3	1346	1670	1932	2150	2370	6000	5000	1	1	1	1	1	1
1	12	1	5	1000	63020	63020.001	63	996.013	1	3	2	5	4	13254	0	1000	1078	314	0	1	3	2	5	4	1318	1588	1802	2046	2266	6000	5000	1	1	1	1	1	1
1	13	1	5	1000	68020	68020.001	68	996.012	3	5	1	2	4	35124	0	1000	1106	264	0	3	5	1	2	4	1268	1470	1710	1986	2188	6000	5000	1	1	1	1	1	1
1	14	1	5	1000	73020	73020.001	73	994.002	1	3	2	5	4	13254	0	1000	1050	296	0	1	3	2	5	4	1300	1548	1772	1980	2214	6000	5000	1	1	1	1	1	1
1	15	0	5	1000	78020	78020.016	78	992.017	3	2	4	5	1	32451	0	1000	1152	306	0	3	2	4	5	1	1310	1568	1786	2010	2262	6000	5000	1	1	1	1	1	1
1	16	1	5	1000	83020	83022	83	994.009	3	2	4	5	1	32451	0	1000	1146	372	0	3	2	4	5	1	1376	1610	1852	2066	2312	6000	5000	1	1	1	1	1	1
1	17	1	5	1000	88020	88021.989	88	990.002	3	2	4	5	1	32451	0	16000	1096	404	0	3	2	4	5	1	1408	1652	1856	2090	2316	6000	5000	1	1	1	1	1	1
1	18	1	5	1000	108020	108022.02	108	984.03	3	2	4	5	1	32451	0	1000	1124	366	0	3	2	4	5	1	1370	1616	1860	2092	2318	6000	5000	1	1	1	1	1	1
1	19	0	5	1000	113020	113022.005	113	982.035	3	5	1	2	4	35124	0	1000	1042	322	0	3	5	1	2	4	1326	1524	1748	1998	2210	6000	5000	1	1	1	1	1	1
1	20	0	5	1000	118020	118021.988	118	979.968	3	5	1	2	4	35124	0	1000	986	272	0	3	5	1	2	4	1276	1478	1688	1946	2130	6000	5000	1	1	1	1	1	1
1	21	0	5	1000	123020	123021.989	123	977.989	1	3	2	5	4	13254	0	1000	1108	264	0	1	3	2	5	4	1268	1528	1838	2024	2244	6000	5000	1	1	1	1	1	1
1	22	1	5	1000	128020	128022.001	128	976.012	1	3	2	5	4	13254	0	1000	1040	284	0	1	3	2	5	4	1288	1526	1768	1964	2206	6000	5000	1	1	1	1	1	1
1	23	0	5	1000	133020	133020.012	133	974.012	1	4	5	2	3	14523	0	1000	974	322	0	1	4	5	2	3	1326	1578	1756	2002	2190	6000	5000	1	1	1	1	1	1
1	24	0	5	1000	138020	138020	138	972.011	3	2	4	5	1	32451	0	1000	1114	316	0	3	2	4	5	1	1320	1554	1792	2034	2264	6000	5000	1	1	1	1	1	1
1	25	0	5	1000	143020	143021.99	143	971.991	1	4	5	2	3	14523	0	1000	1020	322	0	1	4	5	2	3	1326	1588	1784	2042	2252	6000	5000	1	1	1	1	1	1
1	26	1	5	1000	148020	148020.019	148	968.016	3	2	4	5	1	32451	0	1000	1116	300	0	3	2	4	5	1	1304	1534	1768	1996	2216	6000	5000	1	1	1	1	1	1
1	27	0	5	1000	153020	153021.971	153	967.981	1	3	2	5	4	13254	0	1000	1094	288	0	1	3	2	5	4	1292	1532	1776	2062	2248	6000	5000	1	1	1	1	1	1
1	28	1	5	1000	158020	158021.989	158	965.971	3	5	1	2	4	35124	0	1000	1042	420	0	3	5	1	2	4	1424	1648	1850	2104	2338	6000	5000	1	1	1	1	1	1
1	29	0	5	1000	163020	163022.012	163	964.042	3	5	1	2	4	35124	0	1000	1050	300	0	3	5	1	2	4	1304	1532	1724	1982	2196	6000	5000	1	1	1	1	1	1
1	30	1	5	1000	168020	168020.007	168	962.007	1	3	2	5	4	13254	0	1000	928	602	0	1	3	2	5	4	1606	1826	2040	2224	2404	6000	5000	1	1	1	1	1	1
1	31	1	5	1000	173020	173021.981	173	961.993	3	2	4	5	1	32451	0	1000	896	340	0	3	2	4	5	1	1344	1534	1716	1890	2036	6000	5000	1	1	1	1	1	1
1	32	0	5	1000	178020	178022	178	960.007	1	4	5	2	3	14523	0	1000	1826	360	1	1	5	5	2	3	1364	1802	2598	2852	3068	6000	5000	0	1	1	1	1	1
1	33	0	5	1000	183020	183022	183	960.03	1	4	5	2	3	14523	0	1000	1046	340	0	1	4	5	2	3	1344	1588	1820	2048	2260	6000	5000	1	1	1	1	1	1
1	34	1	5	1000	188020	188020	188	954.009	3	5	1	2	4	35124	0	16000	1118	322	0	3	5	1	2	4	1326	1546	1768	2030	2262	6000	5000	1	1	1	1	1	1
1	35	1	5	1000	208020	208021.989	208	950.002	3	5	1	2	4	35124	0	1000	1072	352	0	3	5	1	2	4	1356	1576	1798	2058	2268	6000	5000	1	1	1	1	1	1
1	36	1	5	1000	213020	213022.008	213	948	1	4	5	2	3	14523	0	1000	1076	384	0	1	4	5	2	3	1388	1636	1876	2134	2356	6000	5000	1	1	1	1	1	1
1	37	0	5	1000	218020	218022	218	945.975	1	4	5	2	3	14523	0	1000	1050	326	0	1	4	5	2	3	1330	1558	1800	2044	2256	6000	5000	1	1	1	1	1	1
1	38	0	5	1000	223020	223022.005	223	944.015	3	5	1	2	4	35124	0	1000	1106	234	0	3	5	1	2	4	1238	1480	1722	1964	2194	6000	5000	1	1	1	1	1	1
1	39	1	5	1000	228020	228020.001	228	940.012	3	5	1	2	4	35124	0	1000	1048	322	0	3	5	1	2	4	1326	1536	1744	1994	2214	6000	5000	1	1	1	1	1	1
1	40	0	5	1000	233020	233021.99	233	942	1	3	2	5	4	13254	0	1000	1072	296	0	1	3	2	5	4	1300	1554	1794	2026	2240	6000	5000	1	1	1	1	1	1
1	41	0	5	1000	238020	238020.007	238	938.007	1	3	2	5	4	13254	0	1000	870	300	0	1	3	2	5	4	1304	1522	1726	1892	2034	6000	5000	1	1	1	1	1	1
1	42	0	5	1000	243020	243022.008	243	938.008	3	5	1	2	4	35124	0	1000	874	336	0	3	5	1	2	4	1340	1526	1718	1942	2086	6000	5000	1	1	1	1	1	1
1	43	0	5	1000	248020	248020.004	248	934.015	1	4	5	2	3	14523	0	1000	1004	322	0	1	4	5	2	3	1326	1568	1792	2026	2272	6000	5000	1	1	1	1	1	1
1	44	1	5	1000	253020	253021.987	253	933.975	1	4	5	2	3	14523	0	1000	1012	350	0	1	4	5	2	3	1354	1592	1798	2042	2256	6000	5000	1	1	1	1	1	1
1	45	1	5	1000	258020	258021.976	258	931.986	1	4	5	2	3	14523	0	1000	1044	294	0	1	4	5	2	3	1298	1534	1754	1998	2220	6000	5000	1	1	1	1	1	1
1	46	1	5	1000	263020	263021.972	263	931.994	3	5	1	2	4	35124	0	1000	1052	440	0	3	5	1	2	4	1444	1662	1890	2136	2344	6000	5000	1	1	1	1	1	1
1	47	0	5	1000	268020	268021.973	268	930	3	2	4	5	1	32451	0	1000	1084	288	0	3	2	4	5	1	1292	1506	1764	1990	2196	6000	5000	1	1	1	1	1	1
1	48	0	5	1000	273020	273021.974	273	927.969	3	2	4	5	1	32451	0	1000	1088	354	0	3	2	4	5	1	1358	1592	1868	2110	2302	6000	5000	1	1	1	1	1	1
1	49	1	5	1000	278020	278021.973	278	925.997	3	5	1	2	4	35124	0	1000	1016	280	0	3	5	1	2	4	1284	1488	1686	1930	2152	6000	5000	1	1	1	1	1	1
1	50	1	5	1000	283020	283021.986	283	924.006	3	2	4	5	1	32451	0	1000	1114	276	0	3	2	4	5	1	1280	1500	1760	1982	2166	6000	5000	1	1	1	1	1	1
1	51	1	5	1000	288020	288021.972	288	921.995	1	4	5	2	3	14523	0	16000	1054	260	0	1	4	5	2	3	1264	1508	1758	1996	2210	6000	5000	1	1	1	1	1	1
1	52	1	5	1000	308020	308021.978	308	915.99	1	4	5	2	3	14523	0	1000	1070	370	0	1	4	5	2	3	1374	1618	1858	2110	2330	6000	5000	1	1	1	1	1	1
1	53	0	5	1000	313020	313021.972	313	913.978	3	2	4	5	1	32451	0	1000	1148	478	0	3	2	4	5	1	1482	1722	1954	2174	2410	6000	5000	1	1	1	1	1	1
1	54	0	5	1000	318020	318021.974	318	911.968	3	5	1	2	4	35124	0	1000	1100	442	0	3	5	1	2	4	1446	1692	1912	2148	2380	6000	5000	1	1	1	1	1	1
1	55	0	5	1000	323020	323021.972	323	910	3	2	4	5	1	32451	0	1000	1124	336	0	3	2	4	5	1	1340	1572	1806	2022	2256	6000	5000	1	1	1	1	1	1
1	56	1	5	1000	328020	328021.98	328	909.995	1	3	2	5	4	13254	0	1000	1014	310	0	1	3	2	5	4	1314	1552	1774	1992	2226	6000	5000	1	1	1	1	1	1
1	57	0	5	1000	333020	333021.973	333	908.002	3	5	1	2	4	35124	0	1000	958	328	0	3	5	1	2	4	1332	1522	1728	1960	2166	6000	5000	1	1	1	1	1	1
1	58	1	5	1000	338020	338021.975	338	905.997	3	2	4	5	1	32451	0	1000	1544	298	1	3	2	4	1	1	1302	1508	1722	2146	2636	6000	5000	0	1	1	1	1	1
1	59	0	5	1000	343020	343021.979	343	903.991	3	2	4	5	1	32451	0	1000	1194	462	0	3	2	4	5	1	1466	1712	1940	2182	2434	6000	5000	1	1	1	1	1	1
1	60	0	5	1000	348020	348021.972	348	901.996	1	3	2	5	4	13254	0	1000	1116	298	0	1	3	2	5	4	1302	1562	1810	2032	2266	6000	5000	1	1	1	1	1	1
1	61	0	5	1000	353020	353021.978	353	900.006	3	2	4	5	1	32451	0	1000	1162	376	0	3	2	4	5	1	1380	1710	1920	2146	2354	6000	5000	1	1	1	1	1	1
1	62	1	5	1000	358020	358021.97	358	897.995	1	4	5	2	3	14523	0	1000	1052	290	0	1	4	5	2	3	1294	1526	1778	2024	2228	6000	5000	1	1	1	1	1	1
1	63	1	5	1000	363020	363021.988	363	898.001	1	3	2	5	4	13254	0	1000	1074	218	0	1	3	2	5	4	1222	1462	1708	1926	2168	6000	5000	1	1	1	1	1	1
1	64	1	5	1000	368020	368021.99	368	896	1	3	2	5	4	13254	0	1000	1094	252	0	1	3	2	5	4	1256	1506	1756	1968	2226	6000	5000	1	1	1	1	1	1
1	65	1	5	1000	373020	373020.011	373	892.022	1	4	5	2	3	14523	0	1000	1074	226	0	1	4	5	2	3	1230	1488	1712	1976	2166	6000	5000	1	1	1	1	1	1
1	66	0	5	1000	378020	378020.004	378	889.989	1	3	2	5	4	13254	0	1000	1046	294	0	1	3	2	5	4	1298	1544	1800	1992	2232	6000	5000	1	1	1	1	1	1
1	67	1	5	1000	383020	383020.01	383	888.005	3	2	4	5	1	32451	0	1000	1098	334	0	3	2	4	5	1	1338	1554	1796	2026	2230	6000	5000	1	1	1	1	1	1
1	68	1	5	1000	388020	388021.99	388	887.999	1	3	2	5	4	13254	0	16000	1060	398	0	1	3	2	5	4	1402	1648	1902	2100	2336	6000	5000	1	1	1	1	1	1
2	1	0	5	1000	8020	8021.985	9	17.999	1	3	2	5	4	13254	0	1000	1140	388	0	1	3	2	5	4	1392	1700	1966	2158	2394	6000	5000	1	1	1	1	1	1
2	2	1	5	1000	13020	13021.985	14	15.997	3	5	1	2	4	35124	0	1000	986	360	0	3	5	1	2	4	1364	1560	1758	1986	2198	6000	5000	1	1	1	1	1	1
2	3	0	5	1000	18020	18021.995	19	14.012	1	3	2	5	4	13254	0	1000	962	378	0	1	3	2	5	4	1382	1622	1838	2014	2234	6000	5000	1	1	1	1	1	1
2	4	1	5	1000	23020	23021.984	24	11.998	1	3	2	5	4	13254	0	1000	956	340	0	1	3	2	5	4	1344	1558	1770	1960	2176	6000	5000	1	1	1	1	1	1
2	5	0	5	1000	28020	28021.963	29	11.975	3	5	1	2	4	35124	0	1000	1012	248	0	3	5	1	2	4	1252	1444	1668	1888	2112	6000	5000	1	1	1	1	1	1
2	6	0	5	1000	33020	33021.985	34	8.002	1	3	2	5	4	13254	0	1000	994	438	0	1	3	2	5	4	1442	1672	1906	2098	2336	6000	5000	1	1	1	1	1	1
2	7	1	5	1000	38020	38021.984	39	6.001	1	4	5	2	3	14523	0	1000	1032	270	0	1	4	5	2	3	1274	1496	1728	1974	2184	6000	5000	1	1	1	1	1	1
2	8	0	5	1000	43020	43021.981	44	3.985	3	5	1	2	4	35124	0	1000	1010	332	0	3	5	1	2	4	1336	1534	1754	1992	2200	6000	5000	1	1	1	1	1	1
2	9	1	5	1000	48020	48021.964	49	3.992	3	2	4	5	1	32451	0	1000	932	270	0	3	2	4	5	1	1274	1484	1716	1918	2128	6000	5000	1	1	1	1	1	1
2	10	1	5	1000	53020	53021.985	54	1.992	1	3	2	5	4	13254	0	1000	998	282	0	1	3	2	5	4	1286	1518	1734	1934	2140	6000	5000	1	1	1	1	1	1
2	11	0	5	1000	58020	58021.996	59	0	1	4	5	2	3	14523	0	1000	1158	358	0	1	4	5	2	3	1362	1614	2002	2228	2400	6000	5000	1	1	1	1	1	1
2	12	1	5	1000	63020	63021.985	63	998.001	1	4	5	2	3	14523	0	1000	980	330	0	1	4	5	2	3	1334	1552	1760	2006	2208	6000	5000	1	1	1	1	1	1
2	13	1	5	1000	68020	68021.985	68	995.992	1	3	2	5	4	13254	0	1000	1004	356	0	1	3	2	5	4	1360	1578	1808	1990	2200	6000	5000	1	1	1	1	1	1
2	14	1	5	1000	73020	73021.964	73	995.979	3	5	1	2	4	35124	0	1000	956	300	0	3	5	1	2	4	1304	1468	1688	1916	2114	6000	5000	1	1	1	1	1	1
2	15	1	5	1000	78020	78021.986	78	993.99	3	5	1	2	4	35124	0	1000	982	362	0	3	5	1	2	4	1366	1558	1778	2024	2204	6000	5000	1	1	1	1	1	1
2	16	1	5	1000	83020	83021.984	83	991.982	1	3	2	5	4	13254	0	1000	940	344	0	1	3	2	5	4	1348	1576	1794	1982	2168	6000	5000	1	1	1	1	1	1
2	17	0	5	1000	88020	88021.985	88	989.997	3	2	4	5	1	32451	0	16000	1016	400	0	3	2	4	5	1	1404	1602	1822	2028	2216	6000	5000	1	1	1	1	1	1
2	18	0	5	1000	108020	108021.996	108	982.008	3	2	4	5	1	32451	0	1000	986	406	0	3	2	4	5	1	1410	1608	1820	2018	2216	6000	5000	1	1	1	1	1	1
2	19	0	5	1000	113020	113021.994	113	981.997	3	5	1	2	4	35124	0	1000	1000	382	0	3	5	1	2	4	1386	1580	1794	2028	2238	6000	5000	1	1	1	1	1	1
2	20	0	5	1000	118020	118021.985	118	979.989	3	2	4	5	1	32451	0	1000	994	444	0	3	2	4	5	1	1448	1666	1898	2096	2294	6000	5000	1	1	1	1	1	1
2	21	1	5	1000	123020	123021.978	123	977.994	1	3	2	5	4	13254	0	1000	970	328	0	1	3	2	5	4	1332	1578	1790	1966	2180	6000	5000	1	1	1	1	1	1
2	22	1	5	1000	128020	128022.01	128	975.987	1	3	2	5	4	13254	0	1000	988	278	0	1	3	2	5	4	1282	1502	1734	1934	2140	6000	5000	1	1	1	1	1	1
2	23	1	5	1000	133020	133020.023	133	971.981	1	4	5	2	3	14523	0	1000	994	314	0	1	4	5	2	3	1318	1528	1768	1990	2190	6000	5000	1	1	1	1	1	1
2	24	0	5	1000	138020	138021.998	138	972.014	1	4	5	2	3	14523	0	1000	1014	354	0	1	4	5	2	3	1358	1588	1804	2042	2262	6000	5000	1	1	1	1	1	1
2	25	0	5	1000	143020	143021.985	143	969.993	1	4	5	2	3	14523	0	1000	1450	332	0	1	4	5	2	3	1336	1544	1758	2332	2580	6000	5000	1	1	1	1	1	1
2	26	1	5	1000	148020	148021.994	148	969.998	1	3	2	5	4	13254	0	1000	1038	352	0	1	3	2	5	4	1356	1590	1820	2034	2230	6000	5000	1	1	1	1	1	1
2	27	1	5	1000	153020	153022.004	153	968.021	3	2	4	5	1	32451	0	1000	1102	284	0	3	2	4	5	1	1288	1502	1732	1980	2192	6000	5000	1	1	1	1	1	1
2	28	0	5	1000	158020	158021.984	158	965.988	3	2	4	5	1	32451	0	1000	1038	342	0	3	2	4	5	1	1346	1540	1786	2028	2220	6000	5000	1	1	1	1	1	1
2	29	0	5	1000	163020	163021.996	163	963.998	3	2	4	5	1	32451	0	1000	1034	372	0	3	2	4	5	1	1376	1570	1822	2068	2254	6000	5000	1	1	1	1	1	1
2	30	1	5	1000	168020	168020.005	168	960.02	1	4	5	2	3	14523	0	1000	1036	292	0	1	4	5	2	3	1296	1510	1770	1998	2224	6000	5000	1	1	1	1	1	1
2	31	0	5	1000	173020	173021.995	173	960.013	1	3	2	5	4	13254	0	1000	1018	310	0	1	3	2	5	4	1314	1548	1796	1986	2194	6000	5000	1	1	1	1	1	1
2	32	0	5	1000	178020	178021.965	178	957.981	1	3	2	5	4	13254	0	1000	1052	306	0	1	3	2	5	4	1310	1540	1776	2018	2222	6000	5000	1	1	1	1	1	1
2	33	0	5	1000	183020	183020.022	183	956.039	3	5	1	2	4	35124	0	1000	1026	278	0	3	5	1	2	4	1282	1490	1714	1956	2168	6000	5000	1	1	1	1	1	1
2	34	1	5	1000	188020	188021.962	188	955.968	3	5	1	2	4	35124	0	16000	934	286	0	3	5	1	2	4	1290	1482	1684	1904	2102	6000	5000	1	1	1	1	1	1
2	35	1	5	1000	208020	208021.984	208	947.978	3	5	1	2	4	35124	0	1000	1064	320	0	3	5	1	2	4	1324	1548	1776	2020	2258	6000	5000	1	1	1	1	1	1
2	36	0	5	1000	213020	213020	213	944.008	1	4	5	2	3	14523	0	1000	1120	446	0	1	4	5	2	3	1450	1728	1982	2248	2468	6000	5000	1	1	1	1	1	1
2	37	0	5	1000	218020	218021.996	218	946.012	3	2	4	5	1	32451	0	1000	1142	320	0	3	2	4	5	1	1324	1554	1800	2042	2226	6000	5000	1	1	1	1	1	1
2	38	0	5	1000	223020	223021.994	223	944.009	1	3	2	5	4	13254	0	1000	1070	386	0	1	3	2	5	4	1390	1622	1858	2066	2300	6000	5000	1	1	1	1	1	1
2	39	0	5	1000	228020	228021.973	228	941.988	1	4	5	2	3	14523	0	1000	1106	360	0	1	4	5	2	3	1364	1668	1912	2176	2364	6000	5000	1	1	1	1	1	1
2	40	1	5	1000	233020	233021.965	233	939.995	3	2	4	5	1	32451	0	1000	994	316	0	3	2	4	5	1	1320	1514	1738	1946	2128	6000	5000	1	1	1	1	1	1
2	41	0	5	1000	238020	238021.965	238	937.995	3	5	1	2	4	35124	0	1000	980	250	0	3	5	1	2	4	1254	1434	1660	1874	2068	6000	5000	1	1	1	1	1	1
2	42	1	5	1000	243020	243021.974	243	936.003	1	4	5	2	3	14523	0	1000	1300	398	0	1	4	5	2	3	1402	1620	1830	2064	2534	6000	5000	1	1	1	1	1	1
2	43	1	5	1000	248020	248021.981	248	935.995	1	4	5	2	3	14523	0	1000	992	328	0	1	4	5	2	3	1332	1548	1760	1988	2190	6000	5000	1	1	1	1	1	1
2	44	1	5	1000	253020	253021.968	253	933.994	3	2	4	5	1	32451	0	1000	1024	334	0	3	2	4	5	1	1338	1538	1764	1996	2196	6000	5000	1	1	1	1	1	1
2	45	1	5	1000	258020	258021.966	258	932	3	5	1	2	4	35124	0	1000	988	332	0	3	5	1	2	4	1336	1540	1766	1990	2192	6000	5000	1	1	1	1	1	1
2	46	0	5	1000	263020	263021.975	263	930.003	3	2	4	5	1	32451	0	1000	1148	338	0	3	2	4	5	1	1342	1564	1942	2122	2306	6000	5000	1	1	1	1	1	1
2	47	0	5	1000	268020	268021.968	268	928.002	1	4	5	2	3	14523	0	1000	998	332	0	1	4	5	2	3	1336	1558	1804	2076	2218	6000	5000	1	1	1	1	1	1
2	48	1	5	1000	273020	273021.984	273	926.016	3	5	1	2	4	35124	0	1000	902	288	0	3	5	1	2	4	1292	1454	1648	1858	2022	6000	5000	1	1	1	1	1	1
2	49	1	5	1000	278020	278021.981	278	924.003	1	4	5	2	3	14523	0	1000	1034	306	0	1	4	5	2	3	1310	1528	1750	1982	2200	6000	5000	1	1	1	1	1	1
2	50	1	5	1000	283020	283021.972	283	922.003	3	5	1	2	4	35124	0	1000	970	384	0	3	5	1	2	4	1388	1546	1748	1970	2204	6000	5000	1	1	1	1	1	1
2	51	1	5	1000	288020	288021.968	288	921.999	3	2	4	5	1	32451	0	16000	990	354	0	3	2	4	5	1	1358	1564	1790	2000	2178	6000	5000	1	1	1	1	1	1
2	52	1	5	1000	308020	308021.968	308	913.996	3	2	4	5	1	32451	0	1000	1010	320	0	3	2	4	5	1	1324	1532	1738	1936	2164	6000	5000	1	1	1	1	1	1
2	53	1	5	1000	313020	313021.969	313	912.002	3	2	4	5	1	32451	0	1000	978	392	0	3	2	4	5	1	1396	1594	1804	1996	2186	6000	5000	1	1	1	1	1	1
2	54	0	5	1000	318020	318021.966	318	910.001	1	4	5	2	3	14523	0	1000	950	362	0	1	4	5	2	3	1366	1602	1792	2050	2222	6000	5000	1	1	1	1	1	1
2	55	0	5	1000	323020	323021.97	323	909.981	3	5	1	2	4	35124	0	1000	996	378	0	3	5	1	2	4	1382	1570	1780	2002	2216	6000	5000	1	1	1	1	1	1
2	56	0	5	1000	328020	328021.971	328	907.981	3	5	1	2	4	35124	0	1000	950	328	0	3	5	1	2	4	1332	1514	1710	1928	2126	6000	5000	1	1	1	1	1	1
2	57	0	5	1000	333020	333021.975	333	906.005	1	4	5	2	3	14523	0	1000	960	394	0	1	4	5	2	3	1398	1624	1874	2082	2258	6000	5000	1	1	1	1	1	1
2	58	0	5	1000	338020	338021.968	338	903.996	1	3	2	5	4	13254	0	1000	2030	408	1	1	4	2	5	4	1412	1878	2764	3132	3316	6000	5000	0	1	1	1	1	1
2	59	1	5	1000	343020	343020.002	343	899.991	3	2	4	5	1	32451	0	1000	1008	314	0	3	2	4	5	1	1318	1496	1712	1936	2136	6000	5000	1	1	1	1	1	1
2	60	1	5	1000	348020	348021.968	348	900.002	1	4	5	2	3	14523	0	1000	1016	316	0	1	4	5	2	3	1320	1542	1768	2014	2210	6000	5000	1	1	1	1	1	1
2	61	0	5	1000	353020	353021.971	353	898.002	3	2	4	5	1	32451	0	1000	1058	350	0	3	2	4	5	1	1354	1538	1780	2006	2224	6000	5000	1	1	1	1	1	1
2	62	1	5	1000	358020	358021.976	358	898.004	3	2	4	5	1	32451	0	1000	974	280	0	3	2	4	5	1	1284	1482	1712	1902	2110	6000	5000	1	1	1	1	1	1
2	63	0	5	1000	363020	363021.971	363	895.999	1	3	2	5	4	13254	0	1000	1008	290	0	1	3	2	5	4	1294	1504	1748	1932	2144	6000	5000	1	1	1	1	1	1
2	64	0	5	1000	368020	368021.978	368	894.012	3	2	4	5	1	32451	0	1000	902	338	0	3	2	4	5	1	1342	1536	1798	1968	2128	6000	5000	1	1	1	1	1	1
2	65	1	5	1000	373020	373021.966	373	891.994	3	5	1	2	4	35124	0	1000	952	298	0	3	5	1	2	4	1302	1454	1704	1930	2116	6000	5000	1	1	1	1	1	1
2	66	0	5	1000	378020	378021.995	378	890.009	3	5	1	2	4	35124	0	1000	998	328	0	3	5	1	2	4	1332	1490	1718	1984	2162	6000	5000	1	1	1	1	1	1
2	67	1	5	1000	383020	383021.997	383	888.015	1	3	2	5	4	13254	0	1000	860	356	0	1	3	2	5	4	1360	1574	1776	1908	2080	6000	5000	1	1	1	1	1	1
2	68	0	5	1000	388020	388020.001	388	884.015	1	3	2	5	4	13254	0	16000	954	208	0	1	3	2	5	4	1212	1448	1680	1852	2016	6000	5000	1	1	1	1	1	1
3	1	0	5	1000	8020	8020.012	9	15.992	3	2	4	5	1	32451	0	1000	1088	382	0	3	2	4	5	1	1386	1608	1836	2052	2296	6000	5000	1	1	1	1	1	1
3	2	1	5	1000	13020	13020.01	14	14.02	1	4	5	2	3	14523	0	1000	990	314	0	1	4	5	2	3	1318	1520	1742	1980	2186	6000	5000	1	1	1	1	1	1
3	3	1	5	1000	18020	18020.01	19	11.998	3	2	4	5	1	32451	0	1000	962	268	0	3	2	4	5	1	1272	1474	1698	1914	2128	6000	5000	1	1	1	1	1	1
3	4	1	5	1000	23020	23020.02	24	10.022	3	2	4	5	1	32451	0	1000	1006	294	0	3	2	4	5	1	1298	1492	1756	1974	2188	6000	5000	1	1	1	1	1	1
3	5	1	5	1000	28020	28020	29	9.986	3	5	1	2	4	35124	0	1000	974	322	0	3	5	1	2	4	1326	1504	1736	1976	2182	6000	5000	1	1	1	1	1	1
3	6	0	5	1000	33020	33020.011	34	8.001	1	4	5	2	3	14523	0	1000	940	322	0	1	4	5	2	3	1326	1552	1736	1978	2142	6000	5000	1	1	1	1	1	1
3	7	1	5	1000	38020	38021.998	39	7.995	1	4	5	2	3	14523	0	1000	986	274	0	1	4	5	2	3	1278	1518	1700	1952	2148	6000	5000	1	1	1	1	1	1
3	8	1	5	1000	43020	43022	44	5.998	1	4	5	2	3	14523	0	1000	962	338	0	1	4	5	2	3	1342	1548	1746	1992	2196	6000	5000	1	1	1	1	1	1
3	9	1	5	1000	48020	48021.979	49	3.987	3	5	1	2	4	35124	0	1000	896	614	0	3	5	1	2	4	1618	1788	2038	2216	2370	6000	5000	1	1	1	1	1	1
3	10	1	5	1000	53020	53022.008	54	2.008	1	4	5	2	3	14523	0	1000	962	324	0	1	4	5	2	3	1328	1538	1724	1942	2170	6000	5000	1	1	1	1	1	1
3	11	0	5	1000	58020	58020.031	58	1000.031	1	3	2	5	4	13254	0	1000	954	266	0	1	3	2	5	4	1270	1472	1696	1894	2102	6000	5000	1	1	1	1	1	1
3	12	0	5	1000	63020	63020.013	63	997.978	1	4	5	2	3	14523	0	1000	874	240	0	1	4	5	2	3	1244	1450	1620	1842	2008	6000	5000	1	1	1	1	1	1
3	13	1	5	1000	68020	68020.01	68	996.031	3	2	4	5	1	32451	0	1000	886	232	0	3	2	4	5	1	1236	1418	1606	1776	1948	6000	5000	1	1	1	1	1	1
3	14	0	5	1000	73020	73020.013	73	994.035	3	5	1	2	4	35124	0	1000	982	422	0	3	5	1	2	4	1426	1642	1952	2142	2276	6000	5000	1	1	1	1	1	1
3	15	1	5	1000	78020	78020	78	992.003	1	4	5	2	3	14523	0	1000	1338	246	1	1	4	5	3	3	1250	1438	1594	1940	2446	6000	5000	0	1	1	1	1	1
3	16	0	5	1000	83020	83020.012	83	989.933	1	4	5	2	3	14523	0	1000	1028	318	0	1	4	5	2	3	1322	1550	1768	1986	2190	6000	5000	1	1	1	1	1	1
3	17	1	5	1000	88020	88020.02	88	988.02	1	3	2	5	4	13254	0	16000	960	328	0	1	3	2	5	4	1332	1586	1774	1966	2188	6000	5000	1	1	1	1	1	1
3	18	1	5	1000	108020	108021.999	108	984.001	1	3	2	5	4	13254	0	1000	880	388	0	1	3	2	5	4	1392	1604	1812	1988	2176	6000	5000	1	1	1	1	1	1
3	19	0	5	1000	113020	113021.999	113	981.999	1	4	5	2	3	14523	0	1000	916	264	0	1	4	5	2	3	1268	1504	1702	1920	2076	6000	5000	1	1	1	1	1	1
3	20	0	5	1000	118020	118020.008	118	978.006	1	3	2	5	4	13254	0	1000	982	304	0	1	3	2	5	4	1308	1524	1768	1960	2148	6000	5000	1	1	1	1	1	1
3	21	0	5	1000	123020	123022.014	123	978.004	3	2	4	5	1	32451	0	1000	980	398	0	3	2	4	5	1	1402	1608	1842	2028	2204	6000	5000	1	1	1	1	1	1
3	22	0	5	1000	128020	128020	128	975.988	1	4	5	2	3	14523	0	1000	932	306	0	1	4	5	2	3	1310	1520	1724	1938	2130	6000	5000	1	1	1	1	1	1
3	23	0	5	1000	133020	133020.012	133	974.012	3	5	1	2	4	35124	0	1000	1044	342	0	3	5	1	2	4	1346	1546	1764	1980	2244	6000	5000	1	1	1	1	1	1
3	24	1	5	1000	138020	138022	138	974.005	3	5	1	2	4	35124	0	1000	1044	494	0	3	5	1	2	4	1498	1686	1902	2144	2358	6000	5000	1	1	1	1	1	1
3	25	0	5	1000	143020	143020.002	143	970.003	1	3	2	5	4	13254	0	1000	1014	380	0	1	3	2	5	4	1384	1608	1862	2028	2246	6000	5000	1	1	1	1	1	1
3	26	1	5	1000	148020	148020.013	148	968	1	4	5	2	3	14523	0	1000	996	338	0	1	4	5	2	3	1342	1578	1790	2022	2228	6000	5000	1	1	1	1	1	1
3	27	0	5	1000	153020	153020	153	965.999	3	2	4	5	1	32451	0	1000	968	280	0	3	2	4	5	1	1284	1474	1714	1900	2106	6000	5000	1	1	1	1	1	1
3	28	1	5	1000	158020	158020.012	158	964.015	1	3	2	5	4	13254	0	1000	924	274	0	1	3	2	5	4	1278	1480	1714	1908	2116	6000	5000	1	1	1	1	1	1
3	29	1	5	1000	163020	163020	163	963.994	1	4	5	2	3	14523	0	1000	968	302	0	1	4	5	2	3	1306	1522	1728	1978	2172	6000	5000	1	1	1	1	1	1
3	30	0	5	1000	168020	168020.01	168	961.999	3	5	1	2	4	35124	0	1000	990	452	0	3	5	1	2	4	1456	1670	1918	2138	2336	6000	5000	1	1	1	1	1	1
3	31	0	5	1000	173020	173020	173	959.988	3	2	4	5	1	32451	0	1000	960	654	0	3	2	4	5	1	1658	1866	2088	2272	2484	6000	5000	1	1	1	1	1	1
3	32	0	5	1000	178020	178020.001	178	957.977	3	2	4	5	1	32451	0	1000	1298	470	0	3	2	4	5	1	1474	1700	1926	2112	2566	6000	5000	1	1	1	1	1	1
3	33	0	5	1000	183020	183020.046	183	956.046	1	3	2	5	4	13254	0	1000	1018	358	0	1	3	2	5	4	1362	1610	1850	2054	2264	6000	5000	1	1	1	1	1	1
3	34	1	5	1000	188020	188020	188	953.991	3	2	4	5	1	32451	0	16000	976	354	0	3	2	4	5	1	1358	1570	1830	2026	2208	6000	5000	1	1	1	1	1	1
3	35	1	5	1000	208020	208020.011	208	948.011	3	2	4	5	1	32451	0	1000	1074	388	0	3	2	4	5	1	1392	1596	1826	2098	2278	6000	5000	1	1	1	1	1	1
3	36	0	5	1000	213020	213020.012	213	946.002	1	3	2	5	4	13254	0	1000	1022	396	0	1	3	2	5	4	1400	1642	1878	2062	2276	6000	5000	1	1	1	1	1	1
3	37	1	5	1000	218020	218020.013	218	944.003	3	5	1	2	4	35124	0	1000	952	344	0	3	5	1	2	4	1348	1504	1734	2008	2098	6000	5000	1	1	1	1	1	1
3	38	1	5	1000	223020	223020.02	223	942.011	3	2	4	5	1	32451	0	1000	858	352	0	3	2	4	5	1	1356	1526	1732	1894	2086	6000	5000	1	1	1	1	1	1
3	39	1	5	1000	228020	228020.012	228	940.012	1	3	2	5	4	13254	0	1000	932	190	0	1	3	2	5	4	1194	1410	1630	1822	1996	6000	5000	1	1	1	1	1	1
3	40	0	5	1000	233020	233020	233	939.991	3	5	1	2	4	35124	0	1000	870	270	0	3	5	1	2	4	1274	1460	1668	1878	2052	6000	5000	1	1	1	1	1	1
3	41	1	5	1000	238020	238021.983	238	939.968	3	2	4	5	1	32451	0	1000	946	296	0	3	2	4	5	1	1300	1466	1700	1892	2082	6000	5000	1	1	1	1	1	1
3	42	1	5	1000	243020	243020.015	243	936	1	4	5	2	3	14523	0	1000	874	414	0	1	4	5	2	3	1418	1626	1808	2014	2194	6000	5000	1	1	1	1	1	1
3	43	1	5	1000	248020	248020.009	248	934.008	1	3	2	5	4	13254	0	1000	914	292	0	1	3	2	5	4	1296	1500	1722	1906	2096	6000	5000	1	1	1	1	1	1
3	44	0	5	1000	253020	253020.011	253	932.015	1	3	2	5	4	13254	0	1000	988	316	0	1	3	2	5	4	1320	1564	1798	1996	2180	6000	5000	1	1	1	1	1	1
3	45	0	5	1000	258020	258021.981	258	931.98	1	3	2	5	4	13254	0	1000	992	154	0	1	3	2	5	4	1158	1402	1632	1816	2030	6000	5000	1	1	1	1	1	1
3	46	0	5	1000	263020	263021.995	263	929.981	3	5	1	2	4	35124	0	1000	994	344	0	3	5	1	2	4	1348	1538	1790	2036	2192	6000	5000	1	1	1	1	1	1
3	47	1	5	1000	268020	268022.006	268	930.015	1	3	2	5	4	13254	0	1000	928	300	0	1	3	2	5	4	1304	1520	1714	1870	2050	6000	5000	1	1	1	1	1	1
3	48	1	5	1000	273020	273021.985	273	927.993	1	3	2	5	4	13254	0	1000	912	276	0	1	3	2	5	4	1280	1500	1720	1878	2048	6000	5000	1	1	1	1	1	1
3	49	1	5	1000	278020	278021.998	278	926.015	3	5	1	2	4	35124	0	1000	926	400	0	3	5	1	2	4	1404	1580	1800	2022	2164	6000	5000	1	1	1	1	1	1
3	50	0	5	1000	283020	283021.985	283	924	3	5	1	2	4	35124	0	1000	814	312	0	3	5	1	2	4	1316	1484	1680	1882	2018	6000	5000	1	1	1	1	1	1
3	51	0	5	1000	288020	288021.99	288	921.992	3	5	1	2	4	35124	0	16000	796	340	0	3	5	1	2	4	1344	1484	1700	1892	2010	6000	5000	1	1	1	1	1	1
3	52	0	5	1000	308020	308020.011	308	914.027	3	5	1	2	4	35124	0	1000	872	856	0	3	5	1	2	4	1860	2074	2294	2512	2628	6000	5000	1	1	1	1	1	1
3	53	0	5	1000	313020	313020.012	313	912.023	1	4	5	2	3	14523	0	1000	972	328	0	1	4	5	2	3	1332	1638	1866	2068	2210	6000	5000	1	1	1	1	1	1
3	54	1	5	1000	318020	318020.003	318	910.019	3	5	1	2	4	35124	0	1000	690	296	0	3	5	1	2	4	1300	1430	1590	1774	1866	6000	5000	1	1	1	1	1	1
3	55	0	5	1000	323020	323021.985	323	909.987	3	2	4	5	1	32451	0	1000	798	326	0	3	2	4	5	1	1330	1538	1754	1902	2008	6000	5000	1	1	1	1	1	1
3	56	1	5	1000	328020	328022	328	907.974	3	5	1	2	4	35124	0	1000	650	330	0	3	5	1	2	4	1334	1440	1608	1768	1864	6000	5000	1	1	1	1	1	1
3	57	1	5	1000	333020	333021.984	333	905.999	3	5	1	2	4	35124	0	1000	730	318	0	3	5	1	2	4	1322	1450	1644	1822	1950	6000	5000	1	1	1	1	1	1
3	58	1	5	1000	338020	338020.008	338	904.022	1	3	2	5	4	13254	0	1000	916	338	0	1	3	2	5	4	1342	1552	1772	1908	2110	6000	5000	1	1	1	1	1	1
3	59	1	5	1000	343020	343020.003	343	901.997	3	2	4	5	1	32451	0	1000	902	266	0	3	2	4	5	1	1270	1464	1668	1848	2018	6000	5000	1	1	1	1	1	1
3	60	0	5	1000	348020	348021.988	348	901.994	3	2	4	5	1	32451	0	1000	1484	362	1	3	2	5	5	1	1366	1532	1894	2470	2628	6000	5000	0	1	1	1	1	1
3	61	0	5	1000	353020	353021.986	353	899.989	3	5	1	2	4	35124	0	1000	834	280	0	3	5	1	2	4	1284	1470	1680	1872	2008	6000	5000	1	1	1	1	1	1
3	62	0	5	1000	358020	358021.985	358	897.991	1	3	2	5	4	13254	0	1000	918	414	0	1	3	2	5	4	1418	1656	1898	2072	2218	6000	5000	1	1	1	1	1	1
3	63	1	5	1000	363020	363021.994	363	895.983	1	3	2	5	4	13254	0	1000	844	258	0	1	3	2	5	4	1262	1468	1692	1850	2042	6000	5000	1	1	1	1	1	1
3	64	0	5	1000	368020	368020.007	368	892.025	3	2	4	5	1	32451	0	1000	982	330	0	3	2	4	5	1	1334	1542	1780	1998	2178	6000	5000	1	1	1	1	1	1
3	65	1	5	1000	373020	373022.012	373	894.03	3	2	4	5	1	32451	0	1000	778	178	0	3	2	4	5	1	1182	1292	1518	1660	1800	6000	5000	1	1	1	1	1	1
3	66	0	5	1000	378020	378021.984	378	892.001	1	4	5	2	3	14523	0	1000	806	378	0	1	4	5	2	3	1382	1578	1762	1972	2090	6000	5000	1	1	1	1	1	1
3	67	0	5	1000	383020	383021.98	383	889.992	1	4	5	2	3	14523	0	1000	946	356	0	1	4	5	2	3	1360	1604	1822	2050	2214	6000	5000	1	1	1	1	1	1
3	68	0	5	1000	388020	388020.006	388	886.005	3	2	4	5	1	32451	0	16000	1146	318	1	3	2	4	4	5	1322	1516	1752	1918	2032	6000	5000	0	1	1	1	1	1
4	1	1	5	1000	8020	8021.997	9	17.996	3	2	4	5	1	32451	0	1000	980	302	0	3	2	4	5	1	1306	1504	1744	1968	2096	6000	5000	1	1	1	1	1	1
4	2	0	5	1000	13020	13022.01	14	16.012	1	4	5	2	3	14523	0	1000	884	270	0	1	4	5	2	3	1274	1496	1702	1902	2082	6000	5000	1	1	1	1	1	1
4	3	0	5	1000	18020	18021.998	19	14.001	3	5	1	2	4	35124	0	1000	812	234	0	3	5	1	2	4	1238	1428	1632	1808	1934	6000	5000	1	1	1	1	1	1
4	4	0	5	1000	23020	23021.997	24	11.999	3	5	1	2	4	35124	0	1000	658	334	0	3	5	1	2	4	1338	1482	1634	1788	1876	6000	5000	1	1	1	1	1	1
4	5	0	5	1000	28020	28022	29	10.004	1	3	2	5	4	13254	0	1000	738	424	0	1	3	2	5	4	1428	1616	1808	1934	2064	6000	5000	1	1	1	1	1	1
4	6	0	5	1000	33020	33020.006	34	6.007	3	2	4	5	1	32451	0	1000	1388	382	1	3	2	5	1	1	1386	1486	1792	2094	2624	6000	5000	0	1	1	1	1	1
4	7	1	5	1000	38020	38022.034	39	6.022	3	5	1	2	4	35124	0	1000	914	334	0	3	5	1	2	4	1338	1526	1762	1980	2178	6000	5000	1	1	1	1	1	1
4	8	1	5	1000	43020	43021.978	44	6.001	1	4	5	2	3	14523	0	1000	968	288	0	1	4	5	2	3	1292	1542	1768	2014	2158	6000	5000	1	1	1	1	1	1
4	9	1	5	1000	48020	48021.997	49	3.972	1	4	5	2	3	14523	0	1000	988	256	0	1	4	5	2	3	1260	1508	1730	1982	2188	6000	5000	1	1	1	1	1	1
4	10	1	5	1000	53020	53021.977	54	1.998	1	3	2	5	4	13254	0	1000	1046	274	0	1	3	2	5	4	1278	1518	1772	1968	2214	6000	5000	1	1	1	1	1	1
4	11	0	5	1000	58020	58020.009	58	997.991	3	5	1	2	4	35124	0	1000	970	324	0	3	5	1	2	4	1328	1564	1780	2006	2210	6000	5000	1	1	1	1	1	1
4	12	0	5	1000	63020	63020.016	63	996.018	1	4	5	2	3	14523	0	1000	1004	424	0	1	4	5	2	3	1428	1688	1916	2122	2332	6000	5000	1	1	1	1	1	1
4	13	1	5	1000	68020	68021.997	68	995.971	3	5	1	2	4	35124	0	1000	1088	274	0	3	5	1	2	4	1278	1516	1778	2014	2264	6000	5000	1	1	1	1	1	1
4	14	0	5	1000	73020	73021.997	73	996.004	3	2	4	5	1	32451	0	1000	1058	326	0	3	2	4	5	1	1330	1562	1820	2060	2264	6000	5000	1	1	1	1	1	1
4	15	1	5	1000	78020	78021.998	78	993.998	1	4	5	2	3	14523	0	1000	1064	260	0	1	4	5	2	3	1264	1504	1748	2004	2224	6000	5000	1	1	1	1	1	1
4	16	0	5	1000	83020	83021.998	83	992.001	1	4	5	2	3	14523	0	1000	1010	316	0	1	4	5	2	3	1320	1554	1768	2012	2222	6000	5000	1	1	1	1	1	1
4	17	1	5	1000	88020	88020.019	88	987.97	3	2	4	5	1	32451	0	16000	996	512	0	3	2	4	5	1	1516	1738	1956	2186	2406	6000	5000	1	1	1	1	1	1
4	18	1	5	1000	108020	108021.994	108	984	3	2	4	5	1	32451	0	1000	976	338	0	3	2	4	5	1	1342	1550	1772	1990	2194	6000	5000	1	1	1	1	1	1
4	19	1	5	1000	113020	113021.996	113	981.985	3	5	1	2	4	35124	0	1000	892	352	0	3	5	1	2	4	1356	1534	1752	1994	2132	6000	5000	1	1	1	1	1	1
4	20	0	5	1000	118020	118020.078	118	978.082	3	5	1	2	4	35124	0	1000	894	302	0	3	5	1	2	4	1306	1514	1732	1950	2100	6000	5000	1	1	1	1	1	1
4	21	1	5	1000	123020	123021.998	123	977.939	1	3	2	5	4	13254	0	1000	1002	366	0	1	3	2	5	4	1370	1584	1816	2040	2234	6000	5000	1	1	1	1	1	1
4	22	0	5	1000	128020	128020.008	128	974.001	3	2	4	5	1	32451	0	1000	902	362	0	3	2	4	5	1	1366	1558	1792	1972	2184	6000	5000	1	1	1	1	1	1
4	23	1	5	1000	133020	133021.997	133	973.986	1	3	2	5	4	13254	0	1000	924	456	0	1	3	2	5	4	1460	1658	1896	2056	2240	6000	5000	1	1	1	1	1	1
4	24	0	5	1000	138020	138021.997	138	971.988	1	3	2	5	4	13254	0	1000	922	338	0	1	3	2	5	4	1342	1548	1788	1962	2154	6000	5000	1	1	1	1	1	1
4	25	0	5	1000	143020	143021.995	143	972.019	1	4	5	2	3	14523	0	1000	858	352	0	1	4	5	2	3	1356	1552	1764	1974	2146	6000	5000	1	1	1	1	1	1
4	26	0	5	1000	148020	148021.996	148	969.983	3	2	4	5	1	32451	0	1000	962	258	0	3	2	4	5	1	1262	1448	1654	1830	1990	6000	5000	1	1	1	1	1	1
4	27	0	5	1000	153020	153022.006	153	967.998	3	5	1	2	4	35124	0	1000	862	418	0	3	5	1	2	4	1422	1618	1834	2044	2204	6000	5000	1	1	1	1	1	1
4	28	0	5	1000	158020	158020.009	158	964.01	3	2	4	5	1	32451	0	1000	942	330	0	3	2	4	5	1	1334	1534	1762	1964	2174	6000	5000	1	1	1	1	1	1
4	29	1	5	1000	163020	163020.019	163	962.026	3	2	4	5	1	32451	0	1000	1462	318	0	3	2	4	5	1	1322	1532	1756	2214	2648	6000	5000	1	1	1	1	1	1
4	30	1	5	1000	168020	168021.997	168	962.002	1	4	5	2	3	14523	0	1000	980	346	0	1	4	5	2	3	1350	1544	1784	2026	2248	6000	5000	1	1	1	1	1	1
4	31	0	5	1000	173020	173020.008	173	958.01	3	2	4	5	1	32451	0	1000	1028	272	0	3	2	4	5	1	1276	1492	1716	1922	2162	6000	5000	1	1	1	1	1	1
4	32	0	5	1000	178020	178020.077	178	958.078	1	3	2	5	4	13254	0	1000	1706	310	1	1	4	2	5	4	1314	1548	2410	2716	2894	6000	5000	0	1	1	1	1	1
4	33	1	5	1000	183020	183021.997	183	957.995	1	3	2	5	4	13254	0	1000	998	302	0	1	3	2	5	4	1306	1540	1784	1996	2208	6000	5000	1	1	1	1	1	1
4	34	1	5	1000	188020	188022.039	188	956.06	3	5	1	2	4	35124	0	16000	964	312	0	3	5	1	2	4	1316	1532	1762	1984	2198	6000	5000	1	1	1	1	1	1
4	35	1	5	1000	208020	208022.038	208	948.042	3	5	1	2	4	35124	0	1000	920	320	0	3	5	1	2	4	1324	1526	1754	1986	2150	6000	5000	1	1	1	1	1	1
4	36	0	5	1000	213020	213022.032	213	948.035	1	3	2	5	4	13254	0	1000	1118	404	0	1	3	2	5	4	1408	1626	1880	2236	2408	6000	5000	1	1	1	1	1	1
4	37	1	5	1000	218020	218021.997	218	945.987	3	5	1	2	4	35124	0	1000	1346	298	0	3	5	1	2	4	1302	1508	1744	1996	2454	6000	5000	1	1	1	1	1	1
4	38	1	5	1000	223020	223021.984	223	943.975	1	3	2	5	4	13254	0	1000	1012	282	0	1	3	2	5	4	1286	1522	1756	1948	2152	6000	5000	1	1	1	1	1	1
4	39	1	5	1000	228020	228020	228	940.018	1	3	2	5	4	13254	0	1000	986	302	0	1	3	2	5	4	1306	1554	1776	1952	2156	6000	5000	1	1	1	1	1	1
4	40	0	5	1000	233020	233020	233	937.987	1	4	5	2	3	14523	0	1000	1014	998	0	1	4	5	2	3	2002	2256	2496	2724	2906	6000	5000	1	1	1	1	1	1
4	41	0	5	1000	238020	238021.98	238	937.958	1	4	5	2	3	14523	0	1000	920	340	0	1	4	5	2	3	1344	1552	1758	1982	2170	6000	5000	1	1	1	1	1	1
4	42	1	5	1000	243020	243020.019	243	936.021	1	3	2	5	4	13254	0	1000	946	468	0	1	3	2	5	4	1472	1706	1934	2114	2312	6000	5000	1	1	1	1	1	1
4	43	1	5	1000	248020	248021.985	248	933.975	1	4	5	2	3	14523	0	1000	898	436	0	1	4	5	2	3	1440	1658	1874	2082	2258	6000	5000	1	1	1	1	1	1
4	44	0	5	1000	253020	253020.01	253	932.008	1	3	2	5	4	13254	0	1000	946	322	0	1	3	2	5	4	1326	1534	1758	1950	2130	6000	5000	1	1	1	1	1	1
4	45	1	5	1000	258020	258020.002	258	930.019	3	2	4	5	1	32451	0	1000	998	272	0	3	2	4	5	1	1276	1470	1708	1906	2106	6000	5000	1	1	1	1	1	1
4	46	1	5	1000	263020	263021.978	263	929.996	3	2	4	5	1	32451	0	1000	976	232	0	3	2	4	5	1	1236	1440	1664	1862	2070	6000	5000	1	1	1	1	1	1
4	47	0	5	1000	268020	268020.001	268	926.012	3	5	1	2	4	35124	0	1000	978	240	0	3	5	1	2	4	1244	1456	1670	1934	2098	6000	5000	1	1	1	1	1	1
4	48	1	5	1000	273020	273021.998	273	926.018	3	5	1	2	4	35124	0	1000	974	326	0	3	5	1	2	4	1330	1500	1752	2004	2180	6000	5000	1	1	1	1	1	1
4	49	1	5	1000	278020	278021.994	278	924.005	3	5	1	2	4	35124	0	1000	914	262	0	3	5	1	2	4	1266	1442	1670	1900	2062	6000	5000	1	1	1	1	1	1
4	50	0	5	1000	283020	283020.016	283	920.012	1	4	5	2	3	14523	0	1000	1110	348	0	1	4	5	2	3	1352	1578	1844	2186	2326	6000	5000	1	1	1	1	1	1
4	51	1	5	1000	288020	288021.98	288	922.001	1	4	5	2	3	14523	0	16000	982	346	0	1	4	5	2	3	1350	1622	1846	2084	2258	6000	5000	1	1	1	1	1	1
4	52	1	5	1000	308020	308020.013	308	912.03	1	4	5	2	3	14523	0	1000	934	398	0	1	4	5	2	3	1402	1640	1856	2090	2266	6000	5000	1	1	1	1	1	1
4	53	0	5	1000	313020	313021.98	313	912.001	3	5	1	2	4	35124	0	1000	934	298	0	3	5	1	2	4	1302	1498	1744	1990	2128	6000	5000	1	1	1	1	1	1
4	54	1	5	1000	318020	318021.982	318	909.997	1	4	5	2	3	14523	0	1000	860	292	0	1	4	5	2	3	1296	1504	1706	1956	2058	6000	5000	1	1	1	1	1	1
4	55	1	5	1000	323020	323021.986	323	910.002	3	2	4	5	1	32451	0	1000	892	326	0	3	2	4	5	1	1330	1512	1746	1916	2084	6000	5000	1	1	1	1	1	1
4	56	1	5	1000	328020	328021.992	328	908.008	1	3	2	5	4	13254	0	1000	840	212	0	1	3	2	5	4	1216	1416	1612	1784	1944	6000	5000	1	1	1	1	1	1
4	57	1	5	1000	333020	333020.009	333	904.028	3	2	4	5	1	32451	0	1000	874	292	0	3	2	4	5	1	1296	1494	1728	1892	2058	6000	5000	1	1	1	1	1	1
4	58	0	5	1000	338020	338021.983	338	903.997	1	3	2	5	4	13254	0	1000	870	312	0	1	3	2	5	4	1316	1542	1770	1916	2070	6000	5000	1	1	1	1	1	1
4	59	0	5	1000	343020	343021.983	343	902.001	1	3	2	5	4	13254	0	1000	920	462	0	1	3	2	5	4	1466	1690	1904	2066	2260	6000	5000	1	1	1	1	1	1
4	60	0	5	1000	348020	348020.006	348	897.989	3	5	1	2	4	35124	0	1000	970	382	0	3	5	1	2	4	1386	1590	1806	2032	2250	6000	5000	1	1	1	1	1	1
4	61	1	5	1000	353020	353021.983	353	897.991	3	2	4	5	1	32451	0	1000	1046	400	0	3	2	4	5	1	1404	1602	1830	2018	2240	6000	5000	1	1	1	1	1	1
4	62	0	5	1000	358020	358020.02	358	896.04	3	2	4	5	1	32451	0	1000	1116	394	0	3	2	4	5	1	1398	1604	1820	2046	2290	6000	5000	1	1	1	1	1	1
4	63	0	5	1000	363020	363021.978	363	895.995	3	2	4	5	1	32451	0	1000	1068	246	0	3	2	4	5	1	1250	1466	1708	1916	2130	6000	5000	1	1	1	1	1	1
4	64	0	5	1000	368020	368020.008	368	892.027	1	4	5	2	3	14523	0	1000	966	300	0	1	4	5	2	3	1304	1554	1772	2012	2228	6000	5000	1	1	1	1	1	1
4	65	0	5	1000	373020	373021.979	373	891.975	1	3	2	5	4	13254	0	1000	1326	172	0	1	3	2	5	4	1176	1414	1626	1812	2264	6000	5000	1	1	1	1	1	1
4	66	1	5	1000	378020	378021.988	378	889.947	1	4	5	2	3	14523	0	1000	986	360	0	1	4	5	2	3	1364	1560	1780	2022	2220	6000	5000	1	1	1	1	1	1
4	67	1	5	1000	383020	383021.983	383	887.987	3	5	1	2	4	35124	0	1000	984	268	0	3	5	1	2	4	1272	1432	1692	1914	2120	6000	5000	1	1	1	1	1	1
4	68	1	5	1000	388020	388021.984	388	888.007	3	2	4	5	1	32451	0	16000	932	308	0	3	2	4	5	1	1312	1518	1756	1970	2198	6000	5000	1	1	1	1	1	1
5	1	0	5	1000	8020	8021.996	9	17.998	1	4	5	2	3	14523	0	1000	1036	342	0	1	4	5	2	3	1346	1580	1828	2066	2274	6000	5000	1	1	1	1	1	1
5	2	0	5	1000	13020	13021.996	14	15.978	3	5	1	2	4	35124	0	1000	1014	344	0	3	5	1	2	4	1348	1560	1808	2046	2252	6000	5000	1	1	1	1	1	1
5	3	1	5	1000	18020	18022.009	19	13.984	3	5	1	2	4	35124	0	1000	1010	306	0	3	5	1	2	4	1310	1530	1756	1982	2198	6000	5000	1	1	1	1	1	1
5	4	1	5	1000	23020	23021.997	24	11.988	3	5	1	2	4	35124	0	1000	872	294	0	3	5	1	2	4	1298	1478	1682	1898	2060	6000	5000	1	1	1	1	1	1
5	5	1	5	1000	28020	28020.022	29	7.991	1	4	5	2	3	14523	0	1000	940	328	0	1	4	5	2	3	1332	1548	1774	1992	2192	6000	5000	1	1	1	1	1	1
5	6	1	5	1000	33020	33020.018	34	7.995	1	3	2	5	4	13254	0	1000	894	332	0	1	3	2	5	4	1336	1530	1742	1906	2112	6000	5000	1	1	1	1	1	1
5	7	1	5	1000	38020	38020.03	39	6.033	1	4	5	2	3	14523	0	1000	894	364	0	1	4	5	2	3	1368	1540	1742	1966	2134	6000	5000	1	1	1	1	1	1
5	8	0	5	1000	43020	43021.979	44	5.969	1	4	5	2	3	14523	0	1000	900	306	0	1	4	5	2	3	1310	1498	1698	1920	2090	6000	5000	1	1	1	1	1	1
5	9	1	5	1000	48020	48021.996	49	3.999	1	3	2	5	4	13254	0	1000	874	298	0	1	3	2	5	4	1302	1490	1702	1860	2040	6000	5000	1	1	1	1	1	1
5	10	0	5	1000	53020	53022.009	54	4.001	3	2	4	5	1	32451	0	1000	836	334	0	3	2	4	5	1	1338	1524	1730	1924	2132	6000	5000	1	1	1	1	1	1
5	11	0	5	1000	58020	58022.009	59	0	1	3	2	5	4	13254	0	1000	876	368	0	1	3	2	5	4	1372	1578	1786	1934	2136	6000	5000	1	1	1	1	1	1
5	12	1	5	1000	63020	63021.996	63	999.999	3	5	1	2	4	35124	0	1000	1290	364	0	3	5	1	2	4	1368	1566	1770	1974	2440	6000	5000	1	1	1	1	1	1
5	13	1	5	1000	68020	68021.997	68	997.988	1	3	2	5	4	13254	0	1000	964	314	0	1	3	2	5	4	1318	1544	1784	1982	2150	6000	5000	1	1	1	1	1	1
5	14	0	5	1000	73020	73022.007	73	996.002	3	5	1	2	4	35124	0	1000	936	274	0	3	5	1	2	4	1278	1500	1702	1910	2126	6000	5000	1	1	1	1	1	1
5	15	0	5	1000	78020	78022.004	78	993.936	1	3	2	5	4	13254	0	1000	976	314	0	1	3	2	5	4	1318	1526	1762	1944	2158	6000	5000	1	1	1	1	1	1
5	16	0	5	1000	83020	83022.022	83	992.022	3	5	1	2	4	35124	0	1000	956	340	0	3	5	1	2	4	1344	1558	1790	1992	2178	6000	5000	1	1	1	1	1	1
5	17	0	5	1000	88020	88021.998	88	990.02	3	2	4	5	1	32451	0	16000	1028	302	0	3	2	4	5	1	1306	1510	1732	1956	2142	6000	5000	1	1	1	1	1	1
5	18	0	5	1000	108020	108020.007	108	982.013	3	2	4	5	1	32451	0	1000	1006	334	0	3	2	4	5	1	1338	1526	1748	1938	2134	6000	5000	1	1	1	1	1	1
5	19	1	5	1000	113020	113020.004	113	980.005	3	5	1	2	4	35124	0	1000	902	306	0	3	5	1	2	4	1310	1522	1720	1926	2094	6000	5000	1	1	1	1	1	1
5	20	0	5	1000	118020	118020.011	118	978.013	1	4	5	2	3	14523	0	1000	1264	392	0	1	4	5	2	3	1396	1606	1828	2014	2488	6000	5000	1	1	1	1	1	1
5	21	1	5	1000	123020	123021.997	123	977.969	3	5	1	2	4	35124	0	1000	994	286	0	3	5	1	2	4	1290	1480	1696	1938	2100	6000	5000	1	1	1	1	1	1
5	22	1	5	1000	128020	128020.009	128	974.012	3	2	4	5	1	32451	0	1000	1070	118	0	3	2	4	5	1	1122	1342	1564	1784	2010	6000	5000	1	1	1	1	1	1
5	23	0	5	1000	133020	133021.996	133	976.019	3	5	1	2	4	35124	0	1000	1008	330	0	3	5	1	2	4	1334	1542	1756	1986	2194	6000	5000	1	1	1	1	1	1
5	24	0	5	1000	138020	138022.019	138	973.983	3	5	1	2	4	35124	0	1000	956	338	0	3	5	1	2	4	1342	1544	1754	1958	2148	6000	5000	1	1	1	1	1	1
5	25	0	5	1000	143020	143021.996	143	971.986	1	4	5	2	3	14523	0	1000	1046	250	0	1	4	5	2	3	1254	1478	1716	2066	2176	6000	5000	1	1	1	1	1	1
5	26	0	5	1000	148020	148020.008	148	968.014	1	4	5	2	3	14523	0	1000	1048	276	0	1	4	5	2	3	1280	1512	1742	1982	2196	6000	5000	1	1	1	1	1	1
5	27	0	5	1000	153020	153022.017	153	968.023	3	2	4	5	1	32451	0	1000	1038	304	0	3	2	4	5	1	1308	1528	1742	1966	2162	6000	5000	1	1	1	1	1	1
5	28	0	5	1000	158020	158021.997	158	965.991	3	5	1	2	4	35124	0	1000	938	302	0	3	5	1	2	4	1306	1514	1742	1946	2100	6000	5000	1	1	1	1	1	1
5	29	1	5	1000	163020	163020.01	163	961.967	3	2	4	5	1	32451	0	1000	998	218	0	3	2	4	5	1	1222	1416	1628	1828	2028	6000	5000	1	1	1	1	1	1
5	30	1	5	1000	168020	168021.997	168	963.988	1	3	2	5	4	13254	0	1000	966	462	0	1	3	2	5	4	1466	1704	1922	2118	2314	6000	5000	1	1	1	1	1	1
5	31	1	5	1000	173020	173021.998	173	961.978	3	5	1	2	4	35124	0	1000	1008	306	0	3	5	1	2	4	1310	1510	1736	1974	2182	6000	5000	1	1	1	1	1	1
5	32	0	5	1000	178020	178020.01	178	958.004	3	5	1	2	4	35124	0	1000	926	326	0	3	5	1	2	4	1330	1562	1764	1972	2074	6000	5000	1	1	1	1	1	1
5	33	1	5	1000	183020	183020.025	183	956.017	1	4	5	2	3	14523	0	1000	756	386	0	1	4	5	2	3	1390	1568	1762	1914	2050	6000	5000	1	1	1	1	1	1
5	34	0	5	1000	188020	188021.997	188	956.001	3	2	4	5	1	32451	0	16000	1034	358	0	3	2	4	5	1	1362	1580	1810	1996	2190	6000	5000	1	1	1	1	1	1
5	35	0	5	1000	208020	208021.999	208	950.002	3	2	4	5	1	32451	0	1000	972	360	0	3	2	4	5	1	1364	1588	1798	1990	2178	6000	5000	1	1	1	1	1	1
5	36	1	5	1000	213020	213020.009	213	946	1	4	5	2	3	14523	0	1000	850	392	0	1	4	5	2	3	1396	1618	1812	2008	2150	6000	5000	1	1	1	1	1	1
5	37	1	5	1000	218020	218021.993	218	945.993	3	2	4	5	1	32451	0	1000	814	210	0	3	2	4	5	1	1214	1394	1586	1736	1888	6000	5000	1	1	1	1	1	1
5	38	0	5	1000	223020	223020.009	223	942.002	1	3	2	5	4	13254	0	1000	1226	400	0	1	3	2	5	4	1404	1622	2160	2330	2492	6000	5000	1	1	1	1	1	1
5	39	1	5	1000	228020	228020.013	228	940.012	1	4	5	2	3	14523	0	1000	970	338	0	1	4	5	2	3	1342	1580	1812	2036	2210	6000	5000	1	1	1	1	1	1
5	40	0	5	1000	233020	233020.017	233	938.027	3	5	1	2	4	35124	0	1000	874	292	0	3	5	1	2	4	1296	1486	1688	1890	2034	6000	5000	1	1	1	1	1	1
5	41	1	5	1000	238020	238022.005	238	939.993	1	3	2	5	4	13254	0	1000	840	274	0	1	3	2	5	4	1278	1484	1700	1846	1996	6000	5000	1	1	1	1	1	1
5	42	1	5	1000	243020	243020.003	243	935.993	1	3	2	5	4	13254	0	1000	840	450	0	1	3	2	5	4	1454	1666	1866	2022	2172	6000	5000	1	1	1	1	1	1
5	43	1	5	1000	248020	248020.013	248	934.014	3	2	4	5	1	32451	0	1000	802	276	0	3	2	4	5	1	1280	1462	1642	1780	1910	6000	5000	1	1	1	1	1	1
5	44	1	5	1000	253020	253021.979	253	933.969	3	5	1	2	4	35124	0	1000	710	378	0	3	5	1	2	4	1382	1532	1686	1858	1974	6000	5000	1	1	1	1	1	1
5	45	0	5	1000	258020	258021.987	258	933.993	1	3	2	5	4	13254	0	1000	764	528	0	1	3	2	5	4	1532	1736	1930	2054	2184	6000	5000	1	1	1	1	1	1
5	46	1	5	1000	263020	263021.982	263	930.003	3	2	4	5	1	32451	0	1000	746	324	0	3	2	4	5	1	1328	1484	1642	1776	1884	6000	5000	1	1	1	1	1	1
5	47	1	5	1000	268020	268021.985	268	928.007	1	4	5	2	3	14523	0	1000	670	332	0	1	4	5	2	3	1336	1488	1648	1792	1906	6000	5000	1	1	1	1	1	1
5	48	1	5	1000	273020	273021.99	273	927.991	1	4	5	2	3	14523	0	1000	744	234	0	1	4	5	2	3	1238	1434	1608	1748	1866	6000	5000	1	1	1	1	1	1
5	49	1	5	1000	278020	278021.982	278	926.002	3	5	1	2	4	35124	0	1000	652	244	0	3	5	1	2	4	1248	1388	1560	1694	1768	6000	5000	1	1	1	1	1	1
5	50	0	5	1000	283020	283022.044	283	924.063	3	2	4	5	1	32451	0	1000	822	406	0	3	2	4	5	1	1410	1598	1776	1946	2120	6000	5000	1	1	1	1	1	1
5	51	1	5	1000	288020	288021.98	288	921.997	3	2	4	5	1	32451	0	16000	868	376	0	3	2	4	5	1	1380	1558	1726	1894	2084	6000	5000	1	1	1	1	1	1
5	52	1	5	1000	308020	308021.987	308	915.988	3	2	4	5	1	32451	0	1000	856	384	1	3	2	4	5	5	1388	1588	1758	1986	2148	6000	5000	0	1	1	1	1	1
5	53	0	5	1000	313020	313021.987	313	913.982	1	4	5	2	3	14523	0	1000	896	362	0	1	4	5	2	3	1366	1560	1782	2036	2174	6000	5000	1	1	1	1	1	1
5	54	1	5	1000	318020	318021.98	318	911.985	3	2	4	5	1	32451	0	1000	892	288	0	3	2	4	5	1	1292	1470	1664	1874	2068	6000	5000	1	1	1	1	1	1
5	55	1	5	1000	323020	323021.99	323	910.01	3	2	4	5	1	32451	0	1000	922	328	0	3	2	4	5	1	1332	1520	1730	1962	2150	6000	5000	1	1	1	1	1	1
5	56	0	5	1000	328020	328021.976	328	907.996	3	2	4	5	1	32451	0	1000	858	316	0	3	2	4	5	1	1320	1514	1706	1900	2048	6000	5000	1	1	1	1	1	1
5	57	0	5	1000	333020	333021.986	333	906	3	2	4	5	1	32451	0	1000	962	386	0	3	2	4	5	1	1390	1594	1804	2008	2204	6000	5000	1	1	1	1	1	1
5	58	0	5	1000	338020	338021.985	338	903.99	1	4	5	2	3	14523	0	1000	896	324	0	1	4	5	2	3	1328	1542	1762	1968	2124	6000	5000	1	1	1	1	1	1
5	59	0	5	1000	343020	343021.983	343	903.968	1	3	2	5	4	13254	0	1000	798	478	0	1	3	2	5	4	1482	1666	1888	2036	2164	6000	5000	1	1	1	1	1	1
5	60	0	5	1000	348020	348021.987	348	902.002	1	3	2	5	4	13254	0	1000	880	344	0	1	3	2	5	4	1348	1540	1764	2002	2100	6000	5000	1	1	1	1	1	1
5	61	1	5	1000	353020	353021.994	353	900.007	1	3	2	5	4	13254	0	1000	790	332	0	1	3	2	5	4	1336	1518	1718	1866	2008	6000	5000	1	1	1	1	1	1
5	62	0	5	1000	358020	358021.992	358	898.007	1	3	2	5	4	13254	0	1000	792	336	0	1	3	2	5	4	1340	1542	1748	1878	2018	6000	5000	1	1	1	1	1	1
5	63	0	5	1000	363020	363021.985	363	896.003	3	2	4	5	1	32451	0	1000	776	346	0	3	2	4	5	1	1350	1530	1708	1866	1994	6000	5000	1	1	1	1	1	1
5	64	1	5	1000	368020	368020	368	892.02	1	3	2	5	4	13254	0	1000	784	424	0	1	3	2	5	4	1428	1614	1804	1950	2108	6000	5000	1	1	1	1	1	1
5	65	0	5	1000	373020	373021.983	373	891.98	1	4	5	2	3	14523	0	1000	790	402	0	1	4	5	2	3	1406	1600	1796	1980	2094	6000	5000	1	1	1	1	1	1
5	66	1	5	1000	378020	378021.994	378	892.017	1	4	5	2	3	14523	0	1000	746	350	0	1	4	5	2	3	1354	1530	1722	1934	2006	6000	5000	1	1	1	1	1	1
5	67	0	5	1000	383020	383021.981	383	889.999	1	3	2	5	4	13254	0	1000	806	586	0	1	3	2	5	4	1590	1774	1972	2132	2296	6000	5000	1	1	1	1	1	1
5	68	0	5	1000	388020	388021.979	388	887.999	1	4	5	2	3	14523	0	16000	732	332	0	1	4	5	2	3	1336	1520	1696	1848	1970	6000	5000	1	1	1	1	1	1
6	1	1	5	1000	8020	8021.996	9	18.018	1	4	5	2	3	14523	0	1000	884	376	0	1	4	5	2	3	1380	1606	1806	2006	2180	6000	5000	1	1	1	1	1	1
6	2	0	5	1000	13020	13021.995	14	16.015	1	4	5	2	3	14523	0	1000	788	326	0	1	4	5	2	3	1330	1522	1702	1868	2006	6000	5000	1	1	1	1	1	1
6	3	1	5	1000	18020	18021.979	19	13.995	1	4	5	2	3	14523	0	1000	730	306	0	1	4	5	2	3	1310	1482	1668	1828	1936	6000	5000	1	1	1	1	1	1
6	4	0	5	1000	23020	23021.997	24	12.016	3	2	4	5	1	32451	0	1000	864	312	0	3	2	4	5	1	1316	1500	1710	1876	2044	6000	5000	1	1	1	1	1	1
6	5	1	5	1000	28020	28022.066	29	10.039	1	4	5	2	3	14523	0	1000	770	358	0	1	4	5	2	3	1362	1562	1752	1920	2040	6000	5000	1	1	1	1	1	1
6	6	0	5	1000	33020	33021.979	34	8.001	3	5	1	2	4	35124	0	1000	796	332	0	3	5	1	2	4	1336	1504	1696	1872	2010	6000	5000	1	1	1	1	1	1
6	7	0	5	1000	38020	38021.992	39	6.001	1	3	2	5	4	13254	0	1000	872	338	0	1	3	2	5	4	1342	1572	1798	1952	2106	6000	5000	1	1	1	1	1	1
6	8	1	5	1000	43020	43020.023	44	4.044	1	4	5	2	3	14523	0	1000	1246	252	0	1	4	5	2	3	1256	1468	1704	1848	2354	6000	5000	1	1	1	1	1	1
6	9	1	5	1000	48020	48021.981	49	3.956	3	5	1	2	4	35124	0	1000	1042	302	0	3	5	1	2	4	1306	1520	1748	1948	2188	6000	5000	1	1	1	1	1	1
6	10	1	5	1000	53020	53021.958	54	1.98	3	2	4	5	1	32451	0	1000	1040	358	0	3	2	4	5	1	1362	1574	1834	2022	2248	6000	5000	1	1	1	1	1	1
6	11	0	5	1000	58020	58021.994	59	0	3	2	4	5	1	32451	0	1000	1338	40	0	3	2	4	5	1	1044	1550	1890	2082	2274	6000	5000	1	1	1	1	1	1
6	12	0	5	1000	63020	63020.049	63	996.069	1	4	5	2	3	14523	0	1000	960	356	0	1	4	5	2	3	1360	1604	1794	2054	2228	6000	5000	1	1	1	1	1	1
6	13	0	5	1000	68020	68021.994	68	995.993	1	3	2	5	4	13254	0	1000	852	396	0	1	3	2	5	4	1400	1628	1838	2022	2164	6000	5000	1	1	1	1	1	1
6	14	0	5	1000	73020	73020.019	73	994.038	3	2	4	5	1	32451	0	1000	1002	504	0	3	2	4	5	1	1508	1724	2004	2152	2340	6000	5000	1	1	1	1	1	1
6	15	1	5	1000	78020	78022.001	78	994.021	3	2	4	5	1	32451	0	1000	920	316	0	3	2	4	5	1	1320	1478	1692	1856	2024	6000	5000	1	1	1	1	1	1
6	16	1	5	1000	83020	83021.959	83	991.965	1	3	2	5	4	13254	0	1000	858	344	0	1	3	2	5	4	1348	1550	1764	1926	2092	6000	5000	1	1	1	1	1	1
6	17	0	5	1000	88020	88022.03	88	990.049	3	5	1	2	4	35124	0	16000	820	322	0	3	5	1	2	4	1326	1522	1700	1884	2034	6000	5000	1	1	1	1	1	1
6	18	0	5	1000	108020	108021.981	108	983.998	3	5	1	2	4	35124	0	1000	870	428	0	3	5	1	2	4	1432	1634	1834	2048	2200	6000	5000	1	1	1	1	1	1
6	19	1	5	1000	113020	113021.999	113	982.017	1	3	2	5	4	13254	0	1000	938	336	0	1	3	2	5	4	1340	1552	1784	1956	2110	6000	5000	1	1	1	1	1	1
6	20	1	5	1000	118020	118021.98	118	980.001	3	5	1	2	4	35124	0	1000	884	330	0	3	5	1	2	4	1334	1530	1724	1942	2096	6000	5000	1	1	1	1	1	1
6	21	0	5	1000	123020	123021.985	123	978.006	3	5	1	2	4	35124	0	1000	880	316	0	3	5	1	2	4	1320	1526	1724	1918	2074	6000	5000	1	1	1	1	1	1
6	22	1	5	1000	128020	128021.976	128	975.998	3	5	1	2	4	35124	0	1000	822	290	0	3	5	1	2	4	1294	1484	1670	1844	1982	6000	5000	1	1	1	1	1	1
6	23	0	5	1000	133020	133021.994	133	974.031	1	3	2	5	4	13254	0	1000	880	472	0	1	3	2	5	4	1476	1694	1910	2090	2276	6000	5000	1	1	1	1	1	1
6	24	1	5	1000	138020	138021.994	138	972.031	3	2	4	5	1	32451	0	1000	1028	348	0	3	2	4	5	1	1352	1552	1752	2154	2332	6000	5000	1	1	1	1	1	1
6	25	0	5	1000	143020	143021.979	143	971.999	1	3	2	5	4	13254	0	1000	854	416	0	1	3	2	5	4	1420	1636	1844	1996	2160	6000	5000	1	1	1	1	1	1
6	26	0	5	1000	148020	148021.992	148	970.013	1	3	2	5	4	13254	0	1000	896	420	0	1	3	2	5	4	1424	1678	1910	2040	2180	6000	5000	1	1	1	1	1	1
6	27	1	5	1000	153020	153021.994	153	968.013	3	5	1	2	4	35124	0	1000	858	394	0	3	5	1	2	4	1398	1596	1800	2022	2130	6000	5000	1	1	1	1	1	1
6	28	0	5	1000	158020	158021.981	158	965.968	1	4	5	2	3	14523	0	1000	1014	364	0	1	4	5	2	3	1368	1602	1828	2076	2238	6000	5000	1	1	1	1	1	1
6	29	0	5	1000	163020	163021.977	163	963.998	1	4	5	2	3	14523	0	1000	782	390	0	1	4	5	2	3	1394	1588	1786	1938	2076	6000	5000	1	1	1	1	1	1
6	30	1	5	1000	168020	168021.981	168	962.001	1	3	2	5	4	13254	0	1000	816	312	0	1	3	2	5	4	1316	1508	1716	1850	1982	6000	5000	1	1	1	1	1	1
6	31	1	5	1000	173020	173021.993	173	960.015	1	3	2	5	4	13254	0	1000	894	416	0	1	3	2	5	4	1420	1630	1830	1994	2188	6000	5000	1	1	1	1	1	1
6	32	0	5	1000	178020	178022.013	178	959.987	3	2	4	5	1	32451	0	1000	1044	356	0	3	2	4	5	1	1360	1564	1790	2040	2240	6000	5000	1	1	1	1	1	1
6	33	0	5	1000	183020	183021.979	183	957.987	3	5	1	2	4	35124	0	1000	1798	388	1	3	2	5	2	4	1392	1580	1766	2720	3050	6000	5000	0	1	1	1	1	1
6	34	1	5	1000	188020	188021.992	188	955.988	1	4	5	2	3	14523	0	16000	1008	380	0	1	4	5	2	3	1384	1598	1824	2042	2280	6000	5000	1	1	1	1	1	1
6	35	1	5	1000	208020	208021.981	208	947.989	1	4	5	2	3	14523	0	1000	978	528	0	1	4	5	2	3	1532	1770	1976	2198	2388	6000	5000	1	1	1	1	1	1
6	36	1	5	1000	213020	213021.995	213	948.015	3	2	4	5	1	32451	0	1000	1062	352	0	3	2	4	5	1	1356	1552	1798	2028	2250	6000	5000	1	1	1	1	1	1
6	37	0	5	1000	218020	218021.993	218	946.01	1	4	5	2	3	14523	0	1000	974	322	0	1	4	5	2	3	1326	1560	1762	1984	2172	6000	5000	1	1	1	1	1	1
6	38	1	5	1000	223020	223020.024	223	942.044	3	5	1	2	4	35124	0	1000	926	362	0	3	5	1	2	4	1366	1556	1766	1962	2140	6000	5000	1	1	1	1	1	1
6	39	1	5	1000	228020	228021.96	228	941.974	1	4	5	2	3	14523	0	1000	910	350	0	1	4	5	2	3	1354	1556	1770	1988	2160	6000	5000	1	1	1	1	1	1
6	40	1	5	1000	233020	233021.967	233	939.974	1	3	2	5	4	13254	0	1000	890	342	0	1	3	2	5	4	1346	1562	1798	2008	2162	6000	5000	1	1	1	1	1	1
6	41	0	5	1000	238020	238021.997	238	938.025	1	3	2	5	4	13254	0	1000	1000	396	0	1	3	2	5	4	1400	1652	1906	2128	2306	6000	5000	1	1	1	1	1	1
6	42	1	5	1000	243020	243021.97	243	935.988	1	3	2	5	4	13254	0	1000	1054	324	0	1	3	2	5	4	1328	1550	1812	2036	2254	6000	5000	1	1	1	1	1	1
6	43	0	5	1000	248020	248021.985	248	936.019	1	4	5	2	3	14523	0	1000	1020	396	0	1	4	5	2	3	1400	1636	1856	2082	2296	6000	5000	1	1	1	1	1	1
6	44	0	5	1000	253020	253021.979	253	933.995	3	2	4	5	1	32451	0	1000	1070	324	0	3	2	4	5	1	1328	1550	1792	2022	2266	6000	5000	1	1	1	1	1	1
6	45	0	5	1000	258020	258021.969	258	931.993	3	2	4	5	1	32451	0	1000	960	424	0	3	2	4	5	1	1428	1634	1878	2074	2224	6000	5000	1	1	1	1	1	1
6	46	0	5	1000	263020	263021.968	263	929.983	1	3	2	5	4	13254	0	1000	930	276	0	1	3	2	5	4	1280	1504	1720	1920	2110	6000	5000	1	1	1	1	1	1
6	47	0	5	1000	268020	268021.985	268	928.024	1	4	5	2	3	14523	0	1000	948	288	0	1	4	5	2	3	1292	1516	1748	1950	2160	6000	5000	1	1	1	1	1	1
6	48	0	5	1000	273020	273021.964	273	925.993	3	5	1	2	4	35124	0	1000	930	336	0	3	5	1	2	4	1340	1546	1768	1990	2156	6000	5000	1	1	1	1	1	1
6	49	0	5	1000	278020	278021.97	278	924.003	3	5	1	2	4	35124	0	1000	1144	1002	0	3	5	1	2	4	2006	2456	2656	2880	3026	6000	5000	1	1	1	1	1	1
6	50	0	5	1000	283020	283021.968	283	924.002	1	4	5	2	3	14523	0	1000	0	2508	0	1	4	0	0	0	3512	3900	0	0	0	6000	5000	0	1	1	1	1	1
6	51	1	5	1000	288020	288021.971	288	921.999	3	2	4	5	1	32451	0	16000	1006	414	0	3	2	4	5	1	1418	1618	1844	2048	2244	6000	5000	1	1	1	1	1	1
6	52	1	5	1000	308020	308021.972	308	914.004	3	2	4	5	1	32451	0	1000	966	360	0	3	2	4	5	1	1364	1566	1790	1976	2176	6000	5000	1	1	1	1	1	1
6	53	1	5	1000	313020	313021.961	313	911.982	3	5	1	2	4	35124	0	1000	950	262	0	3	5	1	2	4	1266	1478	1686	1894	2108	6000	5000	1	1	1	1	1	1
6	54	1	5	1000	318020	318021.964	318	911.998	3	5	1	2	4	35124	0	1000	898	286	0	3	5	1	2	4	1290	1484	1660	1852	2074	6000	5000	1	1	1	1	1	1
6	55	0	5	1000	323020	323021.967	323	909.995	3	2	4	5	1	32451	0	1000	930	554	0	3	2	4	5	1	1558	1774	1986	2180	2394	6000	5000	1	1	1	1	1	1
6	56	1	5	1000	328020	328021.968	328	908.001	1	3	2	5	4	13254	0	1000	954	342	0	1	3	2	5	4	1346	1548	1772	1986	2188	6000	5000	1	1	1	1	1	1
6	57	1	5	1000	333020	333021.964	333	906	3	2	4	5	1	32451	0	1000	1148	374	0	3	2	4	5	1	1378	1584	1808	2266	2364	6000	5000	1	1	1	1	1	1
6	58	0	5	1000	338020	338021.965	338	905.988	3	5	1	2	4	35124	0	1000	1012	172	0	3	5	1	2	4	1176	1416	1646	1848	2068	6000	5000	1	1	1	1	1	1
6	59	1	5	1000	343020	343021.964	343	902	3	2	4	5	1	32451	0	1000	1008	308	0	3	2	4	5	1	1312	1504	1738	1956	2166	6000	5000	1	1	1	1	1	1
6	60	1	5	1000	348020	348021.965	348	899.998	3	2	4	5	1	32451	0	1000	1000	378	0	3	2	4	5	1	1382	1580	1816	2010	2244	6000	5000	1	1	1	1	1	1
6	61	1	5	1000	353020	353021.964	353	897.995	1	4	5	2	3	14523	0	1000	938	352	0	1	4	5	2	3	1356	1576	1796	2020	2212	6000	5000	1	1	1	1	1	1
6	62	0	5	1000	358020	358021.97	358	897.974	1	3	2	5	4	13254	0	1000	1000	334	0	1	3	2	5	4	1338	1560	1802	2094	2220	6000	5000	1	1	1	1	1	1
6	63	0	5	1000	363020	363021.97	363	896.004	3	5	1	2	4	35124	0	1000	848	372	0	3	5	1	2	4	1376	1544	1766	1948	2110	6000	5000	1	1	1	1	1	1
6	64	0	5	1000	368020	368021.965	368	894.001	3	2	4	5	1	32451	0	1000	1070	354	0	3	2	4	5	1	1358	1566	1784	2020	2226	6000	5000	1	1	1	1	1	1
6	65	1	5	1000	373020	373021.965	373	891.999	3	5	1	2	4	35124	0	1000	992	438	0	3	5	1	2	4	1442	1634	1862	2092	2308	6000	5000	1	1	1	1	1	1
6	66	1	5	1000	378020	378021.979	378	890.006	1	3	2	5	4	13254	0	1000	948	386	0	1	3	2	5	4	1390	1578	1802	2024	2208	6000	5000	1	1	1	1	1	1
6	67	1	5	1000	383020	383021.968	383	890.002	1	4	5	2	3	14523	0	1000	986	308	0	1	4	5	2	3	1312	1526	1754	1998	2208	6000	5000	1	1	1	1	1	1
6	68	1	5	1000	388020	388021.973	388	886.004	1	4	5	2	3	14523	0	16000	964	282	0	1	4	5	2	3	1286	1484	1720	1948	2140	6000	5000	1	1	1	1	1	1
7	1	1	5	1000	8020	8020.004	9	16.026	3	5	1	2	4	35124	0	1000	946	394	0	3	5	1	2	4	1398	1590	1818	2028	2226	6000	5000	1	1	1	1	1	1
7	2	0	5	1000	13020	13020.013	14	14.016	3	5	1	2	4	35124	0	1000	950	356	0	3	5	1	2	4	1360	1568	1790	1976	2200	6000	5000	1	1	1	1	1	1
7	3	0	5	1000	18020	18021.998	19	13.998	1	3	2	5	4	13254	0	1000	994	382	0	1	3	2	5	4	1386	1614	1850	2044	2242	6000	5000	1	1	1	1	1	1
7	4	0	5	1000	23020	23020.001	24	11.988	1	3	2	5	4	13254	0	1000	972	324	0	1	3	2	5	4	1328	1564	1778	1976	2182	6000	5000	1	1	1	1	1	1
7	5	0	5	1000	28020	28022.015	29	11.986	3	2	4	5	1	32451	0	1000	986	258	0	3	2	4	5	1	1262	1466	1680	1898	2110	6000	5000	1	1	1	1	1	1
7	6	0	5	1000	33020	33020.018	34	8.019	3	2	4	5	1	32451	0	1000	956	426	0	3	2	4	5	1	1430	1634	1846	2058	2290	6000	5000	1	1	1	1	1	1
7	7	1	5	1000	38020	38020.013	39	6.005	1	4	5	2	3	14523	0	1000	890	302	0	1	4	5	2	3	1306	1488	1706	1912	2110	6000	5000	1	1	1	1	1	1
7	8	0	5	1000	43020	43021.998	44	6	1	4	5	2	3	14523	0	1000	892	218	0	1	4	5	2	3	1222	1426	1656	1850	2044	6000	5000	1	1	1	1	1	1
7	9	0	5	1000	48020	48020.01	49	2.001	3	5	1	2	4	35124	0	1000	1002	368	0	3	5	1	2	4	1372	1564	1792	2044	2240	6000	5000	1	1	1	1	1	1
7	10	0	5	1000	53020	53021.999	54	2.001	1	4	5	2	3	14523	0	1000	924	358	0	1	4	5	2	3	1362	1594	1796	1988	2198	6000	5000	1	1	1	1	1	1
7	11	1	5	1000	58020	58020.015	58	1000.006	1	4	5	2	3	14523	0	1000	880	344	0	1	4	5	2	3	1348	1552	1740	1938	2124	6000	5000	1	1	1	1	1	1
7	12	0	5	1000	63020	63022.004	64	0	1	3	2	5	4	13254	0	1000	908	312	0	1	3	2	5	4	1316	1526	1744	1918	2112	6000	5000	1	1	1	1	1	1
7	13	0	5	1000	68020	68022.001	68	998.002	3	5	1	2	4	35124	0	1000	898	354	0	3	5	1	2	4	1358	1562	1778	1960	2160	6000	5000	1	1	1	1	1	1
7	14	1	5	1000	73020	73020.012	73	994.013	1	4	5	2	3	14523	0	1000	928	254	0	1	4	5	2	3	1258	1468	1672	1876	2082	6000	5000	1	1	1	1	1	1
7	15	1	5	1000	78020	78021.998	78	996.002	3	2	4	5	1	32451	0	1000	970	220	0	3	2	4	5	1	1224	1428	1642	1860	2078	6000	5000	1	1	1	1	1	1
7	16	0	5	1000	83020	83020.019	83	990.022	3	2	4	5	1	32451	0	1000	1002	422	0	3	2	4	5	1	1426	1630	1852	2074	2302	6000	5000	1	1	1	1	1	1
7	17	0	5	1000	88020	88020.001	88	988.005	1	4	5	2	3	14523	0	16000	928	366	0	1	4	5	2	3	1370	1612	1802	1988	2188	6000	5000	1	1	1	1	1	1
7	18	0	5	1000	108020	108020.043	108	982.055	1	4	5	2	3	14523	0	1000	1192	570	0	1	4	5	2	3	1574	1764	1982	2184	2634	6000	5000	1	1	1	1	1	1
7	19	0	5	1000	113020	113021.999	113	982.001	1	4	5	2	3	14523	0	1000	928	332	0	1	4	5	2	3	1336	1560	1754	1970	2162	6000	5000	1	1	1	1	1	1
7	20	1	5	1000	118020	118020.014	118	978.016	1	3	2	5	4	13254	0	1000	952	336	0	1	3	2	5	4	1340	1550	1764	1972	2184	6000	5000	1	1	1	1	1	1
7	21	0	5	1000	123020	123020.001	123	976	3	2	4	5	1	32451	0	1000	1018	272	0	3	2	4	5	1	1276	1476	1700	1956	2146	6000	5000	1	1	1	1	1	1
7	22	0	5	1000	128020	128021.982	128	977.968	3	5	1	2	4	35124	0	1000	990	184	0	3	5	1	2	4	1188	1392	1632	1860	2070	6000	5000	1	1	1	1	1	1
7	23	0	5	1000	133020	133021.999	133	975.967	3	2	4	5	1	32451	0	1000	1062	298	0	3	2	4	5	1	1302	1518	1750	1962	2206	6000	5000	1	1	1	1	1	1
7	24	1	5	1000	138020	138020.011	138	972.015	3	2	4	5	1	32451	0	1000	1050	296	0	3	2	4	5	1	1300	1492	1714	1946	2174	6000	5000	1	1	1	1	1	1
7	25	1	5	1000	143020	143021.981	143	971.98	1	4	5	2	3	14523	0	1000	948	316	0	1	4	5	2	3	1320	1532	1744	1944	2166	6000	5000	1	1	1	1	1	1
7	26	1	5	1000	148020	148021.995	148	969.999	1	4	5	2	3	14523	0	1000	958	304	0	1	4	5	2	3	1308	1514	1742	1956	2170	6000	5000	1	1	1	1	1	1
7	27	1	5	1000	153020	153020.024	153	968.013	1	3	2	5	4	13254	0	1000	1000	478	0	1	3	2	5	4	1482	1684	1920	2128	2352	6000	5000	1	1	1	1	1	1
7	28	1	5	1000	158020	158021.998	158	966.019	3	5	1	2	4	35124	0	1000	936	334	0	3	5	1	2	4	1338	1536	1754	1946	2136	6000	5000	1	1	1	1	1	1
7	29	1	5	1000	163020	163020.007	163	962.012	1	4	5	2	3	14523	0	1000	916	356	0	1	4	5	2	3	1360	1552	1752	1960	2166	6000	5000	1	1	1	1	1	1
7	30	1	5	1000	168020	168020.01	168	961.992	3	5	1	2	4	35124	0	1000	1306	356	0	3	5	1	2	4	1360	1610	1818	2026	2508	6000	5000	1	1	1	1	1	1
7	31	1	5	1000	173020	173022.028	173	962.03	3	2	4	5	1	32451	0	1000	998	328	0	3	2	4	5	1	1332	1526	1734	1950	2164	6000	5000	1	1	1	1	1	1
7	32	0	5	1000	178020	178021.978	178	959.979	1	3	2	5	4	13254	0	1000	1000	332	0	1	3	2	5	4	1336	1564	1790	1982	2196	6000	5000	1	1	1	1	1	1
7	33	1	5	1000	183020	183021.996	183	957.996	1	3	2	5	4	13254	0	1000	980	388	0	1	3	2	5	4	1392	1588	1812	2026	2220	6000	5000	1	1	1	1	1	1
7	34	0	5	1000	188020	188021.997	188	955.999	3	5	1	2	4	35124	0	16000	1080	378	0	3	5	1	2	4	1382	1596	1828	2046	2280	6000	5000	1	1	1	1	1	1
7	35	0	5	1000	208020	208020.032	208	947.984	3	5	1	2	4	35124	0	1000	960	450	0	3	5	1	2	4	1454	1662	1874	2078	2270	6000	5000	1	1	1	1	1	1
7	36	0	5	1000	213020	213020.01	213	946.015	3	5	1	2	4	35124	0	1000	996	792	0	3	5	1	2	4	1796	1990	2166	2382	2622	6000	5000	1	1	1	1	1	1
7	37	1	5	1000	218020	218022.027	218	946.027	3	5	1	2	4	35124	0	1000	920	364	0	3	5	1	2	4	1368	1554	1774	1960	2158	6000	5000	1	1	1	1	1	1
7	38	1	5	1000	223020	223020.009	223	942.012	3	5	1	2	4	35124	0	1000	952	338	0	3	5	1	2	4	1342	1550	1750	1954	2148	6000	5000	1	1	1	1	1	1
7	39	0	5	1000	228020	228021.999	228	941.996	3	2	4	5	1	32451	0	1000	1036	374	0	3	2	4	5	1	1378	1616	1886	2078	2298	6000	5000	1	1	1	1	1	1
7	40	1	5	1000	233020	233020.004	233	938.003	1	3	2	5	4	13254	0	1000	1356	378	1	1	4	2	5	4	1382	1598	2206	2418	2598	6000	5000	0	1	1	1	1	1
7	41	1	5	1000	238020	238020.001	238	938.006	1	3	2	5	4	13254	0	1000	1032	354	0	1	3	2	5	4	1358	1582	1826	2072	2314	6000	5000	1	1	1	1	1	1
7	42	1	5	1000	243020	243022.018	243	938.015	1	4	5	2	3	14523	0	1000	1254	562	0	1	4	5	2	3	1566	1834	2286	2510	2710	6000	5000	1	1	1	1	1	1
7	43	0	5	1000	248020	248020.016	248	934.015	3	5	1	2	4	35124	0	1000	922	1188	0	3	5	1	2	4	2192	2512	2710	2878	2988	6000	5000	1	1	1	1	1	1
7	44	1	5	1000	253020	253021.995	253	934.016	3	2	4	5	1	32451	0	1000	1090	420	0	3	2	4	5	1	1424	1648	1888	2154	2336	6000	5000	1	1	1	1	1	1
7	45	1	5	1000	258020	258021.981	258	932	1	3	2	5	4	13254	0	1000	950	456	0	1	3	2	5	4	1460	1694	1920	2116	2314	6000	5000	1	1	1	1	1	1
7	46	0	5	1000	263020	263020.005	263	928.023	1	4	5	2	3	14523	0	1000	1480	362	0	1	4	5	2	3	1366	1766	2008	2268	2734	6000	5000	1	1	1	1	1	1
7	47	1	5	1000	268020	268021.984	268	928.002	3	2	4	5	1	32451	0	1000	972	322	0	3	2	4	5	1	1326	1530	1752	1950	2194	6000	5000	1	1	1	1	1	1
7	48	0	5	1000	273020	273021.988	273	927.987	3	5	1	2	4	35124	0	1000	922	366	0	3	5	1	2	4	1370	1570	1790	1992	2158	6000	5000	1	1	1	1	1	1
7	49	1	5	1000	278020	278021.985	278	925.998	1	3	2	5	4	13254	0	1000	922	432	0	1	3	2	5	4	1436	1650	1872	2084	2278	6000	5000	1	1	1	1	1	1
7	50	1	5	1000	283020	283020.015	283	922.034	3	2	4	5	1	32451	0	1000	782	330	0	3	2	4	5	1	1334	1518	1714	1906	2096	6000	5000	1	1	1	1	1	1
7	51	0	5	1000	288020	288021.987	288	921.999	1	4	5	2	3	14523	0	16000	900	330	0	1	4	5	2	3	1334	1598	1782	2018	2152	6000	5000	1	1	1	1	1	1
7	52	0	5	1000	308020	308021.99	308	915.988	1	4	5	2	3	14523	0	1000	888	402	0	1	4	5	2	3	1406	1624	1844	2022	2202	6000	5000	1	1	1	1	1	1
7	53	0	5	1000	313020	313021.996	313	914.012	3	2	4	5	1	32451	0	1000	860	398	0	3	2	4	5	1	1402	1620	1820	1998	2134	6000	5000	1	1	1	1	1	1
7	54	0	5	1000	318020	318021.981	318	911.981	1	3	2	5	4	13254	0	1000	818	326	0	1	3	2	5	4	1330	1510	1742	1906	2036	6000	5000	1	1	1	1	1	1
7	55	1	5	1000	323020	323021.985	323	909.99	3	2	4	5	1	32451	0	1000	784	328	0	3	2	4	5	1	1332	1502	1670	1836	2000	6000	5000	1	1	1	1	1	1
7	56	1	5	1000	328020	328020.002	328	906.018	3	2	4	5	1	32451	0	1000	1444	408	1	3	4	4	5	1	1412	1758	2378	2538	2680	6000	5000	0	1	1	1	1	1
7	57	1	5	1000	333020	333021.987	333	906	3	5	1	2	4	35124	0	1000	1000	332	0	3	5	1	2	4	1336	1562	1804	2024	2216	6000	5000	1	1	1	1	1	1
7	58	0	5	1000	338020	338021.982	338	904.001	1	4	5	2	3	14523	0	1000	924	346	0	1	4	5	2	3	1350	1578	1828	2006	2176	6000	5000	1	1	1	1	1	1
7	59	0	5	1000	343020	343022.005	343	904.021	1	3	2	5	4	13254	0	1000	1068	382	0	1	3	2	5	4	1386	1596	1860	2172	2312	6000	5000	1	1	1	1	1	1
7	60	0	5	1000	348020	348021.984	348	901.989	1	4	5	2	3	14523	0	1000	816	438	0	1	4	5	2	3	1442	1644	1870	2020	2152	6000	5000	1	1	1	1	1	1
7	61	1	5	1000	353020	353021.981	353	899.994	3	5	1	2	4	35124	0	1000	808	234	0	3	5	1	2	4	1238	1454	1656	1788	1888	6000	5000	1	1	1	1	1	1
7	62	1	5	1000	358020	358021.992	358	898.01	1	3	2	5	4	13254	0	1000	780	366	0	1	3	2	5	4	1370	1538	1740	1908	2026	6000	5000	1	1	1	1	1	1
7	63	0	5	1000	363020	363021.981	363	895.993	1	3	2	5	4	13254	0	1000	1484	720	0	1	3	2	5	4	1724	1988	2238	2814	3046	6000	5000	1	1	1	1	1	1
7	64	1	5	1000	368020	368020.004	368	892.019	3	5	1	2	4	35124	0	1000	854	360	0	3	5	1	2	4	1364	1572	1764	1958	2072	6000	5000	1	1	1	1	1	1
7	65	0	5	1000	373020	373020.033	373	890.047	1	3	2	5	4	13254	0	1000	1116	314	0	1	3	2	5	4	1318	1556	1944	2144	2330	6000	5000	1	1	1	1	1	1
7	66	1	5	1000	378020	378021.984	378	891.999	1	4	5	2	3	14523	0	1000	974	290	0	1	4	5	2	3	1294	1504	1774	1996	2162	6000	5000	1	1	1	1	1	1
7	67	0	5	1000	383020	383021.98	383	889.995	3	2	4	5	1	32451	0	1000	1010	176	0	3	2	4	5	1	1180	1398	1624	1826	2054	6000	5000	1	1	1	1	1	1
7	68	1	5	1000	388020	388021.985	388	888.001	3	5	1	2	4	35124	0	16000	1074	364	0	3	5	1	2	4	1368	1592	1866	2172	2278	6000	5000	1	1	1	1	1	1
8	1	0	5	1000	8020	8020.027	9	15.983	3	5	1	2	4	35124	0	1000	1062	366	0	3	5	1	2	4	1370	1614	1830	2114	2304	6000	5000	1	1	1	1	1	1
8	2	0	5	1000	13020	13020.053	14	14.046	1	4	5	2	3	14523	0	1000	988	368	0	1	4	5	2	3	1372	1606	1836	2098	2270	6000	5000	1	1	1	1	1	1
8	3	0	5	1000	18020	18020.004	19	13.984	1	4	5	2	3	14523	0	1000	876	424	0	1	4	5	2	3	1428	1654	1860	2072	2234	6000	5000	1	1	1	1	1	1
8	4	0	5	1000	23020	23020.018	24	10.013	3	2	4	5	1	32451	0	1000	886	340	0	3	2	4	5	1	1344	1524	1728	1914	2054	6000	5000	1	1	1	1	1	1
8	5	1	5	1000	28020	28020.006	29	7.961	1	3	2	5	4	13254	0	1000	860	338	0	1	3	2	5	4	1342	1522	1760	1944	2072	6000	5000	1	1	1	1	1	1
8	6	0	5	1000	33020	33020.007	34	5.999	3	5	1	2	4	35124	0	1000	2042	400	1	3	1	1	2	4	1404	2004	2944	3140	3320	6000	5000	0	1	1	1	1	1
8	7	0	5	1000	38020	38020.005	39	5.998	1	3	2	5	4	13254	0	1000	998	292	0	1	3	2	5	4	1296	1518	1762	1952	2164	6000	5000	1	1	1	1	1	1
8	8	0	5	1000	43020	43020.005	44	3.998	1	4	5	2	3	14523	0	1000	910	346	0	1	4	5	2	3	1350	1554	1786	2010	2156	6000	5000	1	1	1	1	1	1
8	9	1	5	1000	48020	48020.002	49	1.996	3	5	1	2	4	35124	0	1000	980	144	0	3	5	1	2	4	1148	1368	1608	1812	2008	6000	5000	1	1	1	1	1	1
8	10	1	5	1000	53020	53020.021	54	0	1	4	5	2	3	14523	0	1000	922	428	0	1	4	5	2	3	1432	1634	1832	2042	2240	6000	5000	1	1	1	1	1	1
8	11	1	5	1000	58020	58020.019	58	997.999	3	2	4	5	1	32451	0	1000	1030	372	0	3	2	4	5	1	1376	1578	1794	1996	2252	6000	5000	1	1	1	1	1	1
8	12	0	5	1000	63020	63020.005	63	996	1	3	2	5	4	13254	0	1000	940	1118	0	1	3	2	5	4	2122	2332	2546	2736	2934	6000	5000	1	1	1	1	1	1
8	13	0	5	1000	68020	68020.002	68	995.977	3	5	1	2	4	35124	0	1000	844	452	0	3	5	1	2	4	1456	1674	1878	2038	2192	6000	5000	1	1	1	1	1	1
8	14	1	5	1000	73020	73020.018	73	994.001	1	3	2	5	4	13254	0	1000	806	376	0	1	3	2	5	4	1380	1578	1764	1914	2054	6000	5000	1	1	1	1	1	1
8	15	1	5	1000	78020	78020.019	78	992	1	3	2	5	4	13254	0	1000	772	456	0	1	3	2	5	4	1460	1648	1834	1968	2100	6000	5000	1	1	1	1	1	1
8	16	1	5	1000	83020	83020.018	83	989.986	1	4	5	2	3	14523	0	1000	858	648	0	1	4	5	2	3	1652	1890	2068	2248	2394	6000	5000	1	1	1	1	1	1
8	17	0	5	1000	88020	88020.01	88	988.004	1	4	5	2	3	14523	0	16000	898	468	0	1	4	5	2	3	1472	1710	1960	2156	2270	6000	5000	1	1	1	1	1	1
8	18	0	5	1000	108020	108020.018	108	982.012	1	4	5	2	3	14523	0	1000	870	1664	0	1	4	5	2	3	2668	2926	3118	3306	3432	6000	5000	1	1	1	1	1	1
8	19	0	5	1000	113020	113020.016	113	980.01	1	3	2	5	4	13254	0	1000	800	406	0	1	3	2	5	4	1410	1622	1812	1964	2122	6000	5000	1	1	1	1	1	1
8	20	1	5	1000	118020	118020.018	118	978.002	3	5	1	2	4	35124	0	1000	726	338	0	3	5	1	2	4	1342	1514	1700	1832	1932	6000	5000	1	1	1	1	1	1
8	21	0	5	1000	123020	123020.009	123	976.002	1	3	2	5	4	13254	0	1000	782	330	0	1	3	2	5	4	1334	1526	1724	1864	2008	6000	5000	1	1	1	1	1	1
8	22	0	5	1000	128020	128022.005	128	975.999	3	2	4	5	1	32451	0	1000	918	434	0	3	2	4	5	1	1438	1638	1862	1982	2202	6000	5000	1	1	1	1	1	1
8	23	0	5	1000	133020	133020.008	133	972	1	3	2	5	4	13254	0	1000	1106	308	1	1	3	2	4	4	1312	1522	1750	1940	2250	6000	5000	0	1	1	1	1	1
8	24	1	5	1000	138020	138020.026	138	972.013	3	2	4	5	1	32451	0	1000	850	356	0	3	2	4	5	1	1360	1536	1738	1898	2074	6000	5000	1	1	1	1	1	1
8	25	0	5	1000	143020	143020.008	143	970.019	3	5	1	2	4	35124	0	1000	872	294	0	3	5	1	2	4	1298	1542	1746	1946	2098	6000	5000	1	1	1	1	1	1
8	26	1	5	1000	148020	148021.989	148	969.986	1	4	5	2	3	14523	0	1000	1176	398	0	1	4	5	2	3	1402	1618	2036	2310	2458	6000	5000	1	1	1	1	1	1
8	27	1	5	1000	153020	153020.005	153	965.998	1	3	2	5	4	13254	0	1000	1374	480	1	1	4	2	5	4	1484	1722	2352	2542	2712	6000	5000	0	1	1	1	1	1
8	28	1	5	1000	158020	158020.006	158	963.998	3	5	1	2	4	35124	0	1000	944	330	0	3	5	1	2	4	1334	1572	1810	2020	2114	6000	5000	1	1	1	1	1	1
8	29	0	5	1000	163020	163020.022	163	962.012	1	4	5	2	3	14523	0	1000	1008	300	0	1	4	5	2	3	1304	1594	1828	2044	2214	6000	5000	1	1	1	1	1	1
8	30	1	5	1000	168020	168022.026	168	962.018	3	2	4	5	1	32451	0	1000	992	354	0	3	2	4	5	1	1358	1576	1806	2022	2232	6000	5000	1	1	1	1	1	1
8	31	1	5	1000	173020	173020.024	173	960.016	3	5	1	2	4	35124	0	1000	918	304	0	3	5	1	2	4	1308	1528	1772	1964	2084	6000	5000	1	1	1	1	1	1
8	32	1	5	1000	178020	178020.001	178	957.994	1	3	2	5	4	13254	0	1000	952	430	0	1	3	2	5	4	1434	1662	1880	2092	2274	6000	5000	1	1	1	1	1	1
8	33	0	5	1000	183020	183021.986	183	957.971	1	4	5	2	3	14523	0	1000	1034	350	0	1	4	5	2	3	1354	1604	1930	2130	2256	6000	5000	1	1	1	1	1	1
8	34	1	5	1000	188020	188020.017	188	954.013	1	3	2	5	4	13254	0	16000	824	370	0	1	3	2	5	4	1374	1572	1764	1928	2074	6000	5000	1	1	1	1	1	1
8	35	1	5	1000	208020	208020.017	208	948.012	1	3	2	5	4	13254	0	1000	852	374	0	1	3	2	5	4	1378	1558	1780	1958	2122	6000	5000	1	1	1	1	1	1
8	36	0	5	1000	213020	213020.018	213	946.01	1	3	2	5	4	13254	0	1000	1292	372	1	1	3	2	4	4	1376	1560	1758	2112	2544	6000	5000	0	1	1	1	1	1
8	37	0	5	1000	218020	218020.006	218	944	1	3	2	5	4	13254	0	1000	896	276	0	1	3	2	5	4	1280	1480	1698	1878	2056	6000	5000	1	1	1	1	1	1
8	38	1	5	1000	223020	223021.985	223	943.982	1	4	5	2	3	14523	0	1000	836	282	0	1	4	5	2	3	1286	1472	1668	1870	2034	6000	5000	1	1	1	1	1	1
8	39	0	5	1000	228020	228020.001	228	939.981	3	5	1	2	4	35124	0	1000	848	340	0	3	5	1	2	4	1344	1536	1742	1928	2096	6000	5000	1	1	1	1	1	1
8	40	0	5	1000	233020	233020.007	233	938	3	2	4	5	1	32451	0	1000	944	322	0	3	2	4	5	1	1326	1514	1722	1912	2122	6000	5000	1	1	1	1	1	1
8	41	1	5	1000	238020	238020.024	238	938.024	3	5	1	2	4	35124	0	1000	836	328	0	3	5	1	2	4	1332	1512	1722	1896	2062	6000	5000	1	1	1	1	1	1
8	42	1	5	1000	243020	243021.991	243	937.984	3	5	1	2	4	35124	0	1000	908	314	0	3	5	1	2	4	1318	1506	1720	1910	2086	6000	5000	1	1	1	1	1	1
8	43	1	5	1000	248020	248020.017	248	934.001	3	2	4	5	1	32451	0	1000	916	300	0	3	2	4	5	1	1304	1486	1684	1864	2072	6000	5000	1	1	1	1	1	1
8	44	1	5	1000	253020	253020.02	253	932.011	1	4	5	2	3	14523	0	1000	842	216	0	1	4	5	2	3	1220	1448	1632	1820	1974	6000	5000	1	1	1	1	1	1
8	45	0	5	1000	258020	258020	258	930.011	3	2	4	5	1	32451	0	1000	998	376	0	3	2	4	5	1	1380	1570	1774	2006	2236	6000	5000	1	1	1	1	1	1
8	46	1	5	1000	263020	263020.009	263	928.016	1	4	5	2	3	14523	0	1000	922	448	0	1	4	5	2	3	1452	1630	1858	2088	2258	6000	5000	1	1	1	1	1	1
8	47	1	5	1000	268020	268021.999	268	927.979	3	5	1	2	4	35124	0	1000	918	358	0	3	5	1	2	4	1362	1570	1792	1986	2074	6000	5000	1	1	1	1	1	1
8	48	0	5	1000	273020	273021.994	273	926.002	3	2	4	5	1	32451	0	1000	968	414	0	3	2	4	5	1	1418	1616	1854	2056	2228	6000	5000	1	1	1	1	1	1
8	49	0	5	1000	278020	278020.015	278	924.017	3	5	1	2	4	35124	0	1000	872	264	0	3	5	1	2	4	1268	1480	1672	1870	1974	6000	5000	1	1	1	1	1	1
8	50	1	5	1000	283020	283022.001	283	924.013	3	5	1	2	4	35124	0	1000	764	326	0	3	5	1	2	4	1330	1506	1676	1858	1932	6000	5000	1	1	1	1	1	1
8	51	0	5	1000	288020	288021.995	288	922.001	3	5	1	2	4	35124	0	16000	950	330	0	3	5	1	2	4	1334	1584	1808	2022	2144	6000	5000	1	1	1	1	1	1
8	52	0	5	1000	308020	308021.997	308	914.003	3	5	1	2	4	35124	0	1000	870	392	0	3	5	1	2	4	1396	1594	1804	1994	2146	6000	5000	1	1	1	1	1	1
8	53	0	5	1000	313020	313020.002	313	911.978	3	5	1	2	4	35124	0	1000	762	426	0	3	5	1	2	4	1430	1626	1806	1940	2074	6000	5000	1	1	1	1	1	1
8	54	1	5	1000	318020	318021.995	318	912.002	3	2	4	5	1	32451	0	1000	856	364	0	3	2	4	5	1	1368	1532	1736	1896	2070	6000	5000	1	1	1	1	1	1
8	55	1	5	1000	323020	323021.991	323	909.992	3	2	4	5	1	32451	0	1000	826	368	0	3	2	4	5	1	1372	1542	1732	1892	2058	6000	5000	1	1	1	1	1	1
8	56	1	5	1000	328020	328020	328	906.001	1	3	2	5	4	13254	0	1000	886	310	0	1	3	2	5	4	1314	1526	1730	1910	2090	6000	5000	1	1	1	1	1	1
8	57	0	5	1000	333020	333021.988	333	905.984	3	2	4	5	1	32451	0	1000	914	334	0	3	2	4	5	1	1338	1526	1738	1904	2096	6000	5000	1	1	1	1	1	1
8	58	0	5	1000	338020	338022.023	338	904.02	3	2	4	5	1	32451	0	1000	868	348	0	3	2	4	5	1	1352	1532	1724	1906	2090	6000	5000	1	1	1	1	1	1
8	59	0	5	1000	343020	343021.991	343	901.991	1	4	5	2	3	14523	0	1000	830	390	0	1	4	5	2	3	1394	1578	1770	1952	2120	6000	5000	1	1	1	1	1	1
8	60	1	5	1000	348020	348021.99	348	901.98	1	4	5	2	3	14523	0	1000	816	358	0	1	4	5	2	3	1362	1546	1736	1914	2076	6000	5000	1	1	1	1	1	1
8	61	1	5	1000	353020	353022.001	353	900.009	1	4	5	2	3	14523	0	1000	750	298	0	1	4	5	2	3	1302	1492	1676	1818	1958	6000	5000	1	1	1	1	1	1
8	62	0	5	1000	358020	358021.999	358	898.008	1	3	2	5	4	13254	0	1000	734	392	0	1	3	2	5	4	1396	1558	1740	1874	2004	6000	5000	1	1	1	1	1	1
8	63	1	5	1000	363020	363021.993	363	895.998	1	3	2	5	4	13254	0	1000	788	390	0	1	3	2	5	4	1394	1562	1750	1900	2050	6000	5000	1	1	1	1	1	1
8	64	1	5	1000	368020	368020.01	368	892.01	3	2	4	5	1	32451	0	1000	796	436	0	3	2	4	5	1	1440	1608	1768	1952	2154	6000	5000	1	1	1	1	1	1
8	65	0	5	1000	373020	373020.007	373	889.995	3	2	4	5	1	32451	0	1000	790	404	0	3	2	4	5	1	1408	1602	1800	1966	2128	6000	5000	1	1	1	1	1	1
8	66	1	5	1000	378020	378020.007	378	887.993	3	2	4	5	1	32451	0	1000	832	246	0	3	2	4	5	1	1250	1424	1616	1804	1936	6000	5000	1	1	1	1	1	1
8	67	0	5	1000	383020	383021.994	383	890.001	1	4	5	2	3	14523	0	1000	816	400	0	1	4	5	2	3	1404	1616	1830	2000	2128	6000	5000	1	1	1	1	1	1
8	68	0	5	1000	388020	388021.995	388	887.984	3	5	1	2	4	35124	0	16000	792	360	0	3	5	1	2	4	1364	1574	1784	1918	2038	6000	5000	1	1	1	1	1	1