BN	TN	seqType	Horizon	PrepTime	startTime	startTimeReal	startTRReal	startTRtime	press0	press1	press2	press3	press4	cueP	complete	iti	MT	RT	isError	response0	response1	response2	response3	response4	pressTime0	pressTime1	pressTime2	pressTime3	pressTime4	timeThreshold	timeThresholdSuper	points	Gain1	Gain2	Gain3	Gain4	Gain5
1	1	1	5	1000	8030	8030.013	9	25.996	3	5	1	2	4	35124	0	1000	1680	566	0	3	5	1	2	4	1570	1968	2284	2694	3026	6000	5000	1	1	1	1	1	1
1	2	1	5	1000	13030	13030.012	14	24.006	1	4	5	2	3	14523	0	1000	1720	382	0	1	4	5	2	3	1386	1724	2032	2470	2854	6000	5000	1	1	1	1	1	1
1	3	0	5	1000	18030	18030.027	19	22.028	1	4	5	2	3	14523	0	1000	2056	438	0	1	4	5	2	3	1442	1812	2270	2800	3228	6000	5000	1	1	1	1	1	1
1	4	0	5	1000	23030	23030.014	24	20.007	3	5	1	2	4	35124	0	1000	1528	478	0	3	5	1	2	4	1482	1776	2028	2512	2792	6000	5000	1	1	1	1	1	1
1	5	1	5	1000	28030	28030	29	20	3	2	4	5	1	32451	0	1000	1308	408	0	3	2	4	5	1	1412	1660	1996	2316	2470	6000	5000	1	1	1	1	1	1
1	6	0	5	1000	33030	33030.005	34	17.991	3	5	1	2	4	35124	0	1000	1776	446	0	3	5	1	2	4	1450	1804	2156	2662	2976	6000	5000	1	1	1	1	1	1
1	7	1	5	1000	38030	38030.003	39	15.992	3	5	1	2	4	35124	0	1000	1736	416	0	3	5	1	2	4	1420	1762	2106	2448	2894	6000	5000	1	1	1	1	1	1
1	8	0	5	1000	43030	43030.008	44	13.989	1	3	2	5	4	13254	0	1000	1754	452	0	1	3	2	5	4	1456	1764	2134	2694	2984	6000	5000	1	1	1	1	1	1
1	9	1	5	1000	48030	48030.013	49	12.007	3	5	1	2	4	35124	0	1000	1554	446	0	3	5	1	2	4	1450	1784	2046	2404	2806	6000	5000	1	1	1	1	1	1
1	10	1	5	1000	53030	53030.014	54	10.001	1	3	2	5	4	13254	0	1000	1706	348	0	1	3	2	5	4	1352	1694	1976	2370	2816	6000	5000	1	1	1	1	1	1
1	11	1	5	1000	58030	58030.001	59	7.997	3	5	1	2	4	35124	0	1000	1646	486	0	3	5	1	2	4	1490	1742	2082	2480	2930	6000	5000	1	1	1	1	1	1
1	12	1	5	1000	63030	63030.014	64	5.989	3	2	4	5	1	32451	0	1000	1556	336	0	3	2	4	5	1	1340	1662	2002	2324	2624	6000	5000	1	1	1	1	1	1
1	13	1	5	1000	68030	68030.008	69	6.007	3	2	4	5	1	32451	0	1000	1674	514	0	3	2	4	5	1	1702	2136	2476	2804	3108	6000	5000	1	1	1	1	1	1
1	14	1	5	1000	73030	73030.013	74	3.991	1	3	2	5	4	13254	0	1000	1648	492	0	1	3	2	5	4	1496	1884	2202	2566	2940	6000	5000	1	1	1	1	1	1
1	15	1	5	1000	78030	78030.007	79	1.996	3	2	4	5	1	32451	0	1000	1574	416	0	3	2	4	5	1	1420	1740	2078	2438	2732	6000	5000	1	1	1	1	1	1
1	16	0	5	1000	83030	83030.002	84	0	1	3	2	5	4	13254	0	1000	1448	398	0	1	3	2	5	4	1402	1688	1976	2354	2630	6000	5000	1	1	1	1	1	1
1	17	0	5	1000	88030	88030.005	88	998.002	1	3	2	5	4	13254	0	16000	1894	340	0	1	3	2	5	4	1344	1654	2030	2576	3014	6000	5000	1	1	1	1	1	1
1	18	0	5	1000	108030	108030.001	108	991.997	1	3	2	5	4	13254	0	1000	1738	510	0	1	3	2	5	4	1514	1856	2244	2680	3050	6000	5000	1	1	1	1	1	1
1	19	0	5	1000	113030	113032.003	113	991.996	3	2	4	5	1	32451	0	1000	1532	378	0	3	2	4	5	1	1382	1692	2016	2382	2690	6000	5000	1	1	1	1	1	1
1	20	0	5	1000	118030	118032.004	118	990.002	1	3	2	5	4	13254	0	1000	1494	412	0	1	3	2	5	4	1416	1706	2038	2372	2650	6000	5000	1	1	1	1	1	1
1	21	1	5	1000	123030	123030.001	123	985.979	1	3	2	5	4	13254	0	1000	1464	362	0	1	3	2	5	4	1366	1656	1962	2286	2588	6000	5000	1	1	1	1	1	1
1	22	0	5	1000	128030	128030.004	128	983.988	1	4	5	2	3	14523	0	1000	2540	352	1	1	3	5	2	3	1356	1654	2596	3178	3674	6000	5000	0	1	1	1	1	1
1	23	1	5	1000	133030	133030.015	133	984.008	3	5	1	2	4	35124	0	1000	1426	458	1	3	5	1	2	3	1462	1796	2108	2450	2760	6000	5000	0	1	1	1	1	1
1	24	0	5	1000	138030	138030.001	138	981.998	3	5	1	2	4	35124	0	1000	1746	364	0	3	5	1	2	4	1368	1718	2048	2490	2892	6000	5000	1	1	1	1	1	1
1	25	1	5	1000	143030	143032.004	143	981.993	1	4	5	2	3	14523	0	1000	1848	438	0	1	4	5	2	3	1442	1896	2236	2666	3058	6000	5000	1	1	1	1	1	1
1	26	1	5	1000	148030	148030.001	148	978.016	3	2	4	5	1	32451	0	1000	1788	406	0	3	2	4	5	1	1410	1724	2286	2604	2942	6000	5000	1	1	1	1	1	1
1	27	1	5	1000	153030	153030.013	153	975.985	3	5	1	2	4	35124	0	1000	2144	320	1	3	5	1	3	4	1324	1632	1998	2342	3246	6000	5000	0	1	1	1	1	1
1	28	0	5	1000	158030	158030.002	158	974.001	3	2	4	5	1	32451	0	1000	1810	690	0	3	2	4	5	1	1694	2072	2520	2890	3228	6000	5000	1	1	1	1	1	1
1	29	1	5	1000	163030	163030.013	163	973.905	3	2	4	5	1	32451	0	1000	1696	436	0	3	2	4	5	1	1440	1816	2178	2532	2870	6000	5000	1	1	1	1	1	1
1	30	0	5	1000	168030	168030.015	168	972.003	1	4	5	2	3	14523	0	1000	2086	450	0	1	4	5	2	3	1454	1872	2316	2894	3264	6000	5000	1	1	1	1	1	1
1	31	0	5	1000	173030	173030.002	173	969.991	1	4	5	2	3	14523	0	1000	2182	410	0	1	4	5	2	3	1414	1764	2316	2942	3352	6000	5000	1	1	1	1	1	1
1	32	0	5	1000	178030	178030.001	178	967.985	3	2	4	5	1	32451	0	1000	1860	424	0	3	2	4	5	1	1428	1780	2190	2628	2990	6000	5000	1	1	1	1	1	1
1	33	1	5	1000	183030	183030.005	183	965.993	1	3	2	5	4	13254	0	1000	1828	392	0	1	3	2	5	4	1396	1754	2116	2526	2994	6000	5000	1	1	1	1	1	1
1	34	0	5	1000	188030	188030.001	188	963.99	1	3	2	5	4	13254	0	16000	1892	354	0	1	3	2	5	4	1358	1708	2080	2540	3014	6000	5000	1	1	1	1	1	1
1	35	0	5	1000	208030	208030.013	208	958.001	1	3	2	5	4	13254	0	1000	1730	548	0	1	3	2	5	4	1552	1840	2228	2634	3000	6000	5000	1	1	1	1	1	1
1	36	1	5	1000	213030	213030.003	213	955.989	1	4	5	2	3	14523	0	1000	1824	396	0	1	4	5	2	3	1400	1800	2140	2576	2952	6000	5000	1	1	1	1	1	1
1	37	0	5	1000	218030	218031.995	218	956.002	3	5	1	2	4	35124	0	1000	1614	392	0	3	5	1	2	4	1396	1738	2040	2412	2748	6000	5000	1	1	1	1	1	1
1	38	0	5	1000	223030	223031.988	223	954	1	3	2	5	4	13254	0	1000	1626	370	0	1	3	2	5	4	1374	1642	1984	2440	2780	6000	5000	1	1	1	1	1	1
1	39	1	5	1000	228030	228030.019	228	950.028	3	2	4	5	1	32451	0	1000	1516	440	0	3	2	4	5	1	1444	1754	2098	2420	2660	6000	5000	1	1	1	1	1	1
1	40	0	5	1000	233030	233031.985	233	950.002	3	2	4	5	1	32451	0	1000	1576	510	0	3	2	4	5	1	1514	1834	2176	2520	2798	6000	5000	1	1	1	1	1	1
1	41	0	5	1000	238030	238031.984	238	949.978	3	2	4	5	1	32451	0	1000	1716	742	0	3	2	4	5	1	1746	2084	2576	2886	3216	6000	5000	1	1	1	1	1	1
1	42	1	5	1000	243030	243030.264	243	946.274	3	5	1	2	4	35124	0	1000	1692	408	0	3	5	1	2	4	1412	1720	2114	2482	2830	6000	5000	1	1	1	1	1	1
1	43	0	5	1000	248030	248031.986	248	946.001	1	4	5	2	3	14523	0	1000	2212	398	0	1	4	5	2	3	1402	1736	2442	3052	3380	6000	5000	1	1	1	1	1	1
1	44	1	5	1000	253030	253031.995	253	943.979	1	4	5	2	3	14523	0	1000	2314	608	1	1	3	5	1	3	1612	1902	2732	3080	3736	6000	5000	0	1	1	1	1	1
1	45	0	5	1000	258030	258031.978	258	941.99	1	3	2	5	4	13254	0	1000	2230	602	0	1	3	2	5	4	1606	2054	2820	3314	3624	6000	5000	1	1	1	1	1	1
1	46	0	5	1000	263030	263031.988	263	940.008	1	4	5	2	3	14523	0	1000	1904	394	0	1	4	5	2	3	1398	1838	2238	2700	3040	6000	5000	1	1	1	1	1	1
1	47	1	5	1000	268030	268030.123	268	936.1	1	3	2	5	4	13254	0	1000	1530	450	0	1	3	2	5	4	1454	1756	2092	2426	2732	6000	5000	1	1	1	1	1	1
1	48	0	5	1000	273030	273030.003	273	936.003	3	5	1	2	4	35124	0	1000	1710	448	0	3	5	1	2	4	1452	1860	2224	2584	2930	6000	5000	1	1	1	1	1	1
1	49	1	5	1000	278030	278032.009	278	936.006	1	3	2	5	4	13254	0	1000	1638	434	0	1	3	2	5	4	1438	1776	2108	2442	2818	6000	5000	1	1	1	1	1	1
1	50	1	5	1000	283030	283032.24	283	934.253	1	4	5	2	3	14523	0	1000	2034	444	1	1	5	4	2	3	1448	2038	2172	2972	3228	6000	5000	0	1	1	1	1	1
1	51	1	5	1000	288030	288030.013	288	929.997	1	3	2	5	4	13254	0	16000	0	648	1	1	4	2	5	0	1652	2208	3492	3892	0	6000	5000	0	1	1	1	1	1
1	52	1	5	1000	308030	308030.012	308	923.98	1	3	2	5	4	13254	0	1000	2450	520	0	1	3	2	5	4	1524	2506	2876	3328	3792	6000	5000	1	1	1	1	1	1
1	53	1	5	1000	313030	313030.003	313	921.991	1	3	2	5	4	13254	0	1000	1818	400	0	1	3	2	5	4	1404	1780	2150	2530	3004	6000	5000	1	1	1	1	1	1
1	54	0	5	1000	318030	318030.016	318	920.004	3	2	4	5	1	32451	0	1000	2268	482	0	3	2	4	5	1	1486	1914	2784	3206	3550	6000	5000	1	1	1	1	1	1
1	55	0	5	1000	323030	323030.012	323	917.972	1	4	5	2	3	14523	0	1000	2008	446	0	1	4	5	2	3	1450	1830	2224	2816	3226	6000	5000	1	1	1	1	1	1
1	56	0	5	1000	328030	328030.003	328	915.983	1	3	2	5	4	13254	0	1000	1698	440	0	1	3	2	5	4	1444	1806	2204	2590	2932	6000	5000	1	1	1	1	1	1
1	57	0	5	1000	333030	333030.013	333	914.001	3	5	1	2	4	35124	0	1000	1990	614	0	3	5	1	2	4	1618	1980	2380	2818	3414	6000	5000	1	1	1	1	1	1
1	58	0	5	1000	338030	338030.015	338	911.998	3	2	4	5	1	32451	0	1000	1812	474	0	3	2	4	5	1	1478	1832	2258	2680	3034	6000	5000	1	1	1	1	1	1
1	59	1	5	1000	343030	343030.017	343	912.003	1	4	5	2	3	14523	0	1000	2204	632	0	1	4	5	2	3	1636	2318	2734	3190	3600	6000	5000	1	1	1	1	1	1
1	60	0	5	1000	348030	348030.007	348	909.993	3	2	4	5	1	32451	0	1000	1708	666	0	3	2	4	5	1	1670	1996	2398	2776	3120	6000	5000	1	1	1	1	1	1
1	61	0	5	1000	353030	353030.016	353	908.003	3	5	1	2	4	35124	0	1000	1682	360	0	3	5	1	2	4	1364	1714	2074	2484	2830	6000	5000	1	1	1	1	1	1
1	62	0	5	1000	358030	358030.011	358	905.999	3	5	1	2	4	35124	0	1000	1698	348	0	3	5	1	2	4	1352	1716	2068	2448	2780	6000	5000	1	1	1	1	1	1
1	63	0	5	1000	363030	363030.016	363	904.001	1	4	5	2	3	14523	0	1000	0	442	1	1	5	5	2	3	1446	1880	2670	3518	3812	6000	5000	0	1	1	1	1	1
1	64	1	5	1000	368030	368030.01	368	902.009	3	2	4	5	1	32451	0	1000	1944	446	0	3	2	4	5	1	1450	1790	2476	2804	3144	6000	5000	1	1	1	1	1	1
1	65	1	5	1000	373030	373030.001	373	899.989	1	4	5	2	3	14523	0	1000	2448	552	0	1	4	5	2	3	1556	2482	2854	3380	3766	6000	5000	1	1	1	1	1	1
1	66	1	5	1000	378030	378030.016	378	898.018	1	4	5	2	3	14523	0	1000	2060	580	0	1	4	5	2	3	1584	2040	2364	3058	3396	6000	5000	1	1	1	1	1	1
1	67	1	5	1000	383030	383030.018	383	898.013	3	5	1	2	4	35124	0	1000	2316	414	0	3	5	1	2	4	1418	1796	2480	2864	3446	6000	5000	1	1	1	1	1	1
1	68	1	5	1000	388030	388030.011	388	895.997	3	5	1	2	4	35124	0	16000	0	508	0	3	5	1	2	0	1512	1912	2892	3616	0	6000	5000	0	1	1	1	1	1
2	1	1	5	1000	8030	8031.995	9	27.997	1	3	2	5	4	13254	0	1000	2160	764	0	1	3	2	5	4	1768	2572	2946	3386	3694	6000	5000	1	1	1	1	1	1
2	2	0	5	1000	13030	13032.03	14	26.034	3	2	4	5	1	32451	0	1000	2060	360	0	3	2	4	5	1	1364	1736	2056	2782	3108	6000	5000	1	1	1	1	1	1
2	3	1	5	1000	18030	18031.997	19	24.005	1	4	5	2	3	14523	0	1000	1932	328	0	1	4	5	2	3	1332	1806	2148	2646	3000	6000	5000	1	1	1	1	1	1
2	4	0	5	1000	23030	23031.999	24	22	1	4	5	2	3	14523	0	1000	1730	318	0	1	4	5	2	3	1322	1684	2002	2494	2818	6000	5000	1	1	1	1	1	1
2	5	0	5	1000	28030	28031.997	29	19.982	3	2	4	5	1	32451	0	1000	1600	440	0	3	2	4	5	1	1444	1754	2150	2510	2766	6000	5000	1	1	1	1	1	1
2	6	0	5	1000	33030	33031.995	34	20.003	1	4	5	2	3	14523	0	1000	1996	380	0	1	4	5	2	3	1384	1814	2202	2696	3122	6000	5000	1	1	1	1	1	1
2	7	0	5	1000	38030	38032.039	39	18.054	1	4	5	2	3	14523	0	1000	1842	348	0	1	4	5	2	3	1352	1724	2122	2578	2942	6000	5000	1	1	1	1	1	1
2	8	1	5	1000	43030	43031.997	44	16.008	1	3	2	5	4	13254	0	1000	1998	458	0	1	3	2	5	4	1462	2164	2532	2892	3224	6000	5000	1	1	1	1	1	1
2	9	1	5	1000	48030	48030	49	11.986	3	5	1	2	4	35124	0	1000	2006	480	0	3	5	1	2	4	1484	1810	2230	2596	3174	6000	5000	1	1	1	1	1	1
2	10	1	5	1000	53030	53031.997	54	11.997	1	3	2	5	4	13254	0	1000	1784	466	0	1	3	2	5	4	1470	1956	2306	2630	2990	6000	5000	1	1	1	1	1	1
2	11	1	5	1000	58030	58032.011	59	9.897	3	2	4	5	1	32451	0	1000	1722	412	0	3	2	4	5	1	1416	1738	2154	2516	2838	6000	5000	1	1	1	1	1	1
2	12	0	5	1000	63030	63030	64	6.005	3	2	4	5	1	32451	0	1000	1600	566	0	3	2	4	5	1	1570	1842	2254	2598	2908	6000	5000	1	1	1	1	1	1
2	13	0	5	1000	68030	68031.985	69	7.998	1	3	2	5	4	13254	0	1000	2350	352	0	1	3	2	5	4	1356	1670	2518	3150	3440	6000	5000	1	1	1	1	1	1
2	14	0	5	1000	73030	73031.982	74	5.996	3	5	1	2	4	35124	0	1000	1788	284	0	3	5	1	2	4	1288	1688	2070	2492	2844	6000	5000	1	1	1	1	1	1
2	15	1	5	1000	78030	78030	79	1.998	3	2	4	5	1	32451	0	1000	1776	320	0	3	2	4	5	1	1324	1698	2060	2450	2856	6000	5000	1	1	1	1	1	1
2	16	1	5	1000	83030	83030.01	84	0	1	4	5	2	3	14523	0	1000	1900	348	0	1	4	5	2	3	1352	1868	2196	2630	3012	6000	5000	1	1	1	1	1	1
2	17	1	5	1000	88030	88031.996	89	0	3	5	1	2	4	35124	0	16000	2392	346	1	3	5	2	2	4	1350	1668	2110	2900	3500	6000	5000	0	1	1	1	1	1
2	18	1	5	1000	108030	108032.014	108	994.007	3	5	1	2	4	35124	0	1000	2002	562	0	3	5	1	2	4	1566	1904	2324	2880	3382	6000	5000	1	1	1	1	1	1
2	19	1	5	1000	113030	113032.001	113	992.014	3	5	1	2	4	35124	0	1000	2470	442	0	3	5	1	2	4	1446	1864	2270	2678	3692	6000	5000	1	1	1	1	1	1
2	20	0	5	1000	118030	118031.995	118	989.999	3	5	1	2	4	35124	0	1000	1942	494	0	3	5	1	2	4	1498	1914	2292	2764	3164	6000	5000	1	1	1	1	1	1
2	21	0	5	1000	123030	123030	123	986.004	1	4	5	2	3	14523	0	1000	2302	568	0	1	4	5	2	3	1572	2058	2426	3030	3608	6000	5000	1	1	1	1	1	1
2	22	1	5	1000	128030	128031.995	128	985.994	3	2	4	5	1	32451	0	1000	1908	408	0	3	2	4	5	1	1412	1774	2240	2672	3032	6000	5000	1	1	1	1	1	1
2	23	1	5	1000	133030	133031.965	133	985.967	1	3	2	5	4	13254	0	1000	2142	334	0	1	3	2	5	4	1338	2030	2388	2800	3264	6000	5000	1	1	1	1	1	1
2	24	1	5	1000	138030	138032.027	138	984.041	1	4	5	2	3	14523	0	1000	0	408	0	1	4	5	2	3	1412	2042	2364	3380	3816	6000	5000	0	1	1	1	1	1
2	25	1	5	1000	143030	143031.988	143	981.991	1	4	5	2	3	14523	0	1000	2518	362	0	1	4	5	2	3	1366	1846	2050	3270	3552	6000	5000	1	1	1	1	1	1
2	26	1	5	1000	148030	148031.999	148	980.011	1	3	2	5	4	13254	0	1000	1834	342	0	1	3	2	5	4	1346	1748	2108	2458	2934	6000	5000	1	1	1	1	1	1
2	27	0	5	1000	153030	153030.017	153	976.024	3	5	1	2	4	35124	0	1000	1932	424	0	3	5	1	2	4	1428	1896	2272	2720	3140	6000	5000	1	1	1	1	1	1
2	28	1	5	1000	158030	158031.997	158	975.983	1	4	5	2	3	14523	0	1000	2256	434	0	1	4	5	2	3	1438	2052	2524	3082	3426	6000	5000	1	1	1	1	1	1
2	29	1	5	1000	163030	163031.997	163	974.012	3	2	4	5	1	32451	0	1000	1868	372	0	3	2	4	5	1	1376	1722	2136	2494	2960	6000	5000	1	1	1	1	1	1
2	30	1	5	1000	168030	168031.999	168	973.999	3	2	4	5	1	32451	0	1000	1660	356	0	3	2	4	5	1	1360	1700	2082	2422	2764	6000	5000	1	1	1	1	1	1
2	31	1	5	1000	173030	173031.985	173	971.986	3	5	1	2	4	35124	0	1000	2432	506	0	3	5	1	2	4	1510	1838	2342	3236	3694	6000	5000	1	1	1	1	1	1
2	32	0	5	1000	178030	178031.996	178	969.992	1	3	2	5	4	13254	0	1000	1482	338	0	1	3	2	5	4	1342	1688	2008	2328	2608	6000	5000	1	1	1	1	1	1
2	33	1	5	1000	183030	183031.997	183	968.002	3	2	4	5	1	32451	0	1000	1294	408	0	3	2	4	5	1	1412	1692	2000	2256	2472	6000	5000	1	1	1	1	1	1
2	34	0	5	1000	188030	188030.031	188	964.043	1	3	2	5	4	13254	0	16000	1452	414	0	1	3	2	5	4	1418	1656	1942	2394	2658	6000	5000	1	1	1	1	1	1
2	35	0	5	1000	208030	208031.997	208	960.008	1	3	2	5	4	13254	0	1000	1400	486	0	1	3	2	5	4	1490	1750	2058	2388	2678	6000	5000	1	1	1	1	1	1
2	36	1	5	1000	213030	213031.988	213	957.99	1	4	5	2	3	14523	0	1000	1990	516	0	1	4	5	2	3	1520	1858	2182	3058	3304	6000	5000	1	1	1	1	1	1
2	37	0	5	1000	218030	218030.034	218	954.047	3	5	1	2	4	35124	0	1000	1562	416	0	3	5	1	2	4	1420	1688	1990	2422	2790	6000	5000	1	1	1	1	1	1
2	38	0	5	1000	223030	223032.006	223	954.019	1	3	2	5	4	13254	0	1000	1460	402	0	1	3	2	5	4	1406	1686	1998	2348	2648	6000	5000	1	1	1	1	1	1
2	39	1	5	1000	228030	228030.005	228	950.009	1	3	2	5	4	13254	0	1000	2234	420	0	1	3	2	5	4	1424	2380	2696	3128	3456	6000	5000	1	1	1	1	1	1
2	40	0	5	1000	233030	233031.992	233	950.017	1	4	5	2	3	14523	0	1000	1964	352	0	1	4	5	2	3	1356	1688	2104	2792	3090	6000	5000	1	1	1	1	1	1
2	41	1	5	1000	238030	238031.973	238	947.998	1	4	5	2	3	14523	0	1000	2070	452	0	1	4	5	2	3	1456	2120	2440	2962	3304	6000	5000	1	1	1	1	1	1
2	42	0	5	1000	243030	243031.971	243	948.004	1	3	2	5	4	13254	0	1000	1648	362	0	1	3	2	5	4	1366	1736	2074	2484	2794	6000	5000	1	1	1	1	1	1
2	43	0	5	1000	248030	248031.971	248	946.002	1	3	2	5	4	13254	0	1000	1454	358	0	1	3	2	5	4	1362	1666	1990	2304	2586	6000	5000	1	1	1	1	1	1
2	44	1	5	1000	253030	253031.98	253	944.007	3	5	1	2	4	35124	0	1000	2038	428	0	3	5	1	2	4	1432	1742	2366	2800	3250	6000	5000	1	1	1	1	1	1
2	45	1	5	1000	258030	258031.976	258	942.009	1	4	5	2	3	14523	0	1000	2364	496	0	1	4	5	2	3	1500	2150	2536	2954	3646	6000	5000	1	1	1	1	1	1
2	46	0	5	1000	263030	263031.983	263	940.019	3	2	4	5	1	32451	0	1000	2026	894	0	3	2	4	5	1	1898	2270	2964	3334	3652	6000	5000	1	1	1	1	1	1
2	47	1	5	1000	268030	268031.973	268	937.989	3	2	4	5	1	32451	0	1000	1806	440	0	3	2	4	5	1	1444	1732	2244	2576	2934	6000	5000	1	1	1	1	1	1
2	48	0	5	1000	273030	273031.988	273	936.018	1	4	5	2	3	14523	0	1000	1964	620	0	1	4	5	2	3	1624	1996	2418	2984	3348	6000	5000	1	1	1	1	1	1
2	49	0	5	1000	278030	278031.971	278	935.998	3	5	1	2	4	35124	0	1000	1696	544	0	3	5	1	2	4	1548	1932	2288	2678	3028	6000	5000	1	1	1	1	1	1
2	50	1	5	1000	283030	283031.981	283	934.003	1	3	2	5	4	13254	0	1000	1530	366	0	1	3	2	5	4	1370	1760	2052	2368	2632	6000	5000	1	1	1	1	1	1
2	51	0	5	1000	288030	288031.994	288	931.984	1	3	2	5	4	13254	0	16000	1756	528	0	1	3	2	5	4	1532	1860	2224	2746	3070	6000	5000	1	1	1	1	1	1
2	52	0	5	1000	308030	308031.988	308	924	1	3	2	5	4	13254	0	1000	1420	458	0	1	3	2	5	4	1462	1806	2122	2404	2674	6000	5000	1	1	1	1	1	1
2	53	0	5	1000	313030	313031.968	313	924.002	1	4	5	2	3	14523	0	1000	2160	392	1	1	4	5	3	2	1396	1718	2076	3136	3356	6000	5000	0	1	1	1	1	1
2	54	0	5	1000	318030	318031.975	318	922.009	1	3	2	5	4	13254	0	1000	1688	464	0	1	3	2	5	4	1468	1842	2222	2592	2926	6000	5000	1	1	1	1	1	1
2	55	0	5	1000	323030	323031.971	323	919.978	3	2	4	5	1	32451	0	1000	1460	456	0	3	2	4	5	1	1460	1746	2112	2420	2694	6000	5000	1	1	1	1	1	1
2	56	0	5	1000	328030	328031.987	328	918.02	3	2	4	5	1	32451	0	1000	1828	518	0	3	2	4	5	1	1522	1764	2216	2676	3110	6000	5000	1	1	1	1	1	1
2	57	0	5	1000	333030	333031.971	333	916	3	5	1	2	4	35124	0	1000	1920	350	0	3	5	1	2	4	1354	1726	2174	2660	3034	6000	5000	1	1	1	1	1	1
2	58	1	5	1000	338030	338031.97	338	914	3	5	1	2	4	35124	0	1000	2148	418	0	3	5	1	2	4	1422	1772	2612	2972	3334	6000	5000	1	1	1	1	1	1
2	59	0	5	1000	343030	343031.967	343	911.999	1	4	5	2	3	14523	0	1000	2224	416	0	1	4	5	2	3	1420	1812	2148	3076	3416	6000	5000	1	1	1	1	1	1
2	60	1	5	1000	348030	348031.988	348	911.981	3	5	1	2	4	35124	0	1000	1958	428	0	3	5	1	2	4	1432	1980	2392	2768	3160	6000	5000	1	1	1	1	1	1
2	61	1	5	1000	353030	353031.968	353	909.995	3	2	4	5	1	32451	0	1000	1626	386	0	3	2	4	5	1	1390	1726	2116	2432	2752	6000	5000	1	1	1	1	1	1
2	62	0	5	1000	358030	358031.98	358	907.956	3	5	1	2	4	35124	0	1000	1708	358	0	3	5	1	2	4	1362	1674	2022	2506	2832	6000	5000	1	1	1	1	1	1
2	63	0	5	1000	363030	363031.987	363	905.939	3	5	1	2	4	35124	0	1000	1716	668	0	3	5	1	2	4	1672	2046	2410	2788	3150	6000	5000	1	1	1	1	1	1
2	64	0	5	1000	368030	368031.99	368	905.984	3	2	4	5	1	32451	0	1000	1716	486	0	3	2	4	5	1	1490	1840	2250	2594	2946	6000	5000	1	1	1	1	1	1
2	65	1	5	1000	373030	373031.996	373	902.005	3	5	1	2	4	35124	0	1000	1802	436	0	3	5	1	2	4	1440	1776	2278	2646	3000	6000	5000	1	1	1	1	1	1
2	66	0	5	1000	378030	378031.97	378	901.998	3	2	4	5	1	32451	0	1000	1648	422	0	3	2	4	5	1	1426	1716	2114	2448	2806	6000	5000	1	1	1	1	1	1
2	67	1	5	1000	383030	383032.054	383	900.08	1	3	2	5	4	13254	0	1000	1700	358	0	1	3	2	5	4	1362	1742	2090	2420	2822	6000	5000	1	1	1	1	1	1
2	68	1	5	1000	388030	388031.983	388	898.013	1	3	2	5	4	13254	0	16000	1640	400	0	1	3	2	5	4	1404	1788	2120	2464	2806	6000	5000	1	1	1	1	1	1
3	1	0	5	1000	8030	8030.001	9	26.017	1	4	5	2	3	14523	0	1000	2178	464	0	1	4	5	2	3	1468	1878	2240	3030	3458	6000	5000	1	1	1	1	1	1
3	2	1	5	1000	13030	13032.004	14	25.983	3	5	1	2	4	35124	0	1000	1906	402	0	3	5	1	2	4	1406	1730	2100	2516	3088	6000	5000	1	1	1	1	1	1
3	3	1	5	1000	18030	18030.015	19	22.012	3	5	1	2	4	35124	0	1000	1770	302	0	3	5	1	2	4	1306	1692	2052	2416	2786	6000	5000	1	1	1	1	1	1
3	4	1	5	1000	23030	23031.998	24	21.996	3	2	4	5	1	32451	0	1000	1584	364	0	3	2	4	5	1	1368	1698	2076	2368	2688	6000	5000	1	1	1	1	1	1
3	5	0	5	1000	28030	28030	29	17.998	1	3	2	5	4	13254	0	1000	1922	380	0	1	3	2	5	4	1384	1692	2010	2706	3070	6000	5000	1	1	1	1	1	1
3	6	0	5	1000	33030	33030.001	34	15.986	3	2	4	5	1	32451	0	1000	1682	464	0	3	2	4	5	1	1468	1804	2170	2510	2858	6000	5000	1	1	1	1	1	1
3	7	1	5	1000	38030	38030.003	39	14.003	1	4	5	2	3	14523	0	1000	2120	382	0	1	4	5	2	3	1386	1932	2310	2738	3248	6000	5000	1	1	1	1	1	1
3	8	0	5	1000	43030	43032.047	44	16.068	1	4	5	2	3	14523	0	1000	1942	392	0	1	4	5	2	3	1396	1778	2172	2724	3084	6000	5000	1	1	1	1	1	1
3	9	0	5	1000	48030	48030.003	49	12.002	3	2	4	5	1	32451	0	1000	1598	402	0	3	2	4	5	1	1406	1710	2078	2424	2750	6000	5000	1	1	1	1	1	1
3	10	1	5	1000	53030	53032.007	54	12.005	3	2	4	5	1	32451	0	1000	2318	316	0	3	2	4	5	1	1320	1640	2136	2910	3356	6000	5000	1	1	1	1	1	1
3	11	1	5	1000	58030	58030.002	59	10.002	1	4	5	2	3	14523	0	1000	2004	420	0	1	4	5	2	3	1424	1834	2160	2760	3152	6000	5000	1	1	1	1	1	1
3	12	0	5	1000	63030	63032.026	64	8.029	3	5	1	2	4	35124	0	1000	2082	326	0	3	5	1	2	4	1330	1740	2228	2662	3134	6000	5000	1	1	1	1	1	1
3	13	1	5	1000	68030	68030.005	69	4.005	3	2	4	5	1	32451	0	1000	1736	416	0	3	2	4	5	1	1420	1740	2142	2504	2884	6000	5000	1	1	1	1	1	1
3	14	0	5	1000	73030	73032.001	74	4.016	3	5	1	2	4	35124	0	1000	1810	674	0	3	5	1	2	4	1678	1994	2386	2776	3254	6000	5000	1	1	1	1	1	1
3	15	0	5	1000	78030	78030	79	1.998	3	5	1	2	4	35124	0	1000	2006	428	0	3	5	1	2	4	1432	1870	2242	2668	3096	6000	5000	1	1	1	1	1	1
3	16	0	5	1000	83030	83030.002	84	0	1	3	2	5	4	13254	0	1000	1974	404	0	1	3	2	5	4	1408	1794	2150	2726	3132	6000	5000	1	1	1	1	1	1
3	17	0	5	1000	88030	88030	88	997.977	3	5	1	2	4	35124	0	16000	1798	496	0	3	5	1	2	4	1500	1838	2192	2548	2974	6000	5000	1	1	1	1	1	1
3	18	0	5	1000	108030	108032.001	108	994.026	3	5	1	2	4	35124	0	1000	1734	514	0	3	5	1	2	4	1518	1852	2164	2526	3014	6000	5000	1	1	1	1	1	1
3	19	1	5	1000	113030	113030.001	113	989.971	3	5	1	2	4	35124	0	1000	2092	464	0	3	5	1	2	4	1468	1772	2404	2754	3304	6000	5000	1	1	1	1	1	1
3	20	0	5	1000	118030	118030.032	118	988.023	1	4	5	2	3	14523	0	1000	2384	416	0	1	4	5	2	3	1420	1878	2500	3148	3562	6000	5000	1	1	1	1	1	1
3	21	1	5	1000	123030	123030.012	123	986.009	1	3	2	5	4	13254	0	1000	1878	306	0	1	3	2	5	4	1310	1656	1978	2512	3002	6000	5000	1	1	1	1	1	1
3	22	1	5	1000	128030	128031.994	128	985.975	1	4	5	2	3	14523	0	1000	2152	374	0	1	4	5	2	3	1378	1864	2252	2848	3304	6000	5000	1	1	1	1	1	1
3	23	0	5	1000	133030	133030	133	982.009	1	3	2	5	4	13254	0	1000	1886	362	0	1	3	2	5	4	1366	1722	2260	2688	3042	6000	5000	1	1	1	1	1	1
3	24	1	5	1000	138030	138031.998	138	981.996	3	2	4	5	1	32451	0	1000	1866	322	0	3	2	4	5	1	1326	1690	2284	2598	2940	6000	5000	1	1	1	1	1	1
3	25	1	5	1000	143030	143032.002	143	981.985	3	2	4	5	1	32451	0	1000	2002	402	0	3	2	4	5	1	1406	1758	2232	2620	3098	6000	5000	1	1	1	1	1	1
3	26	1	5	1000	148030	148030.012	148	977.993	1	3	2	5	4	13254	0	1000	1562	358	0	1	3	2	5	4	1362	1764	2082	2372	2684	6000	5000	1	1	1	1	1	1
3	27	0	5	1000	153030	153032.001	153	977.984	1	3	2	5	4	13254	0	1000	1604	334	0	1	3	2	5	4	1338	1638	1966	2382	2730	6000	5000	1	1	1	1	1	1
3	28	0	5	1000	158030	158032.002	158	976.029	1	3	2	5	4	13254	0	1000	0	332	1	3	3	2	5	0	1336	2250	2990	3418	0	6000	5000	0	1	1	1	1	1
3	29	1	5	1000	163030	163030.004	163	972.005	1	4	5	2	3	14523	0	1000	1898	516	0	1	4	5	2	3	1520	1926	2274	2728	3176	6000	5000	1	1	1	1	1	1
3	30	1	5	1000	168030	168031.998	168	972.011	3	2	4	5	1	32451	0	1000	1650	430	0	3	2	4	5	1	1434	1758	2210	2520	2828	6000	5000	1	1	1	1	1	1
3	31	0	5	1000	173030	173031.999	173	969.975	3	2	4	5	1	32451	0	1000	1770	466	0	3	2	4	5	1	1470	1764	2208	2564	2938	6000	5000	1	1	1	1	1	1
3	32	1	5	1000	178030	178031.988	178	969.986	1	3	2	5	4	13254	0	1000	1810	426	0	1	3	2	5	4	1430	1788	2156	2586	3048	6000	5000	1	1	1	1	1	1
3	33	0	5	1000	183030	183030.002	183	966.001	3	5	1	2	4	35124	0	1000	1816	450	0	3	5	1	2	4	1454	1792	2208	2576	3002	6000	5000	1	1	1	1	1	1
3	34	1	5	1000	188030	188030.001	188	964.002	1	4	5	2	3	14523	0	16000	2032	394	0	1	4	5	2	3	1398	1790	2138	2838	3178	6000	5000	1	1	1	1	1	1
3	35	1	5	1000	208030	208030.002	208	955.989	1	4	5	2	3	14523	0	1000	2038	448	0	1	4	5	2	3	1452	1956	2274	2834	3194	6000	5000	1	1	1	1	1	1
3	36	1	5	1000	213030	213030.002	213	955.999	1	4	5	2	3	14523	0	1000	2176	412	0	1	4	5	2	3	1416	1850	2156	2908	3310	6000	5000	1	1	1	1	1	1
3	37	1	5	1000	218030	218030.003	218	954.002	3	5	1	2	4	35124	0	1000	1816	416	0	3	5	1	2	4	1420	1758	2136	2520	2936	6000	5000	1	1	1	1	1	1
3	38	0	5	1000	223030	223031.984	223	954.008	3	2	4	5	1	32451	0	1000	1470	348	0	3	2	4	5	1	1352	1654	1984	2298	2556	6000	5000	1	1	1	1	1	1
3	39	0	5	1000	228030	228031.97	228	951.992	1	4	5	2	3	14523	0	1000	2156	556	0	1	4	5	2	3	1560	1910	2388	3104	3510	6000	5000	1	1	1	1	1	1
3	40	1	5	1000	233030	233031.975	233	949.998	1	4	5	2	3	14523	0	1000	2006	388	0	1	4	5	2	3	1392	1932	2332	2772	3184	6000	5000	1	1	1	1	1	1
3	41	1	5	1000	238030	238031.973	238	947.971	1	3	2	5	4	13254	0	1000	1782	356	0	1	3	2	5	4	1360	1820	2174	2514	2916	6000	5000	1	1	1	1	1	1
3	42	1	5	1000	243030	243031.972	243	947.99	3	5	1	2	4	35124	0	1000	1938	492	0	3	5	1	2	4	1496	1924	2324	2720	3172	6000	5000	1	1	1	1	1	1
3	43	0	5	1000	248030	248030.004	248	944.016	3	5	1	2	4	35124	0	1000	2234	604	0	3	5	1	2	4	1608	2150	2604	3008	3580	6000	5000	1	1	1	1	1	1
3	44	0	5	1000	253030	253031.982	253	943.993	3	2	4	5	1	32451	0	1000	1796	400	0	3	2	4	5	1	1404	1774	2148	2514	2876	6000	5000	1	1	1	1	1	1
3	45	0	5	1000	258030	258031.976	258	941.995	1	3	2	5	4	13254	0	1000	1942	322	1	1	3	2	5	3	1326	1668	2054	2432	2986	6000	5000	0	1	1	1	1	1
3	46	0	5	1000	263030	263031.982	263	940.011	1	4	5	2	3	14523	0	1000	2416	348	0	1	4	5	2	3	1352	1822	2388	3054	3512	6000	5000	1	1	1	1	1	1
3	47	0	5	1000	268030	268031.975	268	937.99	1	3	2	5	4	13254	0	1000	1976	418	0	1	3	2	5	4	1422	1774	2152	2660	3130	6000	5000	1	1	1	1	1	1
3	48	1	5	1000	273030	273031.976	273	935.999	3	5	1	2	4	35124	0	1000	1750	438	0	3	5	1	2	4	1442	1810	2184	2558	2994	6000	5000	1	1	1	1	1	1
3	49	1	5	1000	278030	278031.976	278	933.999	1	4	5	2	3	14523	0	1000	2088	368	0	1	4	5	2	3	1372	1942	2300	2846	3228	6000	5000	1	1	1	1	1	1
3	50	0	5	1000	283030	283031.971	283	931.999	3	2	4	5	1	32451	0	1000	1964	460	0	3	2	4	5	1	1464	1818	2346	2788	3146	6000	5000	1	1	1	1	1	1
3	51	0	5	1000	288030	288031.973	288	931.998	3	5	1	2	4	35124	0	16000	2200	424	0	3	5	1	2	4	1428	1824	2112	3034	3380	6000	5000	1	1	1	1	1	1
3	52	0	5	1000	308030	308031.972	308	923.996	3	5	1	2	4	35124	0	1000	1650	514	0	3	5	1	2	4	1518	1852	2236	2554	2910	6000	5000	1	1	1	1	1	1
3	53	1	5	1000	313030	313031.974	313	922.003	1	3	2	5	4	13254	0	1000	1906	420	0	1	3	2	5	4	1424	2108	2460	2798	3136	6000	5000	1	1	1	1	1	1
3	54	1	5	1000	318030	318031.977	318	920.004	3	2	4	5	1	32451	0	1000	1362	310	0	3	2	4	5	1	1314	1600	1978	2242	2448	6000	5000	1	1	1	1	1	1
3	55	1	5	1000	323030	323030.022	323	918.029	3	5	1	2	4	35124	0	1000	1746	334	0	3	5	1	2	4	1338	1628	2086	2402	2850	6000	5000	1	1	1	1	1	1
3	56	0	5	1000	328030	328031.999	328	917.978	1	3	2	5	4	13254	0	1000	1588	434	0	1	3	2	5	4	1438	1766	2140	2504	2768	6000	5000	1	1	1	1	1	1
3	57	1	5	1000	333030	333031.992	333	916	1	3	2	5	4	13254	0	1000	1414	390	0	1	3	2	5	4	1394	1726	2012	2332	2614	6000	5000	1	1	1	1	1	1
3	58	1	5	1000	338030	338031.975	338	913.988	1	3	2	5	4	13254	0	1000	1290	368	0	1	3	2	5	4	1372	1650	1886	2148	2396	6000	5000	1	1	1	1	1	1
3	59	0	5	1000	343030	343031.986	343	911.996	3	2	4	5	1	32451	0	1000	1174	380	0	3	2	4	5	1	1384	1590	1882	2148	2310	6000	5000	1	1	1	1	1	1
3	60	0	5	1000	348030	348031.978	348	909.98	3	2	4	5	1	32451	0	1000	1368	388	0	3	2	4	5	1	1392	1612	1938	2254	2552	6000	5000	1	1	1	1	1	1
3	61	1	5	1000	353030	353032.002	353	910.024	3	5	1	2	4	35124	0	1000	1462	444	0	3	5	1	2	4	1448	1698	2006	2328	2686	6000	5000	1	1	1	1	1	1
3	62	1	5	1000	358030	358031.972	358	908	1	3	2	5	4	13254	0	1000	1298	426	0	1	3	2	5	4	1430	1736	1988	2216	2494	6000	5000	1	1	1	1	1	1
3	63	0	5	1000	363030	363031.983	363	905.975	1	4	5	2	3	14523	0	1000	2158	360	0	1	4	5	2	3	1364	1702	2058	2966	3294	6000	5000	1	1	1	1	1	1
3	64	1	5	1000	368030	368030.01	368	901.985	3	2	4	5	1	32451	0	1000	1892	474	0	3	2	4	5	1	1478	1752	2142	2692	3122	6000	5000	1	1	1	1	1	1
3	65	0	5	1000	373030	373031.975	373	902.002	1	4	5	2	3	14523	0	1000	1996	452	0	1	4	5	2	3	1456	1910	2306	2806	3192	6000	5000	1	1	1	1	1	1
3	66	0	5	1000	378030	378032.021	378	900.049	3	5	1	2	4	35124	0	1000	1752	570	0	3	5	1	2	4	1574	1942	2294	2646	3064	6000	5000	1	1	1	1	1	1
3	67	0	5	1000	383030	383030.03	383	896.055	1	4	5	2	3	14523	0	1000	1748	374	0	1	4	5	2	3	1378	1802	2156	2558	2896	6000	5000	1	1	1	1	1	1
3	68	0	5	1000	388030	388031.987	388	896.014	1	4	5	2	3	14523	0	16000	1848	430	0	1	4	5	2	3	1434	1798	2214	2694	3040	6000	5000	1	1	1	1	1	1
4	1	0	5	1000	8030	8030.004	9	25.997	3	5	1	2	4	35124	0	1000	1566	494	0	3	5	1	2	4	1498	1846	2164	2498	2840	6000	5000	1	1	1	1	1	1
4	2	1	5	1000	13030	13030.02	14	24.033	1	3	2	5	4	13254	0	1000	1378	364	0	1	3	2	5	4	1368	1672	1910	2250	2524	6000	5000	1	1	1	1	1	1
4	3	0	5	1000	18030	18030.003	19	22.002	1	3	2	5	4	13254	0	1000	1772	338	0	1	3	2	5	4	1342	1630	2024	2578	2902	6000	5000	1	1	1	1	1	1
4	4	1	5	1000	23030	23030	24	20.002	3	5	1	2	4	35124	0	1000	1594	338	0	3	5	1	2	4	1342	1646	1968	2244	2708	6000	5000	1	1	1	1	1	1
4	5	0	5	1000	28030	28031.987	29	19.998	1	4	5	2	3	14523	0	1000	1758	442	0	1	4	5	2	3	1446	1816	2112	2578	2968	6000	5000	1	1	1	1	1	1
4	6	1	5	1000	33030	33032.084	34	20.094	3	2	4	5	1	32451	0	1000	1496	364	0	3	2	4	5	1	1368	1666	2068	2308	2666	6000	5000	1	1	1	1	1	1
4	7	0	5	1000	38030	38030	39	15.984	1	4	5	2	3	14523	0	1000	1954	398	0	1	4	5	2	3	1402	1820	2238	2704	3104	6000	5000	1	1	1	1	1	1
4	8	0	5	1000	43030	43030	44	13.986	1	3	2	5	4	13254	0	1000	1666	392	0	1	3	2	5	4	1396	1732	2110	2500	2824	6000	5000	1	1	1	1	1	1
4	9	0	5	1000	48030	48031.99	49	14	1	4	5	2	3	14523	0	1000	1908	414	0	1	4	5	2	3	1418	1794	2156	2686	3054	6000	5000	1	1	1	1	1	1
4	10	0	5	1000	53030	53030.03	54	10.032	3	2	4	5	1	32451	0	1000	1998	428	0	3	2	4	5	1	1432	1722	2492	2760	3162	6000	5000	1	1	1	1	1	1
4	11	0	5	1000	58030	58031.988	59	9.998	3	5	1	2	4	35124	0	1000	1566	410	1	3	5	1	2	3	1414	1748	2106	2486	2798	6000	5000	0	1	1	1	1	1
4	12	0	5	1000	63030	63030	64	6.002	1	4	5	2	3	14523	0	1000	2566	434	0	1	4	5	2	3	1438	1936	1946	3482	3748	6000	5000	1	1	1	1	1	1
4	13	1	5	1000	68030	68030.024	69	6.032	1	3	2	5	4	13254	0	1000	1832	878	0	1	3	2	5	4	1882	2280	2598	2978	3438	6000	5000	1	1	1	1	1	1
4	14	0	5	1000	73030	73030.001	74	4.002	1	4	5	2	3	14523	0	1000	2462	530	0	1	4	5	2	3	1534	2172	2544	3492	3776	6000	5000	1	1	1	1	1	1
4	15	0	5	1000	78030	78030.002	79	2.002	3	5	1	2	4	35124	0	1000	0	788	0	3	5	1	2	4	1792	2510	2948	3388	3790	6000	5000	0	1	1	1	1	1
4	16	0	5	1000	83030	83031.99	84	2	3	5	1	2	4	35124	0	1000	0	568	0	3	5	1	2	4	1572	2514	2938	3406	3862	6000	5000	0	1	1	1	1	1
4	17	0	5	1000	88030	88030.001	88	998.011	1	3	2	5	4	13254	0	16000	2528	470	0	1	3	2	5	4	1474	2562	2940	3364	3772	6000	5000	1	1	1	1	1	1
4	18	0	5	1000	108030	108030.003	108	992.003	1	3	2	5	4	13254	0	1000	2122	448	0	1	3	2	5	4	1452	1840	2538	2930	3284	6000	5000	1	1	1	1	1	1
4	19	0	5	1000	113030	113030	113	989.998	3	2	4	5	1	32451	0	1000	1854	380	0	3	2	4	5	1	1384	1624	2248	2578	2960	6000	5000	1	1	1	1	1	1
4	20	1	5	1000	118030	118031.998	118	989.999	3	5	1	2	4	35124	0	1000	0	470	0	3	5	1	2	4	1474	1850	2228	2832	3882	6000	5000	0	1	1	1	1	1
4	21	1	5	1000	123030	123031.984	123	987.984	3	2	4	5	1	32451	0	1000	2092	442	0	3	2	4	5	1	1446	1768	2330	2520	3256	6000	5000	1	1	1	1	1	1
4	22	1	5	1000	128030	128030.083	128	984.086	3	5	1	2	4	35124	0	1000	2028	380	0	3	5	1	2	4	1384	1714	2178	2578	3076	6000	5000	1	1	1	1	1	1
4	23	0	5	1000	133030	133031.998	133	986.008	3	2	4	5	1	32451	0	1000	2014	360	0	3	2	4	5	1	1364	1686	2298	2710	3058	6000	5000	1	1	1	1	1	1
4	24	1	5	1000	138030	138031.987	138	984	3	2	4	5	1	32451	0	1000	1564	340	0	3	2	4	5	1	1344	1642	2054	2320	2586	6000	5000	1	1	1	1	1	1
4	25	0	5	1000	143030	143030.004	143	980.004	3	2	4	5	1	32451	0	1000	1868	414	0	3	2	4	5	1	1418	1724	2218	2554	2980	6000	5000	1	1	1	1	1	1
4	26	0	5	1000	148030	148031.99	148	979.997	1	3	2	5	4	13254	0	1000	1772	468	0	1	3	2	5	4	1472	1832	2190	2634	2976	6000	5000	1	1	1	1	1	1
4	27	1	5	1000	153030	153030.001	153	975.981	1	3	2	5	4	13254	0	1000	1564	380	0	1	3	2	5	4	1384	1758	2062	2350	2688	6000	5000	1	1	1	1	1	1
4	28	1	5	1000	158030	158031.988	158	975.999	3	5	1	2	4	35124	0	1000	1494	410	0	3	5	1	2	4	1414	1710	2014	2322	2624	6000	5000	1	1	1	1	1	1
4	29	0	5	1000	163030	163031.987	163	973.985	3	5	1	2	4	35124	0	1000	2392	400	0	3	5	1	2	4	1404	1642	2390	3116	3528	6000	5000	1	1	1	1	1	1
4	30	1	5	1000	168030	168030.02	168	972.027	3	2	4	5	1	32451	0	1000	1606	426	0	3	2	4	5	1	1430	1734	2120	2446	2746	6000	5000	1	1	1	1	1	1
4	31	0	5	1000	173030	173030.001	173	970.01	1	3	2	5	4	13254	0	1000	0	494	1	3	3	2	5	4	1498	2466	3134	3646	3954	6000	5000	0	1	1	1	1	1
4	32	1	5	1000	178030	178030.041	178	968.04	3	2	4	5	1	32451	0	1000	1604	514	0	3	2	4	5	1	1518	1792	2234	2536	2852	6000	5000	1	1	1	1	1	1
4	33	1	5	1000	183030	183030.003	183	966.01	1	3	2	5	4	13254	0	1000	1496	364	0	1	3	2	5	4	1368	1706	1982	2316	2616	6000	5000	1	1	1	1	1	1
4	34	1	5	1000	188030	188032.069	188	966.052	1	3	2	5	4	13254	0	16000	1368	418	0	1	3	2	5	4	1422	1764	2020	2306	2562	6000	5000	1	1	1	1	1	1
4	35	1	5	1000	208030	208030.011	208	958.015	1	3	2	5	4	13254	0	1000	1378	478	0	1	3	2	5	4	1482	1822	2080	2334	2556	6000	5000	1	1	1	1	1	1
4	36	1	5	1000	213030	213032.086	213	958.085	3	2	4	5	1	32451	0	1000	1526	384	0	3	2	4	5	1	1388	1668	2006	2354	2650	6000	5000	1	1	1	1	1	1
4	37	1	5	1000	218030	218030.016	218	954.013	3	2	4	5	1	32451	0	1000	1704	366	0	3	2	4	5	1	1370	1708	2102	2442	2790	6000	5000	1	1	1	1	1	1
4	38	1	5	1000	223030	223032.008	223	954.031	1	4	5	2	3	14523	0	1000	2296	364	0	1	4	5	2	3	1368	1818	2166	2646	3438	6000	5000	1	1	1	1	1	1
4	39	0	5	1000	228030	228031.987	228	952.001	3	2	4	5	1	32451	0	1000	1566	394	0	3	2	4	5	1	1398	1698	2038	2398	2674	6000	5000	1	1	1	1	1	1
4	40	0	5	1000	233030	233031.972	233	949.992	3	2	4	5	1	32451	0	1000	1810	724	0	3	2	4	5	1	1728	2016	2658	2956	3264	6000	5000	1	1	1	1	1	1
4	41	1	5	1000	238030	238031.976	238	949.999	1	4	5	2	3	14523	0	1000	2160	434	0	1	4	5	2	3	1438	1898	2276	2992	3340	6000	5000	1	1	1	1	1	1
4	42	1	5	1000	243030	243031.985	243	948.009	1	3	2	5	4	13254	0	1000	1522	296	0	1	3	2	5	4	1300	1670	1990	2278	2586	6000	5000	1	1	1	1	1	1
4	43	0	5	1000	248030	248031.99	248	946.009	3	2	4	5	1	32451	0	1000	2000	364	0	3	2	4	5	1	1368	1806	2296	2666	3062	6000	5000	1	1	1	1	1	1
4	44	1	5	1000	253030	253031.975	253	944.003	1	3	2	5	4	13254	0	1000	1448	374	0	1	3	2	5	4	1378	1732	2038	2314	2582	6000	5000	1	1	1	1	1	1
4	45	1	5	1000	258030	258030.008	258	940.008	1	4	5	2	3	14523	0	1000	1914	366	0	1	4	5	2	3	1370	1804	2198	2684	3014	6000	5000	1	1	1	1	1	1
4	46	0	5	1000	263030	263031.975	263	940.001	1	4	5	2	3	14523	0	1000	2140	406	0	1	4	5	2	3	1410	1960	2386	2910	3306	6000	5000	1	1	1	1	1	1
4	47	0	5	1000	268030	268031.973	268	938	1	4	5	2	3	14523	0	1000	1970	418	0	1	4	5	2	3	1422	1842	2220	2756	3138	6000	5000	1	1	1	1	1	1
4	48	1	5	1000	273030	273031.991	273	936.017	3	5	1	2	4	35124	0	1000	1456	402	1	3	5	1	2	3	1406	1698	2044	2346	2564	6000	5000	0	1	1	1	1	1
4	49	1	5	1000	278030	278031.971	278	935.996	3	5	1	2	4	35124	0	1000	1974	392	0	3	5	1	2	4	1396	1694	2102	2472	2974	6000	5000	1	1	1	1	1	1
4	50	0	5	1000	283030	283031.981	283	934.005	1	3	2	5	4	13254	0	1000	1722	496	0	1	3	2	5	4	1500	1850	2170	2606	2938	6000	5000	1	1	1	1	1	1
4	51	0	5	1000	288030	288030.005	288	929.996	1	3	2	5	4	13254	0	16000	1992	410	0	1	3	2	5	4	1414	1784	2314	2758	3142	6000	5000	1	1	1	1	1	1
4	52	0	5	1000	308030	308031.971	308	923.995	1	3	2	5	4	13254	0	1000	1632	628	0	1	3	2	5	4	1632	2032	2360	2708	3020	6000	5000	1	1	1	1	1	1
4	53	0	5	1000	313030	313030.028	313	922.033	3	5	1	2	4	35124	0	1000	1798	334	0	3	5	1	2	4	1338	1660	2032	2432	2884	6000	5000	1	1	1	1	1	1
4	54	1	5	1000	318030	318030.005	318	920.034	3	5	1	2	4	35124	0	1000	2006	396	0	3	5	1	2	4	1400	1754	1996	2664	3154	6000	5000	1	1	1	1	1	1
4	55	1	5	1000	323030	323031.969	323	919.983	1	4	5	2	3	14523	0	1000	2264	356	0	1	4	5	2	3	1360	1940	2364	2932	3378	6000	5000	1	1	1	1	1	1
4	56	0	5	1000	328030	328030	328	916.029	3	5	1	2	4	35124	0	1000	2018	432	0	3	5	1	2	4	1436	1906	2314	2738	3190	6000	5000	1	1	1	1	1	1
4	57	1	5	1000	333030	333032.018	333	916.019	1	4	5	2	3	14523	0	1000	1786	414	0	1	4	5	2	3	1418	1862	2200	2606	2942	6000	5000	1	1	1	1	1	1
4	58	1	5	1000	338030	338030.001	338	912.017	3	2	4	5	1	32451	0	1000	1762	428	0	3	2	4	5	1	1432	1754	2250	2564	2912	6000	5000	1	1	1	1	1	1
4	59	0	5	1000	343030	343032.027	343	912.042	3	5	1	2	4	35124	0	1000	1776	410	0	3	5	1	2	4	1414	1720	2030	2478	2916	6000	5000	1	1	1	1	1	1
4	60	0	5	1000	348030	348031.992	348	912.002	3	2	4	5	1	32451	0	1000	1734	434	0	3	2	4	5	1	1438	1722	2170	2542	2910	6000	5000	1	1	1	1	1	1
4	61	0	5	1000	353030	353030.008	353	908.015	1	4	5	2	3	14523	0	1000	2564	390	0	1	4	5	2	3	1394	1940	2376	3268	3700	6000	5000	1	1	1	1	1	1
4	62	1	5	1000	358030	358031.992	358	908.022	1	4	5	2	3	14523	0	1000	2036	374	0	1	4	5	2	3	1378	1822	2112	2720	3136	6000	5000	1	1	1	1	1	1
4	63	0	5	1000	363030	363031.97	363	905.978	1	3	2	5	4	13254	0	1000	2166	408	0	1	3	2	5	4	1412	1752	2560	3012	3328	6000	5000	1	1	1	1	1	1
4	64	1	5	1000	368030	368030.007	368	902.029	1	4	5	2	3	14523	0	1000	2246	400	0	1	4	5	2	3	1404	1914	2386	3038	3394	6000	5000	1	1	1	1	1	1
4	65	1	5	1000	373030	373031.976	373	901.983	1	4	5	2	3	14523	0	1000	2142	374	0	1	4	5	2	3	1378	1828	2218	2882	3272	6000	5000	1	1	1	1	1	1
4	66	1	5	1000	378030	378031.971	378	899.971	3	5	1	2	4	35124	0	1000	1828	338	0	3	5	1	2	4	1342	1772	2138	2432	2924	6000	5000	1	1	1	1	1	1
4	67	1	5	1000	383030	383031.97	383	899.958	1	3	2	5	4	13254	0	1000	1692	244	0	1	3	2	5	4	1248	1770	2068	2378	2688	6000	5000	1	1	1	1	1	1
4	68	0	5	1000	388030	388031.971	388	897.976	3	5	1	2	4	35124	0	16000	1382	422	1	3	5	1	2	3	1426	1704	1950	2322	2618	6000	5000	0	1	1	1	1	1
5	1	1	5	1000	8030	8030.012	9	26.024	1	4	5	2	3	14523	0	1000	2402	478	0	1	4	5	2	3	1482	2002	2402	2854	3686	6000	5000	1	1	1	1	1	1
5	2	0	5	1000	13030	13030.011	14	24.014	3	2	4	5	1	32451	0	1000	1476	458	0	3	2	4	5	1	1462	1726	2118	2406	2664	6000	5000	1	1	1	1	1	1
5	3	0	5	1000	18030	18030.005	19	22.006	3	5	1	2	4	35124	0	1000	1752	400	0	3	5	1	2	4	1404	1728	2066	2456	2910	6000	5000	1	1	1	1	1	1
5	4	0	5	1000	23030	23031.998	24	21.998	1	3	2	5	4	13254	0	1000	1750	452	0	1	3	2	5	4	1456	1792	2152	2602	2884	6000	5000	1	1	1	1	1	1
5	5	0	5	1000	28030	28030.008	29	18.006	3	2	4	5	1	32451	0	1000	1394	350	0	3	2	4	5	1	1354	1580	1952	2216	2460	6000	5000	1	1	1	1	1	1
5	6	0	5	1000	33030	33031.998	34	19.995	3	2	4	5	1	32451	0	1000	1674	430	0	3	2	4	5	1	1434	1672	2122	2456	2812	6000	5000	1	1	1	1	1	1
5	7	0	5	1000	38030	38031.998	39	18	1	4	5	2	3	14523	0	1000	0	498	0	1	4	5	2	3	1502	2192	2760	3496	3820	6000	5000	0	1	1	1	1	1
5	8	1	5	1000	43030	43031.996	44	15.998	1	4	5	2	3	14523	0	1000	2086	380	0	1	4	5	2	3	1384	1898	2322	2786	3206	6000	5000	1	1	1	1	1	1
5	9	0	5	1000	48030	48031.988	49	14.003	1	3	2	5	4	13254	0	1000	2338	396	1	1	3	2	2	4	1400	1762	2076	2290	3506	6000	5000	0	1	1	1	1	1
5	10	0	5	1000	53030	53032	54	12.001	1	3	2	5	4	13254	0	1000	2120	434	0	1	3	2	5	4	1438	2120	2524	2984	3314	6000	5000	1	1	1	1	1	1
5	11	1	5	1000	58030	58031.999	59	10.001	3	5	1	2	4	35124	0	1000	2566	406	0	3	5	1	2	4	1410	1960	2722	3174	3786	6000	5000	1	1	1	1	1	1
5	12	0	5	1000	63030	63030.001	64	5.983	1	3	2	5	4	13254	0	1000	1958	504	0	1	3	2	5	4	1508	2006	2518	2880	3250	6000	5000	1	1	1	1	1	1
5	13	0	5	1000	68030	68030.041	69	6.041	1	4	5	2	3	14523	0	1000	2304	392	0	1	4	5	2	3	1396	1978	2480	2998	3454	6000	5000	1	1	1	1	1	1
5	14	0	5	1000	73030	73030	74	4.002	3	2	4	5	1	32451	0	1000	1882	606	0	3	2	4	5	1	1610	1890	2428	2882	3206	6000	5000	1	1	1	1	1	1
5	15	1	5	1000	78030	78030.001	79	2.014	3	2	4	5	1	32451	0	1000	2078	444	0	3	2	4	5	1	1448	1762	2550	2904	3222	6000	5000	1	1	1	1	1	1
5	16	0	5	1000	83030	83031.999	84	2.003	3	2	4	5	1	32451	0	1000	1808	446	0	3	2	4	5	1	1450	1698	2188	2566	2942	6000	5000	1	1	1	1	1	1
5	17	1	5	1000	88030	88031.991	89	0	1	4	5	2	3	14523	0	16000	2172	364	0	1	4	5	2	3	1368	2106	2448	2938	3272	6000	5000	1	1	1	1	1	1
5	18	1	5	1000	108030	108031.997	108	993.997	1	4	5	2	3	14523	0	1000	2380	516	0	1	4	5	2	3	1520	2274	2664	3220	3604	6000	5000	1	1	1	1	1	1
5	19	0	5	1000	113030	113032.015	113	992.048	1	4	5	2	3	14523	0	1000	2106	434	0	1	4	5	2	3	1438	1966	2410	2890	3256	6000	5000	1	1	1	1	1	1
5	20	1	5	1000	118030	118032.002	118	990.003	3	5	1	2	4	35124	0	1000	2114	412	0	3	5	1	2	4	1416	1764	2318	2740	3294	6000	5000	1	1	1	1	1	1
5	21	0	5	1000	123030	123030	123	986.001	1	4	5	2	3	14523	0	1000	2402	362	0	1	4	5	2	3	1366	1844	2332	3166	3512	6000	5000	1	1	1	1	1	1
5	22	0	5	1000	128030	128030.018	128	984.032	1	4	5	2	3	14523	0	1000	2104	404	0	1	4	5	2	3	1408	1886	2354	2834	3206	6000	5000	1	1	1	1	1	1
5	23	1	5	1000	133030	133031.999	133	986.012	1	3	2	5	4	13254	0	1000	1528	338	0	1	3	2	5	4	1342	1712	2022	2356	2602	6000	5000	1	1	1	1	1	1
5	24	1	5	1000	138030	138031.988	138	983.999	1	4	5	2	3	14523	0	1000	2322	340	0	1	4	5	2	3	1344	1966	2410	3030	3378	6000	5000	1	1	1	1	1	1
5	25	0	5	1000	143030	143030	143	979.977	3	5	1	2	4	35124	0	1000	1726	342	0	3	5	1	2	4	1346	1636	1968	2442	2818	6000	5000	1	1	1	1	1	1
5	26	0	5	1000	148030	156104.625	148	9052.637	1	4	5	2	3	14523	0	1000	2116	198	0	1	4	5	2	3	1202	1760	2192	2682	3076	6000	5000	1	1	1	1	1	1
5	27	0	5	1000	153030	153031.999	153	978.001	1	3	2	5	4	13254	0	1000	0	360	1	1	4	3	0	0	1364	1838	3092	0	0	6000	5000	0	1	1	1	1	1
5	28	1	5	1000	158030	158031.99	158	976.002	1	3	2	5	4	13254	0	1000	1722	622	0	1	3	2	5	4	1626	2052	2386	2706	3038	6000	5000	1	1	1	1	1	1
5	29	0	5	1000	163030	163031.988	163	976.001	3	5	1	2	4	35124	0	1000	2146	482	0	3	5	1	2	4	1486	1802	2152	2996	3396	6000	5000	1	1	1	1	1	1
5	30	1	5	1000	168030	168031.995	168	973.996	3	2	4	5	1	32451	0	1000	1604	428	0	3	2	4	5	1	1432	1676	2126	2420	2734	6000	5000	1	1	1	1	1	1
5	31	1	5	1000	173030	173030.001	173	969.993	3	5	1	2	4	35124	0	1000	1952	392	0	3	5	1	2	4	1396	1662	2004	2334	3108	6000	5000	1	1	1	1	1	1
5	32	0	5	1000	178030	178031.999	178	970.001	3	5	1	2	4	35124	0	1000	1564	760	0	3	5	1	2	4	1764	2002	2350	2752	3078	6000	5000	1	1	1	1	1	1
5	33	0	5	1000	183030	183030.002	183	966.004	3	5	1	2	4	35124	0	1000	1674	396	0	3	5	1	2	4	1400	1644	1922	2314	2866	6000	5000	1	1	1	1	1	1
5	34	1	5	1000	188030	188030.001	188	963.999	1	4	5	2	3	14523	0	16000	2458	412	0	1	4	5	2	3	1416	1830	1954	2832	3638	6000	5000	1	1	1	1	1	1
5	35	1	5	1000	208030	208031.999	208	960.002	1	4	5	2	3	14523	0	1000	2336	440	0	1	4	5	2	3	1444	2108	2580	3120	3538	6000	5000	1	1	1	1	1	1
5	36	1	5	1000	213030	213030.002	213	956.003	1	3	2	5	4	13254	0	1000	1676	360	0	1	3	2	5	4	1364	1742	2124	2466	2790	6000	5000	1	1	1	1	1	1
5	37	1	5	1000	218030	218031.992	218	955.97	3	2	4	5	1	32451	0	1000	2032	354	0	3	2	4	5	1	1358	1686	2314	2770	3096	6000	5000	1	1	1	1	1	1
5	38	0	5	1000	223030	223031.992	223	954.023	3	5	1	2	4	35124	0	1000	2082	422	0	3	5	1	2	4	1426	1896	2326	2750	3230	6000	5000	1	1	1	1	1	1
5	39	0	5	1000	228030	228031.999	228	952.027	3	2	4	5	1	32451	0	1000	2042	400	0	3	2	4	5	1	1404	1698	2362	2790	3120	6000	5000	1	1	1	1	1	1
5	40	1	5	1000	233030	233031.964	233	949.965	1	3	2	5	4	13254	0	1000	1492	396	0	1	3	2	5	4	1400	1744	2072	2350	2622	6000	5000	1	1	1	1	1	1
5	41	0	5	1000	238030	238031.98	238	950.015	1	3	2	5	4	13254	0	1000	0	1136	0	1	3	2	5	4	2140	2496	3214	3588	3868	6000	5000	0	1	1	1	1	1
5	42	0	5	1000	243030	243031.986	243	948.016	3	5	1	2	4	35124	0	1000	1910	638	0	3	5	1	2	4	1642	1968	2302	2686	3196	6000	5000	1	1	1	1	1	1
5	43	1	5	1000	248030	248031.97	248	945.984	3	5	1	2	4	35124	0	1000	2088	414	0	3	5	1	2	4	1418	1836	2128	2830	3230	6000	5000	1	1	1	1	1	1
5	44	1	5	1000	253030	253031.976	253	943.989	3	2	4	5	1	32451	0	1000	1748	386	0	3	2	4	5	1	1390	1700	2178	2524	2870	6000	5000	1	1	1	1	1	1
5	45	0	5	1000	258030	258031.975	258	942.004	1	4	5	2	3	14523	0	1000	2218	408	0	1	4	5	2	3	1412	1802	2220	3052	3370	6000	5000	1	1	1	1	1	1
5	46	0	5	1000	263030	263030.019	263	938.037	3	5	1	2	4	35124	0	1000	1854	516	0	3	5	1	2	4	1520	1874	2188	2626	3100	6000	5000	1	1	1	1	1	1
5	47	1	5	1000	268030	268031.971	268	937.999	1	3	2	5	4	13254	0	1000	1830	426	0	1	3	2	5	4	1430	1756	2002	2706	2962	6000	5000	1	1	1	1	1	1
5	48	0	5	1000	273030	273031.971	273	935.999	3	2	4	5	1	32451	0	1000	2136	466	0	3	2	4	5	1	1470	1758	2582	2968	3288	6000	5000	1	1	1	1	1	1
5	49	1	5	1000	278030	278031.973	278	936.001	3	5	1	2	4	35124	0	1000	1890	346	0	3	5	1	2	4	1350	1732	2144	2510	2976	6000	5000	1	1	1	1	1	1
5	50	1	5	1000	283030	283031.974	283	933.99	1	3	2	5	4	13254	0	1000	1818	384	0	1	3	2	5	4	1388	1758	2034	2604	2958	6000	5000	1	1	1	1	1	1
5	51	0	5	1000	288030	288031.974	288	931.981	1	4	5	2	3	14523	0	16000	2326	418	0	1	4	5	2	3	1422	2008	2502	3030	3494	6000	5000	1	1	1	1	1	1
5	52	0	5	1000	308030	308031.976	308	923.976	1	4	5	2	3	14523	0	1000	0	534	0	1	4	5	2	0	1538	2140	2584	3164	0	6000	5000	0	1	1	1	1	1
5	53	1	5	1000	313030	313032.017	313	924.038	3	2	4	5	1	32451	0	1000	2016	446	0	3	2	4	5	1	1450	1760	2506	2862	3168	6000	5000	1	1	1	1	1	1
5	54	1	5	1000	318030	318031.97	318	922.001	3	2	4	5	1	32451	0	1000	1756	380	0	3	2	4	5	1	1384	1712	2132	2490	2826	6000	5000	1	1	1	1	1	1
5	55	0	5	1000	323030	323031.988	323	920.017	1	3	2	5	4	13254	0	1000	1524	360	0	1	3	2	5	4	1364	1690	2020	2322	2636	6000	5000	1	1	1	1	1	1
5	56	1	5	1000	328030	328031.979	328	917.991	1	4	5	2	3	14523	0	1000	2138	368	0	1	4	5	2	3	1372	1912	2308	2864	3246	6000	5000	1	1	1	1	1	1
5	57	1	5	1000	333030	333031.986	333	915.998	3	5	1	2	4	35124	0	1000	1984	380	1	3	5	1	2	5	1384	1604	2252	2556	3096	6000	5000	0	1	1	1	1	1
5	58	1	5	1000	338030	338032.004	338	914.007	3	5	1	2	4	35124	0	1000	2062	546	0	3	5	1	2	4	1550	1878	2412	2762	3386	6000	5000	1	1	1	1	1	1
5	59	0	5	1000	343030	343031.973	343	914.004	3	2	4	5	1	32451	0	1000	2124	456	0	3	2	4	5	1	1460	1806	2460	2848	3238	6000	5000	1	1	1	1	1	1
5	60	0	5	1000	348030	348031.966	348	911.97	1	3	2	5	4	13254	0	1000	1792	612	0	1	3	2	5	4	1616	1976	2328	2790	3142	6000	5000	1	1	1	1	1	1
5	61	1	5	1000	353030	353031.969	353	909.999	3	2	4	5	1	32451	0	1000	1824	390	0	3	2	4	5	1	1394	1696	2336	2614	2960	6000	5000	1	1	1	1	1	1
5	62	1	5	1000	358030	358031.988	358	908.01	1	3	2	5	4	13254	0	1000	1532	398	0	1	3	2	5	4	1402	1786	2090	2378	2642	6000	5000	1	1	1	1	1	1
5	63	1	5	1000	363030	363031.988	363	905.996	1	3	2	5	4	13254	0	1000	1382	422	0	1	3	2	5	4	1426	1802	2048	2306	2486	6000	5000	1	1	1	1	1	1
5	64	1	5	1000	368030	368031.986	368	904.018	3	5	1	2	4	35124	0	1000	1582	580	0	3	5	1	2	4	1584	1860	2146	2472	2942	6000	5000	1	1	1	1	1	1
5	65	1	5	1000	373030	373031.971	373	901.992	1	4	5	2	3	14523	0	1000	2040	374	0	1	4	5	2	3	1378	1796	2106	2644	3148	6000	5000	1	1	1	1	1	1
5	66	1	5	1000	378030	378031.971	378	899.983	3	2	4	5	1	32451	0	1000	1726	382	0	3	2	4	5	1	1386	1648	2086	2508	2786	6000	5000	1	1	1	1	1	1
5	67	1	5	1000	383030	383031.978	383	899.973	1	4	5	2	3	14523	0	1000	1654	414	0	1	4	5	2	3	1418	1764	2058	2516	2804	6000	5000	1	1	1	1	1	1
5	68	1	5	1000	388030	388030.009	388	896.036	1	4	5	2	3	14523	0	16000	2130	342	0	1	4	5	2	3	1346	1742	2194	2622	3228	6000	5000	1	1	1	1	1	1
6	1	0	5	1000	8030	8031.987	9	27.988	3	2	4	5	1	32451	0	1000	1748	516	0	3	2	4	5	1	1520	1804	2334	2670	2960	6000	5000	1	1	1	1	1	1
6	2	0	5	1000	13030	13030.015	14	24.016	3	2	4	5	1	32451	0	1000	1832	362	0	3	2	4	5	1	1366	1654	2210	2556	2890	6000	5000	1	1	1	1	1	1
6	3	1	5	1000	18030	18031.987	19	23.987	3	2	4	5	1	32451	0	1000	1580	316	0	3	2	4	5	1	1320	1610	2036	2364	2658	6000	5000	1	1	1	1	1	1
6	4	1	5	1000	23030	23030.005	24	20.004	1	4	5	2	3	14523	0	1000	1934	112	0	1	4	5	2	3	1116	1616	1934	2428	2798	6000	5000	1	1	1	1	1	1
6	5	1	5	1000	28030	28030.02	29	20.023	3	2	4	5	1	32451	0	1000	1584	308	0	3	2	4	5	1	1312	1532	2066	2364	2622	6000	5000	1	1	1	1	1	1
6	6	1	5	1000	33030	33030.002	34	17.991	3	2	4	5	1	32451	0	1000	1536	276	0	3	2	4	5	1	1280	1558	1980	2254	2550	6000	5000	1	1	1	1	1	1
6	7	0	5	1000	38030	38031.99	39	17.992	1	3	2	5	4	13254	0	1000	1660	336	0	1	3	2	5	4	1340	1648	1994	2448	2736	6000	5000	1	1	1	1	1	1
6	8	1	5	1000	43030	43030.001	44	14.002	1	4	5	2	3	14523	0	1000	1950	362	0	1	4	5	2	3	1366	1734	2046	2684	3044	6000	5000	1	1	1	1	1	1
6	9	0	5	1000	48030	48032.005	49	14.005	3	2	4	5	1	32451	0	1000	1902	420	0	3	2	4	5	1	1424	1672	2224	2698	2988	6000	5000	1	1	1	1	1	1
6	10	1	5	1000	53030	53030	54	9.984	1	4	5	2	3	14523	0	1000	1924	396	0	1	4	5	2	3	1400	1862	2218	2712	3054	6000	5000	1	1	1	1	1	1
6	11	0	5	1000	58030	58032	59	9.999	3	5	1	2	4	35124	0	1000	1666	316	0	3	5	1	2	4	1320	1608	1862	2230	2748	6000	5000	1	1	1	1	1	1
6	12	1	5	1000	63030	63030.002	64	7.919	1	3	2	5	4	13254	0	1000	1746	370	0	1	3	2	5	4	1374	1708	1984	2558	2860	6000	5000	1	1	1	1	1	1
6	13	0	5	1000	68030	68032	69	8	3	5	1	2	4	35124	0	1000	1716	344	0	3	5	1	2	4	1348	1664	1996	2396	2794	6000	5000	1	1	1	1	1	1
6	14	0	5	1000	73030	73030.002	74	4.006	1	4	5	2	3	14523	0	1000	1960	528	0	1	4	5	2	3	1532	1972	2330	2876	3228	6000	5000	1	1	1	1	1	1
6	15	1	5	1000	78030	78031.987	79	3.999	1	3	2	5	4	13254	0	1000	1684	386	0	1	3	2	5	4	1390	1774	2126	2524	2828	6000	5000	1	1	1	1	1	1
6	16	0	5	1000	83030	83031.999	84	1.999	1	3	2	5	4	13254	0	1000	2126	814	0	1	3	2	5	4	1818	2228	2896	3350	3690	6000	5000	1	1	1	1	1	1
6	17	0	5	1000	88030	88032.001	89	0	3	5	1	2	4	35124	0	16000	1742	406	0	3	5	1	2	4	1410	1704	2018	2410	2868	6000	5000	1	1	1	1	1	1
6	18	0	5	1000	108030	108031.988	108	993.983	3	5	1	2	4	35124	0	1000	1614	470	0	3	5	1	2	4	1474	1760	2016	2350	2822	6000	5000	1	1	1	1	1	1
6	19	0	5	1000	113030	113030.001	113	990.002	3	5	1	2	4	35124	0	1000	1364	344	0	3	5	1	2	4	1348	1560	1802	2088	2464	6000	5000	1	1	1	1	1	1
6	20	1	5	1000	118030	118031.999	118	989.997	3	2	4	5	1	32451	0	1000	1496	516	0	3	2	4	5	1	1520	1670	2178	2428	2766	6000	5000	1	1	1	1	1	1
6	21	0	5	1000	123030	123031.993	123	987.999	3	5	1	2	4	35124	0	1000	1536	396	0	3	5	1	2	4	1400	1592	1804	2354	2706	6000	5000	1	1	1	1	1	1
6	22	0	5	1000	128030	128030.019	128	986.019	3	2	4	5	1	32451	0	1000	1510	376	0	3	2	4	5	1	1380	1578	2128	2398	2622	6000	5000	1	1	1	1	1	1
6	23	1	5	1000	133030	133030.024	133	983.99	3	5	1	2	4	35124	0	1000	2316	396	1	3	5	2	2	4	1400	1664	2180	2894	3528	6000	5000	0	1	1	1	1	1
6	24	0	5	1000	138030	138030	138	981.998	3	2	4	5	1	32451	0	1000	1750	392	0	3	2	4	5	1	1396	1618	2168	2450	2818	6000	5000	1	1	1	1	1	1
6	25	0	5	1000	143030	143032	143	982.008	1	4	5	2	3	14523	0	1000	2570	392	1	1	5	5	2	3	1396	1788	2604	3466	3704	6000	5000	0	1	1	1	1	1
6	26	0	5	1000	148030	148030.001	148	977.991	3	2	4	5	1	32451	0	1000	1956	340	0	3	2	4	5	1	1344	1632	2364	2696	2992	6000	5000	1	1	1	1	1	1
6	27	0	5	1000	153030	153031.989	153	978.016	3	5	1	2	4	35124	0	1000	2106	596	0	3	5	1	2	4	1600	1914	2534	3056	3458	6000	5000	1	1	1	1	1	1
6	28	1	5	1000	158030	158032	158	976.015	3	5	1	2	4	35124	0	1000	2268	344	1	3	5	1	3	4	1348	1584	1942	2552	3430	6000	5000	0	1	1	1	1	1
6	29	0	5	1000	163030	163032.005	163	975.984	1	3	2	5	4	13254	0	1000	1860	482	0	1	3	2	5	4	1486	1876	2312	2776	3128	6000	5000	1	1	1	1	1	1
6	30	0	5	1000	168030	168030.005	168	972.005	1	4	5	2	3	14523	0	1000	2076	326	0	1	4	5	2	3	1330	1880	2340	2788	3152	6000	5000	1	1	1	1	1	1
6	31	1	5	1000	173030	173030.001	173	970.013	1	4	5	2	3	14523	0	1000	2042	258	0	1	4	5	2	3	1262	1762	2202	2694	3034	6000	5000	1	1	1	1	1	1
6	32	1	5	1000	178030	178032.001	178	970.01	1	4	5	2	3	14523	0	1000	2248	462	0	1	4	5	2	3	1466	2386	2690	3148	3482	6000	5000	1	1	1	1	1	1
6	33	1	5	1000	183030	183030.019	183	966.019	1	3	2	5	4	13254	0	1000	1872	404	0	1	3	2	5	4	1408	2092	2402	2744	3058	6000	5000	1	1	1	1	1	1
6	34	0	5	1000	188030	188031.995	188	965.998	1	4	5	2	3	14523	0	16000	2132	404	1	1	4	5	4	3	1408	1926	2278	2430	3326	6000	5000	0	1	1	1	1	1
6	35	0	5	1000	208030	208030.001	208	958.008	1	4	5	2	3	14523	0	1000	2174	434	0	1	4	5	2	3	1438	2066	2460	2996	3358	6000	5000	1	1	1	1	1	1
6	36	0	5	1000	213030	213031.988	213	957.999	3	5	1	2	4	35124	0	1000	2206	408	0	3	5	1	2	4	1412	1642	2328	2898	3358	6000	5000	1	1	1	1	1	1
6	37	1	5	1000	218030	218032	218	956.001	1	4	5	2	3	14523	0	1000	2044	360	0	1	4	5	2	3	1364	1854	2294	2778	3150	6000	5000	1	1	1	1	1	1
6	38	1	5	1000	223030	223031.979	223	953.976	3	5	1	2	4	35124	0	1000	2080	452	0	3	5	1	2	4	1456	1716	2288	2654	3254	6000	5000	1	1	1	1	1	1
6	39	1	5	1000	228030	228031.99	228	951.996	3	2	4	5	1	32451	0	1000	1928	354	0	3	2	4	5	1	1358	1726	2194	2538	2994	6000	5000	1	1	1	1	1	1
6	40	1	5	1000	233030	233030	233	948.032	1	3	2	5	4	13254	0	1000	1754	382	0	1	3	2	5	4	1386	1780	2152	2508	2912	6000	5000	1	1	1	1	1	1
6	41	0	5	1000	238030	238031.97	238	949.994	3	2	4	5	1	32451	0	1000	1632	382	0	3	2	4	5	1	1386	1676	2082	2446	2760	6000	5000	1	1	1	1	1	1
6	42	1	5	1000	243030	243031.999	243	948.027	1	3	2	5	4	13254	0	1000	1816	398	0	1	3	2	5	4	1402	1808	2178	2584	3032	6000	5000	1	1	1	1	1	1
6	43	1	5	1000	248030	248031.99	248	946.018	1	4	5	2	3	14523	0	1000	2282	518	0	1	4	5	2	3	1522	2104	2662	3190	3530	6000	5000	1	1	1	1	1	1
6	44	0	5	1000	253030	253031.974	253	946.002	1	3	2	5	4	13254	0	1000	1906	634	0	1	3	2	5	4	1638	2028	2530	2926	3266	6000	5000	1	1	1	1	1	1
6	45	0	5	1000	258030	258031.976	258	942.004	1	3	2	5	4	13254	0	1000	1706	502	0	1	3	2	5	4	1506	1910	2244	2606	2914	6000	5000	1	1	1	1	1	1
6	46	1	5	1000	263030	263031.974	263	940.002	1	3	2	5	4	13254	0	1000	1788	428	0	1	3	2	5	4	1432	1820	2158	2680	2966	6000	5000	1	1	1	1	1	1
6	47	1	5	1000	268030	268031.973	268	937.996	3	5	1	2	4	35124	0	1000	2022	442	0	3	5	1	2	4	1446	1700	2226	2584	3192	6000	5000	1	1	1	1	1	1
6	48	1	5	1000	273030	273031.973	273	938.004	1	4	5	2	3	14523	0	1000	0	394	1	1	4	5	1	0	1398	1888	2436	3324	0	6000	5000	0	1	1	1	1	1
6	49	0	5	1000	278030	278031.971	278	935.998	1	4	5	2	3	14523	0	1000	2456	452	0	1	4	5	2	3	1456	2054	2628	3288	3636	6000	5000	1	1	1	1	1	1
6	50	1	5	1000	283030	283031.978	283	934.008	3	2	4	5	1	32451	0	1000	0	440	1	3	2	3	0	0	1444	1810	3410	0	0	6000	5000	0	1	1	1	1	1
6	51	0	5	1000	288030	288031.988	288	932.001	1	4	5	2	3	14523	0	16000	0	550	0	1	4	5	2	3	1554	2108	2182	3462	3736	6000	5000	0	1	1	1	1	1
6	52	0	5	1000	308030	308031.983	308	926.011	1	4	5	2	3	14523	0	1000	0	574	1	1	3	5	2	0	1578	2042	3060	3738	0	6000	5000	0	1	1	1	1	1
6	53	1	5	1000	313030	313031.988	313	924.018	3	5	1	2	4	35124	0	1000	2292	372	0	3	5	1	2	4	1376	1644	2268	2636	3356	6000	5000	1	1	1	1	1	1
6	54	1	5	1000	318030	318031.992	318	922.013	1	3	2	5	4	13254	0	1000	2254	434	1	1	3	2	5	3	1438	1828	2204	2822	3512	6000	5000	0	1	1	1	1	1
6	55	1	5	1000	323030	323031.987	323	920.012	1	3	2	5	4	13254	0	1000	2024	468	0	1	3	2	5	4	1472	1892	2326	2796	3216	6000	5000	1	1	1	1	1	1
6	56	1	5	1000	328030	328031.978	328	917.998	3	2	4	5	1	32451	0	1000	2050	378	0	3	2	4	5	1	1382	1738	2350	2724	3146	6000	5000	1	1	1	1	1	1
6	57	0	5	1000	333030	333031.974	333	915.997	3	2	4	5	1	32451	0	1000	2154	406	0	3	2	4	5	1	1410	1792	2402	2834	3248	6000	5000	1	1	1	1	1	1
6	58	0	5	1000	338030	338031.988	338	914.004	1	3	2	5	4	13254	0	1000	1838	468	0	1	3	2	5	4	1472	1856	2282	2676	3036	6000	5000	1	1	1	1	1	1
6	59	1	5	1000	343030	343031.993	343	913.999	3	5	1	2	4	35124	0	1000	2238	384	0	3	5	1	2	4	1388	1758	2144	2562	3380	6000	5000	1	1	1	1	1	1
6	60	0	5	1000	348030	348032.012	348	911.972	1	4	5	2	3	14523	0	1000	2516	468	0	1	4	5	2	3	1472	2044	2736	3272	3684	6000	5000	1	1	1	1	1	1
6	61	0	5	1000	353030	353031.999	353	909.999	1	4	5	2	3	14523	0	1000	2522	386	0	1	4	5	2	3	1390	1916	2480	3266	3636	6000	5000	1	1	1	1	1	1
6	62	0	5	1000	358030	358030.042	358	906.05	1	3	2	5	4	13254	0	1000	1936	392	0	1	3	2	5	4	1396	1816	2158	2630	3000	6000	5000	1	1	1	1	1	1
6	63	1	5	1000	363030	363030.039	363	904.052	3	2	4	5	1	32451	0	1000	2098	348	0	3	2	4	5	1	1352	1670	2352	2770	3152	6000	5000	1	1	1	1	1	1
6	64	1	5	1000	368030	368030.011	368	902.029	3	5	1	2	4	35124	0	1000	2096	360	0	3	5	1	2	4	1364	1686	2096	2480	3180	6000	5000	1	1	1	1	1	1
6	65	1	5	1000	373030	373031.992	373	902.006	3	5	1	2	4	35124	0	1000	2316	420	0	3	5	1	2	4	1424	1738	2312	2648	3516	6000	5000	1	1	1	1	1	1
6	66	0	5	1000	378030	378031.987	378	901.982	3	5	1	2	4	35124	0	1000	1842	484	0	3	5	1	2	4	1488	1806	2124	2546	2980	6000	5000	1	1	1	1	1	1
6	67	0	5	1000	383030	383030.039	383	898.025	1	3	2	5	4	13254	0	1000	2040	402	0	1	3	2	5	4	1406	1752	2098	2846	3166	6000	5000	1	1	1	1	1	1
6	68	0	5	1000	388030	388031.988	388	897.996	3	2	4	5	1	32451	0	16000	1964	522	0	3	2	4	5	1	1526	1938	2546	2882	3164	6000	5000	1	1	1	1	1	1
7	1	0	5	1000	8030	8032.027	9	26.04	1	3	2	5	4	13254	0	1000	1938	460	0	1	3	2	5	4	1464	1886	2416	2850	3156	6000	5000	1	1	1	1	1	1
7	2	0	5	1000	13030	13031.999	14	23.996	1	4	5	2	3	14523	0	1000	2284	376	0	1	4	5	2	3	1380	1874	2154	3102	3410	6000	5000	1	1	1	1	1	1
7	3	0	5	1000	18030	18031.989	19	21.991	3	2	4	5	1	32451	0	1000	2322	454	1	2	2	4	5	1	1458	2424	2924	3206	3490	6000	5000	0	1	1	1	1	1
7	4	1	5	1000	23030	23030.001	24	20.002	1	3	2	5	4	13254	0	1000	1464	392	0	1	3	2	5	4	1396	1696	1986	2342	2562	6000	5000	1	1	1	1	1	1
7	5	0	5	1000	28030	28031.984	29	19.953	1	4	5	2	3	14523	0	1000	1892	244	0	1	4	5	2	3	1248	1630	1972	2574	2846	6000	5000	1	1	1	1	1	1
7	6	1	5	1000	33030	33031.981	34	17.982	3	2	4	5	1	32451	0	1000	1848	410	0	3	2	4	5	1	1414	1656	2338	2660	2930	6000	5000	1	1	1	1	1	1
7	7	1	5	1000	38030	38031.99	39	15.992	3	2	4	5	1	32451	0	1000	1234	416	0	3	2	4	5	1	1420	1632	1926	2170	2358	6000	5000	1	1	1	1	1	1
7	8	1	5	1000	43030	43031.999	44	14.002	3	5	1	2	4	35124	0	1000	1382	434	1	3	5	1	2	3	1438	1694	1918	2308	2644	6000	5000	0	1	1	1	1	1
7	9	1	5	1000	48030	48031.999	49	11.998	3	5	1	2	4	35124	0	1000	1812	332	0	3	5	1	2	4	1336	1616	2074	2406	2884	6000	5000	1	1	1	1	1	1
7	10	0	5	1000	53030	53030.01	54	7.998	3	2	4	5	1	32451	0	1000	1852	328	0	3	2	4	5	1	1332	1580	2160	2554	2910	6000	5000	1	1	1	1	1	1
7	11	1	5	1000	58030	58032.014	59	10.014	3	2	4	5	1	32451	0	1000	1884	422	0	3	2	4	5	1	1426	1790	2356	2658	3008	6000	5000	1	1	1	1	1	1
7	12	0	5	1000	63030	63031.978	64	7.959	1	3	2	5	4	13254	0	1000	1796	366	0	1	3	2	5	4	1370	1788	2160	2554	2900	6000	5000	1	1	1	1	1	1
7	13	1	5	1000	68030	68031.982	69	5.998	3	2	4	5	1	32451	0	1000	2028	454	0	3	2	4	5	1	1458	1770	2416	2808	3208	6000	5000	1	1	1	1	1	1
7	14	1	5	1000	73030	73032.041	74	4.05	1	4	5	2	3	14523	0	1000	2172	386	0	1	4	5	2	3	1390	1902	2256	2960	3296	6000	5000	1	1	1	1	1	1
7	15	0	5	1000	78030	78032	79	2.002	1	3	2	5	4	13254	0	1000	1674	348	0	1	3	2	5	4	1352	1700	2074	2432	2766	6000	5000	1	1	1	1	1	1
7	16	1	5	1000	83030	83031.998	84	0	3	5	1	2	4	35124	0	1000	1860	372	1	3	5	1	2	5	1376	1666	2182	2496	3062	6000	5000	0	1	1	1	1	1
7	17	0	5	1000	88030	88031.996	88	999.996	3	5	1	2	4	35124	0	16000	1946	582	0	3	5	1	2	4	1586	2016	2368	2798	3282	6000	5000	1	1	1	1	1	1
7	18	0	5	1000	108030	108032.007	108	992.008	3	5	1	2	4	35124	0	1000	1946	414	0	3	5	1	2	4	1418	1766	2094	2540	3092	6000	5000	1	1	1	1	1	1
7	19	0	5	1000	113030	113030.002	113	990.004	1	3	2	5	4	13254	0	1000	1740	342	0	1	3	2	5	4	1346	1706	2010	2464	2780	6000	5000	1	1	1	1	1	1
7	20	0	5	1000	118030	118032.008	118	988.009	3	2	4	5	1	32451	0	1000	1818	334	0	3	2	4	5	1	1338	1596	2204	2530	2816	6000	5000	1	1	1	1	1	1
7	21	0	5	1000	123030	123030.042	123	986.042	3	5	1	2	4	35124	0	1000	1666	290	0	3	5	1	2	4	1294	1608	1884	2298	2622	6000	5000	1	1	1	1	1	1
7	22	0	5	1000	128030	128031.989	128	986.001	1	4	5	2	3	14523	0	1000	0	500	0	1	4	5	2	0	1504	2568	2988	3558	0	6000	5000	0	1	1	1	1	1
7	23	0	5	1000	133030	133031.998	133	983.986	1	4	5	2	3	14523	0	1000	2020	336	0	1	4	5	2	3	1340	1794	2176	2750	3072	6000	5000	1	1	1	1	1	1
7	24	0	5	1000	138030	138030.002	138	979.995	3	5	1	2	4	35124	0	1000	1846	366	0	3	5	1	2	4	1370	1608	1876	2372	2946	6000	5000	1	1	1	1	1	1
7	25	1	5	1000	143030	143031.999	143	979.892	3	2	4	5	1	32451	0	1000	1684	374	0	3	2	4	5	1	1378	1698	2144	2478	2796	6000	5000	1	1	1	1	1	1
7	26	0	5	1000	148030	148032.001	148	978.007	3	5	1	2	4	35124	0	1000	1562	448	0	3	5	1	2	4	1452	1740	1936	2252	2728	6000	5000	1	1	1	1	1	1
7	27	0	5	1000	153030	153031.99	153	975.991	3	2	4	5	1	32451	0	1000	1950	446	0	3	2	4	5	1	1450	1782	2404	2750	3086	6000	5000	1	1	1	1	1	1
7	28	1	5	1000	158030	158030.001	158	972.001	1	4	5	2	3	14523	0	1000	2200	470	0	1	4	5	2	3	1474	2030	2474	3082	3410	6000	5000	1	1	1	1	1	1
7	29	1	5	1000	163030	163032	163	974.001	1	4	5	2	3	14523	0	1000	1830	372	0	1	4	5	2	3	1376	1786	2114	2580	2916	6000	5000	1	1	1	1	1	1
7	30	1	5	1000	168030	168032.001	168	972.001	3	5	1	2	4	35124	0	1000	1814	372	0	3	5	1	2	4	1376	1612	1970	2326	2940	6000	5000	1	1	1	1	1	1
7	31	1	5	1000	173030	173031.998	173	969.999	1	3	2	5	4	13254	0	1000	1742	368	0	1	3	2	5	4	1372	1738	2050	2372	2630	6000	5000	1	1	1	1	1	1
7	32	1	5	1000	178030	178030	178	966.002	3	5	1	2	4	35124	0	1000	2496	340	0	3	5	1	2	4	1344	1640	1900	3152	3584	6000	5000	1	1	1	1	1	1
7	33	1	5	1000	183030	183030.002	183	963.999	1	4	5	2	3	14523	0	1000	1730	394	0	1	4	5	2	3	1398	1800	2062	2524	2852	6000	5000	1	1	1	1	1	1
7	34	0	5	1000	188030	188031.985	188	963.987	1	4	5	2	3	14523	0	16000	0	410	0	1	4	5	2	3	1414	2516	2852	3652	3944	6000	5000	0	1	1	1	1	1
7	35	0	5	1000	208030	208032.008	208	958.008	1	4	5	2	3	14523	0	1000	2278	436	0	1	4	5	2	3	1440	2104	2536	3014	3440	6000	5000	1	1	1	1	1	1
7	36	1	5	1000	213030	213031.998	213	955.999	3	5	1	2	4	35124	0	1000	2388	386	0	3	5	1	2	4	1390	1616	1904	3006	3540	6000	5000	1	1	1	1	1	1
7	37	0	5	1000	218030	218031.974	218	955.96	1	4	5	2	3	14523	0	1000	1840	312	0	1	4	5	2	3	1316	1712	2014	2574	2860	6000	5000	1	1	1	1	1	1
7	38	1	5	1000	223030	223030.002	223	950.008	1	3	2	5	4	13254	0	1000	1686	426	0	1	3	2	5	4	1430	1816	2160	2596	2828	6000	5000	1	1	1	1	1	1
7	39	0	5	1000	228030	228031.991	228	950.002	3	2	4	5	1	32451	0	1000	2322	414	0	3	2	4	5	1	1418	2238	2774	3164	3426	6000	5000	1	1	1	1	1	1
7	40	1	5	1000	233030	233031.99	233	949.997	3	5	1	2	4	35124	0	1000	2046	344	0	3	5	1	2	4	1348	1632	2068	2424	3130	6000	5000	1	1	1	1	1	1
7	41	1	5	1000	238030	238030	238	946.01	3	2	4	5	1	32451	0	1000	1846	356	0	3	2	4	5	1	1360	1684	2230	2590	2902	6000	5000	1	1	1	1	1	1
7	42	0	5	1000	243030	243031.996	243	945.994	1	4	5	2	3	14523	0	1000	2054	324	0	1	4	5	2	3	1328	1832	2276	2748	3104	6000	5000	1	1	1	1	1	1
7	43	0	5	1000	248030	248031.987	248	943.985	1	3	2	5	4	13254	0	1000	1750	462	0	1	3	2	5	4	1466	1842	2160	2558	2906	6000	5000	1	1	1	1	1	1
7	44	0	5	1000	253030	253031.983	253	941.995	3	5	1	2	4	35124	0	1000	1916	394	0	3	5	1	2	4	1398	1764	2086	2476	3030	6000	5000	1	1	1	1	1	1
7	45	1	5	1000	258030	258032.011	258	940.013	1	4	5	2	3	14523	0	1000	1972	448	0	1	4	5	2	3	1452	1938	2298	2754	3104	6000	5000	1	1	1	1	1	1
7	46	0	5	1000	263030	263031.982	263	938.007	3	2	4	5	1	32451	0	1000	1840	336	0	3	2	4	5	1	1340	1642	2206	2598	2874	6000	5000	1	1	1	1	1	1
7	47	0	5	1000	268030	268031.988	268	937.99	3	2	4	5	1	32451	0	1000	1620	434	0	3	2	4	5	1	1438	1758	2224	2476	2754	6000	5000	1	1	1	1	1	1
7	48	0	5	1000	273030	273031.992	273	936.003	1	4	5	2	3	14523	0	1000	2138	378	0	1	4	5	2	3	1382	1818	2194	2894	3236	6000	5000	1	1	1	1	1	1
7	49	1	5	1000	278030	278031.973	278	933.986	1	4	5	2	3	14523	0	1000	1792	318	0	1	4	5	2	3	1322	1748	2050	2534	2842	6000	5000	1	1	1	1	1	1
7	50	1	5	1000	283030	283030.011	283	930.024	1	3	2	5	4	13254	0	1000	1556	396	0	1	3	2	5	4	1400	1750	2072	2368	2572	6000	5000	1	1	1	1	1	1
7	51	0	5	1000	288030	288031.991	288	929.985	3	5	1	2	4	35124	0	16000	1668	344	0	3	5	1	2	4	1348	1616	1892	2400	2726	6000	5000	1	1	1	1	1	1
7	52	0	5	1000	308030	308031.985	308	923.977	3	5	1	2	4	35124	0	1000	0	1142	1	3	5	2	0	0	2146	2720	3142	0	0	6000	5000	0	1	1	1	1	1
7	53	0	5	1000	313030	313030.005	313	920.001	3	5	1	2	4	35124	0	1000	1792	366	0	3	5	1	2	4	1370	1664	1886	2478	2912	6000	5000	1	1	1	1	1	1
7	54	1	5	1000	318030	318030.001	318	918.002	1	3	2	5	4	13254	0	1000	1610	406	0	1	3	2	5	4	1410	1798	2152	2474	2752	6000	5000	1	1	1	1	1	1
7	55	0	5	1000	323030	323031.987	323	917.993	1	3	2	5	4	13254	0	1000	1964	372	0	1	3	2	5	4	1376	2110	2462	2820	3100	6000	5000	1	1	1	1	1	1
7	56	0	5	1000	328030	328030.017	328	914.025	1	3	2	5	4	13254	0	1000	1640	372	0	1	3	2	5	4	1376	1794	2140	2464	2744	6000	5000	1	1	1	1	1	1
7	57	1	5	1000	333030	333031.985	333	913.983	1	3	2	5	4	13254	0	1000	1736	378	0	1	3	2	5	4	1382	1782	2208	2584	2854	6000	5000	1	1	1	1	1	1
7	58	1	5	1000	338030	338031.993	338	914.004	3	2	4	5	1	32451	0	1000	1718	308	0	3	2	4	5	1	1312	1638	2136	2440	2656	6000	5000	1	1	1	1	1	1
7	59	0	5	1000	343030	343030.014	343	910.021	3	2	4	5	1	32451	0	1000	1638	404	0	3	2	4	5	1	1408	1680	2126	2474	2720	6000	5000	1	1	1	1	1	1
7	60	0	5	1000	348030	348031.987	348	909.999	1	3	2	5	4	13254	0	1000	1656	382	0	1	3	2	5	4	1386	1786	2166	2442	2766	6000	5000	1	1	1	1	1	1
7	61	1	5	1000	353030	353031.995	353	908.007	1	4	5	2	3	14523	0	1000	1836	338	0	1	4	5	2	3	1342	1776	2048	2512	2882	6000	5000	1	1	1	1	1	1
7	62	1	5	1000	358030	358031.99	358	906	3	2	4	5	1	32451	0	1000	1532	352	0	3	2	4	5	1	1356	1618	2070	2358	2598	6000	5000	1	1	1	1	1	1
7	63	1	5	1000	363030	363031.991	363	904.004	1	3	2	5	4	13254	0	1000	1648	378	0	1	3	2	5	4	1382	1738	2024	2350	2582	6000	5000	1	1	1	1	1	1
7	64	1	5	1000	368030	368030.018	368	899.984	1	3	2	5	4	13254	0	1000	1778	466	0	1	3	2	5	4	1470	1850	2222	2614	2946	6000	5000	1	1	1	1	1	1
7	65	1	5	1000	373030	373032.002	373	899.988	1	4	5	2	3	14523	0	1000	2444	404	0	1	4	5	2	3	1408	2300	2654	3206	3546	6000	5000	1	1	1	1	1	1
7	66	0	5	1000	378030	378030.001	378	898.012	3	5	1	2	4	35124	0	1000	1746	318	0	3	5	1	2	4	1322	1622	1874	2426	2796	6000	5000	1	1	1	1	1	1
7	67	1	5	1000	383030	383031.999	383	898	3	5	1	2	4	35124	0	1000	2184	344	0	3	5	1	2	4	1348	1696	1988	2628	3280	6000	5000	1	1	1	1	1	1
7	68	0	5	1000	388030	388030.007	388	894.016	1	3	2	5	4	13254	0	16000	2160	376	0	1	3	2	5	4	1380	1742	2494	2950	3286	6000	5000	1	1	1	1	1	1
8	1	1	5	1000	8030	8031.945	9	25.988	3	2	4	5	1	32451	0	1000	1656	472	0	3	2	4	5	1	1476	1834	2272	2602	2774	6000	5000	1	1	1	1	1	1
8	2	1	5	1000	13030	13031.956	14	23.971	3	5	1	2	4	35124	0	1000	1718	328	0	3	5	1	2	4	1332	1594	1878	2390	2806	6000	5000	1	1	1	1	1	1
8	3	0	5	1000	18030	18031.959	19	22.003	1	4	5	2	3	14523	0	1000	1632	330	0	1	4	5	2	3	1334	1670	1934	2432	2742	6000	5000	1	1	1	1	1	1
8	4	0	5	1000	23030	23031.947	24	21.987	1	3	2	5	4	13254	0	1000	1492	362	0	1	3	2	5	4	1366	1720	2016	2290	2560	6000	5000	1	1	1	1	1	1
8	5	1	5	1000	28030	28031.958	29	19.999	1	4	5	2	3	14523	0	1000	1920	300	0	1	4	5	2	3	1304	1676	1956	2538	2974	6000	5000	1	1	1	1	1	1
8	6	0	5	1000	33030	33031.947	34	18.001	3	5	1	2	4	35124	0	1000	1562	228	0	3	5	1	2	4	1232	1532	1732	2070	2528	6000	5000	1	1	1	1	1	1
8	7	0	5	1000	38030	38031.973	39	16.018	1	3	2	5	4	13254	0	1000	1492	384	0	1	3	2	5	4	1388	1750	2038	2318	2592	6000	5000	1	1	1	1	1	1
8	8	0	5	1000	43030	43031.96	44	14.013	1	3	2	5	4	13254	0	1000	1588	294	0	1	3	2	5	4	1298	1606	1876	2224	2634	6000	5000	1	1	1	1	1	1
8	9	1	5	1000	48030	48031.947	49	11.99	1	3	2	5	4	13254	0	1000	1418	428	0	1	3	2	5	4	1432	1764	2054	2346	2570	6000	5000	1	1	1	1	1	1
8	10	0	5	1000	53030	53031.956	54	10.012	3	2	4	5	1	32451	0	1000	1492	364	0	3	2	4	5	1	1368	1606	2060	2364	2566	6000	5000	1	1	1	1	1	1
8	11	1	5	1000	58030	58031.956	59	9.996	1	4	5	2	3	14523	0	1000	2432	400	0	1	4	5	2	3	1404	1894	2194	3354	3608	6000	5000	1	1	1	1	1	1
8	12	0	5	1000	63030	63031.981	64	8.023	1	3	2	5	4	13254	0	1000	1538	410	0	1	3	2	5	4	1414	1752	2068	2384	2644	6000	5000	1	1	1	1	1	1
8	13	0	5	1000	68030	68031.967	69	6.007	1	4	5	2	3	14523	0	1000	1962	368	0	1	4	5	2	3	1372	1782	2112	2782	3052	6000	5000	1	1	1	1	1	1
8	14	0	5	1000	73030	73031.959	74	4.001	3	5	1	2	4	35124	0	1000	2168	670	1	3	5	1	3	4	1674	2036	2428	2782	3614	6000	5000	0	1	1	1	1	1
8	15	1	5	1000	78030	78031.956	79	2	1	4	5	2	3	14523	0	1000	1638	392	0	1	4	5	2	3	1396	1748	2010	2480	2772	6000	5000	1	1	1	1	1	1
8	16	1	5	1000	83030	83031.959	84	0	1	4	5	2	3	14523	0	1000	1838	314	0	1	4	5	2	3	1318	1738	2134	2548	2884	6000	5000	1	1	1	1	1	1
8	17	1	5	1000	88030	88031.958	88	999.994	3	2	4	5	1	32451	0	16000	1662	216	0	3	2	4	5	1	1220	1508	1988	2328	2532	6000	5000	1	1	1	1	1	1
8	18	1	5	1000	108030	108031.971	108	992.016	3	2	4	5	1	32451	0	1000	1584	472	0	3	2	4	5	1	1476	1754	2192	2482	2768	6000	5000	1	1	1	1	1	1
8	19	0	5	1000	113030	113031.961	113	989.984	1	4	5	2	3	14523	0	1000	2126	438	0	1	4	5	2	3	1442	2074	2134	3000	3316	6000	5000	1	1	1	1	1	1
8	20	1	5	1000	118030	118031.947	118	987.987	3	2	4	5	1	32451	0	1000	1680	386	0	3	2	4	5	1	1390	1674	2124	2516	2786	6000	5000	1	1	1	1	1	1
8	21	0	5	1000	123030	123031.95	123	987.913	3	2	4	5	1	32451	0	1000	1596	328	0	3	2	4	5	1	1332	1598	2010	2346	2630	6000	5000	1	1	1	1	1	1
8	22	0	5	1000	128030	128031.956	128	985.987	3	5	1	2	4	35124	0	1000	1618	330	0	3	5	1	2	4	1334	1632	1902	2240	2612	6000	5000	1	1	1	1	1	1
8	23	1	5	1000	133030	133031.947	133	984.001	3	5	1	2	4	35124	0	1000	1684	344	0	3	5	1	2	4	1348	1608	1866	2228	2732	6000	5000	1	1	1	1	1	1
8	24	0	5	1000	138030	138031.961	138	982.003	3	2	4	5	1	32451	0	1000	1586	306	0	3	2	4	5	1	1310	1584	2026	2344	2588	6000	5000	1	1	1	1	1	1
8	25	1	5	1000	143030	143031.967	143	980.012	3	5	1	2	4	35124	0	1000	1582	274	0	3	5	1	2	4	1278	1546	1802	2162	2600	6000	5000	1	1	1	1	1	1
8	26	0	5	1000	148030	148031.939	148	977.981	1	3	2	5	4	13254	0	1000	1516	162	0	1	3	2	5	4	1166	1506	1832	2076	2340	6000	5000	1	1	1	1	1	1
8	27	0	5	1000	153030	153031.961	153	975.98	3	5	1	2	4	35124	0	1000	1484	398	0	3	5	1	2	4	1402	1650	1848	2170	2598	6000	5000	1	1	1	1	1	1
8	28	1	5	1000	158030	158031.947	158	976.001	1	3	2	5	4	13254	0	1000	1352	310	0	1	3	2	5	4	1314	1618	1908	2148	2372	6000	5000	1	1	1	1	1	1
8	29	1	5	1000	163030	163031.957	163	973.996	1	3	2	5	4	13254	0	1000	1356	362	0	1	3	2	5	4	1366	1658	1954	2196	2420	6000	5000	1	1	1	1	1	1
8	30	1	5	1000	168030	168031.961	168	971.92	3	5	1	2	4	35124	0	1000	1662	368	0	3	5	1	2	4	1372	1622	1860	2214	2756	6000	5000	1	1	1	1	1	1
8	31	1	5	1000	173030	173031.952	173	970.008	3	2	4	5	1	32451	0	1000	1430	320	0	3	2	4	5	1	1324	1614	1988	2278	2444	6000	5000	1	1	1	1	1	1
8	32	0	5	1000	178030	178031.956	178	967.996	1	3	2	5	4	13254	0	1000	1414	372	0	1	3	2	5	4	1376	1664	1978	2196	2426	6000	5000	1	1	1	1	1	1
8	33	0	5	1000	183030	183031.961	183	965.981	3	2	4	5	1	32451	0	1000	1810	374	0	3	2	4	5	1	1378	1668	2312	2626	2936	6000	5000	1	1	1	1	1	1
8	34	0	5	1000	188030	188031.959	188	963.978	1	3	2	5	4	13254	0	16000	1622	372	0	1	3	2	5	4	1376	1760	2092	2410	2656	6000	5000	1	1	1	1	1	1
8	35	0	5	1000	208030	208031.947	208	957.987	1	3	2	5	4	13254	0	1000	1626	502	0	1	3	2	5	4	1506	1828	2188	2588	2792	6000	5000	1	1	1	1	1	1
8	36	1	5	1000	213030	213031.961	213	955.921	3	2	4	5	1	32451	0	1000	1420	520	0	3	2	4	5	1	1524	1784	2168	2414	2620	6000	5000	1	1	1	1	1	1
8	37	0	5	1000	218030	218031.947	218	953.989	3	5	1	2	4	35124	0	1000	1534	318	0	3	5	1	2	4	1322	1552	1708	2248	2620	6000	5000	1	1	1	1	1	1
8	38	0	5	1000	223030	223031.953	223	951.997	3	5	1	2	4	35124	0	1000	1392	516	0	3	5	1	2	4	1520	1782	1964	2284	2664	6000	5000	1	1	1	1	1	1
8	39	0	5	1000	228030	228031.947	228	951.976	1	4	5	2	3	14523	0	1000	1762	312	1	1	4	5	4	3	1316	1642	1910	2126	2908	6000	5000	0	1	1	1	1	1
8	40	0	5	1000	233030	233031.959	233	950.01	1	4	5	2	3	14523	0	1000	1928	360	0	1	4	5	2	3	1364	1734	2060	2796	3056	6000	5000	1	1	1	1	1	1
8	41	1	5	1000	238030	238031.947	238	947.949	1	4	5	2	3	14523	0	1000	1522	278	0	1	4	5	2	3	1282	1634	1908	2314	2530	6000	5000	1	1	1	1	1	1
8	42	1	5	1000	243030	243031.96	243	945.989	3	5	1	2	4	35124	0	1000	2088	300	0	3	5	1	2	4	1304	1516	1690	2662	3162	6000	5000	1	1	1	1	1	1
8	43	1	5	1000	248030	248031.947	248	944.001	3	5	1	2	4	35124	0	1000	1674	376	0	3	5	1	2	4	1380	1620	1840	2272	2816	6000	5000	1	1	1	1	1	1
8	44	1	5	1000	253030	253031.959	253	941.999	1	4	5	2	3	14523	0	1000	1896	326	0	1	4	5	2	3	1330	1726	2008	2544	2924	6000	5000	1	1	1	1	1	1
8	45	1	5	1000	258030	258031.947	258	939.969	1	3	2	5	4	13254	0	1000	1798	424	0	1	3	2	5	4	1428	1816	2254	2592	2940	6000	5000	1	1	1	1	1	1
8	46	1	5	1000	263030	263031.948	263	937.998	3	2	4	5	1	32451	0	1000	1888	342	0	3	2	4	5	1	1346	1700	2394	2690	2938	6000	5000	1	1	1	1	1	1
8	47	1	5	1000	268030	268031.956	268	938.008	3	2	4	5	1	32451	0	1000	1614	362	0	3	2	4	5	1	1366	1684	2122	2432	2646	6000	5000	1	1	1	1	1	1
8	48	1	5	1000	273030	273031.95	273	935.99	1	4	5	2	3	14523	0	1000	1806	372	0	1	4	5	2	3	1376	1806	2076	2584	2864	6000	5000	1	1	1	1	1	1
8	49	0	5	1000	278030	278031.948	278	933.991	1	4	5	2	3	14523	0	1000	1892	320	0	1	4	5	2	3	1324	1722	2038	2652	2952	6000	5000	1	1	1	1	1	1
8	50	0	5	1000	283030	283031.949	283	931.993	3	2	4	5	1	32451	0	1000	1480	396	0	3	2	4	5	1	1400	1676	2102	2352	2580	6000	5000	1	1	1	1	1	1
8	51	1	5	1000	288030	288031.945	288	930	3	2	4	5	1	32451	0	16000	1458	326	0	3	2	4	5	1	1330	1648	2042	2312	2526	6000	5000	1	1	1	1	1	1
8	52	1	5	1000	308030	308031.967	308	924.013	3	2	4	5	1	32451	0	1000	1532	404	0	3	2	4	5	1	1408	1702	2090	2332	2602	6000	5000	1	1	1	1	1	1
8	53	1	5	1000	313030	313031.958	313	921.992	1	3	2	5	4	13254	0	1000	1770	344	0	1	3	2	5	4	1348	1720	2196	2570	2826	6000	5000	1	1	1	1	1	1
8	54	1	5	1000	318030	318031.945	318	919.999	1	4	5	2	3	14523	0	1000	1654	268	0	1	4	5	2	3	1272	1664	1842	2390	2652	6000	5000	1	1	1	1	1	1
8	55	0	5	1000	323030	323031.95	323	918.001	3	2	4	5	1	32451	0	1000	1650	336	0	3	2	4	5	1	1340	1600	2188	2504	2702	6000	5000	1	1	1	1	1	1
8	56	0	5	1000	328030	328031.961	328	916.013	3	2	4	5	1	32451	0	1000	1520	340	0	3	2	4	5	1	1344	1606	2086	2350	2564	6000	5000	1	1	1	1	1	1
8	57	1	5	1000	333030	333031.945	333	913.997	1	3	2	5	4	13254	0	1000	1402	380	0	1	3	2	5	4	1384	1688	2004	2292	2504	6000	5000	1	1	1	1	1	1
8	58	0	5	1000	338030	338031.93	338	913.978	1	4	5	2	3	14523	0	1000	1862	350	0	1	4	5	2	3	1354	1758	2122	2574	2964	6000	5000	1	1	1	1	1	1
8	59	1	5	1000	343030	343031.947	343	912.014	1	3	2	5	4	13254	0	1000	1404	366	0	1	3	2	5	4	1370	1692	1948	2202	2402	6000	5000	1	1	1	1	1	1
8	60	0	5	1000	348030	348031.962	348	910.017	3	5	1	2	4	35124	0	1000	1576	380	0	3	5	1	2	4	1384	1682	1940	2444	2722	6000	5000	1	1	1	1	1	1
8	61	0	5	1000	353030	353031.945	353	907.982	3	2	4	5	1	32451	0	1000	1344	292	0	3	2	4	5	1	1296	1542	1912	2132	2322	6000	5000	1	1	1	1	1	1
8	62	0	5	1000	358030	358031.95	358	905.976	1	4	5	2	3	14523	0	1000	1674	412	0	1	4	5	2	3	1416	1738	1914	2640	2826	6000	5000	1	1	1	1	1	1
8	63	1	5	1000	363030	363031.959	363	904.012	3	5	1	2	4	35124	0	1000	1736	316	0	3	5	1	2	4	1320	1554	1692	2416	2820	6000	5000	1	1	1	1	1	1
8	64	1	5	1000	368030	368031.961	368	902.013	1	3	2	5	4	13254	0	1000	1360	306	0	1	3	2	5	4	1310	1612	1886	2144	2346	6000	5000	1	1	1	1	1	1
8	65	0	5	1000	373030	373031.951	373	902.005	1	3	2	5	4	13254	0	1000	1870	364	0	1	3	2	5	4	1368	1720	2280	2576	2970	6000	5000	1	1	1	1	1	1
8	66	1	5	1000	378030	378031.951	378	899.992	3	5	1	2	4	35124	0	1000	1486	412	0	3	5	1	2	4	1416	1702	1880	2208	2674	6000	5000	1	1	1	1	1	1
8	67	0	5	1000	383030	383031.964	383	898.031	3	5	1	2	4	35124	0	1000	1668	234	0	3	5	1	2	4	1238	1484	1526	2246	2652	6000	5000	1	1	1	1	1	1
8	68	1	5	1000	388030	388031.959	388	896.012	3	2	4	5	1	32451	0	16000	1604	366	1	3	2	3	5	1	1370	1710	1790	2414	2674	6000	5000	0	1	1	1	1	1