BN	TN	seqType	Horizon	PrepTime	startTime	startTimeReal	startTRReal	startTRtime	press0	press1	press2	press3	press4	cueP	complete	iti	MT	RT	isError	response0	response1	response2	response3	response4	pressTime0	pressTime1	pressTime2	pressTime3	pressTime4	timeThreshold	timeThresholdSuper	points	Gain1	Gain2	Gain3	Gain4	Gain5
1	1	0	5	1000	8020	8020	9	15.999	3	2	4	5	1	32451	0	1000	1582	582	0	3	2	4	5	1	1586	1958	2284	2696	3032	6000	5000	1	1	1	1	1	1
1	2	1	5	1000	13020	13021.986	14	15.999	3	2	4	5	1	32451	0	1000	1554	642	0	3	2	4	5	1	1646	2002	2364	2688	3054	6000	5000	1	1	1	1	1	1
1	3	0	5	1000	18020	18020.023	19	12.014	1	3	2	5	4	13254	0	1000	1548	550	0	1	3	2	5	4	1554	1896	2248	2588	2952	6000	5000	1	1	1	1	1	1
1	4	0	5	1000	23020	23020.001	24	10.003	1	4	5	2	3	14523	0	1000	1504	408	0	1	4	5	2	3	1412	1750	2084	2446	2810	6000	5000	1	1	1	1	1	1
1	5	1	5	1000	28020	28020.012	29	8.025	3	5	1	2	4	35124	0	1000	1484	622	0	3	5	1	2	4	1626	1956	2314	2638	2988	6000	5000	1	1	1	1	1	1
1	6	1	5	1000	33020	33021.995	34	8.009	1	4	5	2	3	14523	0	1000	1458	656	0	1	4	5	2	3	1660	1988	2322	2662	3016	6000	5000	1	1	1	1	1	1
1	7	0	5	1000	38020	38022	39	7.998	1	4	5	2	3	14523	0	1000	1476	614	0	1	4	5	2	3	1618	1936	2274	2620	2984	6000	5000	1	1	1	1	1	1
1	8	1	5	1000	43020	43021.997	44	5.994	1	3	2	5	4	13254	0	1000	1536	618	0	1	3	2	5	4	1622	1942	2304	2744	3048	6000	5000	1	1	1	1	1	1
1	9	1	5	1000	48020	48021.998	49	4.002	3	5	1	2	4	35124	0	1000	1440	652	0	3	5	1	2	4	1656	1958	2308	2644	2982	6000	5000	1	1	1	1	1	1
1	10	1	5	1000	53020	53022.006	54	2.017	3	2	4	5	1	32451	0	1000	1502	674	0	3	2	4	5	1	1678	2016	2350	2674	3036	6000	5000	1	1	1	1	1	1
1	11	1	5	1000	58020	58020.101	58	998.107	3	2	4	5	1	32451	0	1000	1502	760	0	3	2	4	5	1	1764	2104	2432	2768	3122	6000	5000	1	1	1	1	1	1
1	12	1	5	1000	63020	63020.106	63	996.106	1	4	5	2	3	14523	0	1000	1450	688	0	1	4	5	2	3	1692	2024	2366	2678	3030	6000	5000	1	1	1	1	1	1
1	13	1	5	1000	68020	68021.997	68	998	3	2	4	5	1	32451	0	1000	1474	608	0	3	2	4	5	1	1612	1954	2294	2612	2948	6000	5000	1	1	1	1	1	1
1	14	1	5	1000	73020	73020.006	73	994.005	1	3	2	5	4	13254	0	1000	1490	606	0	1	3	2	5	4	1610	1942	2300	2630	2982	6000	5000	1	1	1	1	1	1
1	15	0	5	1000	78020	78021.985	78	993.999	1	3	2	5	4	13254	0	1000	1496	574	0	1	3	2	5	4	1578	1890	2254	2616	2954	6000	5000	1	1	1	1	1	1
1	16	1	5	1000	83020	83020.013	83	990.027	1	4	5	2	3	14523	0	1000	1424	632	0	1	4	5	2	3	1636	1942	2272	2636	2976	6000	5000	1	1	1	1	1	1
1	17	1	5	1000	88020	88021.997	88	989.976	3	5	1	2	4	35124	0	16000	1508	540	0	3	5	1	2	4	1544	1862	2236	2576	2922	6000	5000	1	1	1	1	1	1
1	18	1	5	1000	108020	108020.001	108	982.005	3	5	1	2	4	35124	0	1000	1464	558	0	3	5	1	2	4	1562	1900	2262	2574	2916	6000	5000	1	1	1	1	1	1
1	19	0	5	1000	113020	113022	113	982.007	1	4	5	2	3	14523	0	1000	1464	592	0	1	4	5	2	3	1596	1926	2272	2620	2950	6000	5000	1	1	1	1	1	1
1	20	0	5	1000	118020	118021.999	118	980.013	1	4	5	2	3	14523	0	1000	1454	558	0	1	4	5	2	3	1562	1868	2210	2564	2920	6000	5000	1	1	1	1	1	1
1	21	1	5	1000	123020	123021.99	123	977.992	1	4	5	2	3	14523	0	1000	1426	600	0	1	4	5	2	3	1604	1926	2254	2578	2934	6000	5000	1	1	1	1	1	1
1	22	1	5	1000	128020	128020.002	128	973.947	1	3	2	5	4	13254	0	1000	1440	598	0	1	3	2	5	4	1602	1940	2284	2596	2926	6000	5000	1	1	1	1	1	1
1	23	1	5	1000	133020	133021.998	133	973.999	3	2	4	5	1	32451	0	1000	1496	698	0	3	2	4	5	1	1702	2016	2380	2718	3084	6000	5000	1	1	1	1	1	1
1	24	0	5	1000	138020	138021.998	138	973.998	1	4	5	2	3	14523	0	1000	1514	744	0	1	4	5	2	3	1748	2058	2446	2794	3168	6000	5000	1	1	1	1	1	1
1	25	0	5	1000	143020	143020	143	969.992	3	5	1	2	4	35124	0	1000	1548	648	0	3	5	1	2	4	1652	1990	2378	2738	3092	6000	5000	1	1	1	1	1	1
1	26	1	5	1000	148020	148021.998	148	970.011	1	3	2	5	4	13254	0	1000	1466	658	0	1	3	2	5	4	1662	1994	2356	2676	3028	6000	5000	1	1	1	1	1	1
1	27	0	5	1000	153020	153020.002	153	966.002	3	2	4	5	1	32451	0	1000	1490	628	0	3	2	4	5	1	1632	1956	2292	2626	3018	6000	5000	1	1	1	1	1	1
1	28	1	5	1000	158020	158021.985	158	965.989	1	3	2	5	4	13254	0	1000	1456	622	0	1	3	2	5	4	1626	1964	2308	2656	2990	6000	5000	1	1	1	1	1	1
1	29	0	5	1000	163020	163021.986	163	963.978	3	5	1	2	4	35124	0	1000	1480	600	0	3	5	1	2	4	1604	1924	2286	2632	2982	6000	5000	1	1	1	1	1	1
1	30	0	5	1000	168020	168021.997	168	962.005	3	5	1	2	4	35124	0	1000	1514	696	0	3	5	1	2	4	1700	2024	2418	2762	3126	6000	5000	1	1	1	1	1	1
1	31	0	5	1000	173020	173020.001	173	960.015	3	2	4	5	1	32451	0	1000	1496	646	0	3	2	4	5	1	1650	1954	2304	2636	3028	6000	5000	1	1	1	1	1	1
1	32	0	5	1000	178020	178021.987	178	959.989	3	5	1	2	4	35124	0	1000	1448	700	0	3	5	1	2	4	1704	2016	2380	2712	3062	6000	5000	1	1	1	1	1	1
1	33	0	5	1000	183020	183020.001	183	956.007	1	4	5	2	3	14523	0	1000	1418	658	0	1	4	5	2	3	1662	1958	2302	2646	3002	6000	5000	1	1	1	1	1	1
1	34	0	5	1000	188020	188022.003	188	955.921	1	3	2	5	4	13254	0	16000	1462	580	0	1	3	2	5	4	1584	1914	2270	2580	2944	6000	5000	1	1	1	1	1	1
1	35	0	5	1000	208020	208022.01	208	950.011	1	3	2	5	4	13254	0	1000	1452	588	0	1	3	2	5	4	1592	1920	2254	2594	2944	6000	5000	1	1	1	1	1	1
1	36	0	5	1000	213020	213021.988	213	947.987	3	2	4	5	1	32451	0	1000	1440	710	0	3	2	4	5	1	1714	2042	2364	2706	3058	6000	5000	1	1	1	1	1	1
1	37	1	5	1000	218020	218022.03	218	946.03	3	5	1	2	4	35124	0	1000	1426	734	0	3	5	1	2	4	1738	2048	2406	2738	3064	6000	5000	1	1	1	1	1	1
1	38	0	5	1000	223020	223022	223	943.976	3	5	1	2	4	35124	0	1000	1460	666	0	3	5	1	2	4	1670	1996	2358	2676	3030	6000	5000	1	1	1	1	1	1
1	39	1	5	1000	228020	228021.975	228	941.995	3	5	1	2	4	35124	0	1000	1430	870	0	3	5	1	2	4	1874	2180	2560	2892	3200	6000	5000	1	1	1	1	1	1
1	40	0	5	1000	233020	233021.974	233	940.001	1	3	2	5	4	13254	0	1000	1416	716	0	1	3	2	5	4	1720	2044	2408	2714	3040	6000	5000	1	1	1	1	1	1
1	41	0	5	1000	238020	238021.973	238	937.973	3	5	1	2	4	35124	0	1000	1468	752	0	3	5	1	2	4	1756	2098	2456	2778	3144	6000	5000	1	1	1	1	1	1
1	42	1	5	1000	243020	243021.968	243	937.998	3	2	4	5	1	32451	0	1000	1428	884	0	3	2	4	5	1	1888	2216	2548	2864	3222	6000	5000	1	1	1	1	1	1
1	43	0	5	1000	248020	248021.993	248	936.024	3	5	1	2	4	35124	0	1000	1448	712	0	3	5	1	2	4	1716	2036	2392	2730	3076	6000	5000	1	1	1	1	1	1
1	44	0	5	1000	253020	253021.971	253	933.988	1	3	2	5	4	13254	0	1000	1406	596	0	1	3	2	5	4	1600	1932	2268	2580	2910	6000	5000	1	1	1	1	1	1
1	45	1	5	1000	258020	258021.984	258	932.012	3	2	4	5	1	32451	0	1000	1448	682	0	3	2	4	5	1	1686	2020	2352	2670	3036	6000	5000	1	1	1	1	1	1
1	46	1	5	1000	263020	263021.971	263	929.997	3	5	1	2	4	35124	0	1000	1398	802	0	3	5	1	2	4	1806	2138	2486	2792	3100	6000	5000	1	1	1	1	1	1
1	47	1	5	1000	268020	268021.972	268	927.999	3	5	1	2	4	35124	0	1000	1426	706	0	3	5	1	2	4	1710	2044	2412	2734	3054	6000	5000	1	1	1	1	1	1
1	48	0	5	1000	273020	273021.971	273	926.002	3	2	4	5	1	32451	0	1000	1454	674	0	3	2	4	5	1	1678	1996	2312	2672	3050	6000	5000	1	1	1	1	1	1
1	49	0	5	1000	278020	278021.995	278	926.025	1	4	5	2	3	14523	0	1000	1876	658	0	1	4	5	2	3	1662	1982	2316	2654	3456	6000	5000	1	1	1	1	1	1
1	50	1	5	1000	283020	283021.976	283	924.003	3	2	4	5	1	32451	0	1000	1390	658	0	3	2	4	5	1	1662	1998	2320	2640	2962	6000	5000	1	1	1	1	1	1
1	51	0	5	1000	288020	288021.97	288	922	3	2	4	5	1	32451	0	16000	1450	566	0	3	2	4	5	1	1570	1884	2202	2530	2898	6000	5000	1	1	1	1	1	1
1	52	0	5	1000	308020	308021.981	308	913.999	3	2	4	5	1	32451	0	1000	1410	716	0	3	2	4	5	1	1720	2028	2358	2686	3020	6000	5000	1	1	1	1	1	1
1	53	1	5	1000	313020	313022.008	313	914.034	1	4	5	2	3	14523	0	1000	1350	660	0	1	4	5	2	3	1664	1954	2292	2610	2932	6000	5000	1	1	1	1	1	1
1	54	1	5	1000	318020	318021.993	318	912.019	1	4	5	2	3	14523	0	1000	1390	616	0	1	4	5	2	3	1620	1952	2260	2604	2938	6000	5000	1	1	1	1	1	1
1	55	0	5	1000	323020	323021.974	323	909.981	1	3	2	5	4	13254	0	1000	1468	614	0	1	3	2	5	4	1618	1948	2286	2634	2978	6000	5000	1	1	1	1	1	1
1	56	1	5	1000	328020	328021.981	328	907.988	1	3	2	5	4	13254	0	1000	1500	568	0	1	3	2	5	4	1572	1912	2264	2652	2962	6000	5000	1	1	1	1	1	1
1	57	1	5	1000	333020	333021.971	333	905.974	1	3	2	5	4	13254	0	1000	1420	602	0	1	3	2	5	4	1606	1916	2256	2604	2930	6000	5000	1	1	1	1	1	1
1	58	1	5	1000	338020	338021.973	338	903.986	1	4	5	2	3	14523	0	1000	1408	800	0	1	4	5	2	3	1804	2170	2504	2820	3138	6000	5000	1	1	1	1	1	1
1	59	0	5	1000	343020	343021.969	343	901.978	3	5	1	2	4	35124	0	1000	1456	548	0	3	5	1	2	4	1552	1872	2206	2538	2902	6000	5000	1	1	1	1	1	1
1	60	1	5	1000	348020	348021.97	348	901.999	1	4	5	2	3	14523	0	1000	1442	636	0	1	4	5	2	3	1640	1970	2288	2636	3000	6000	5000	1	1	1	1	1	1
1	61	0	5	1000	353020	353021.986	353	900.019	3	2	4	5	1	32451	0	1000	1508	624	0	3	2	4	5	1	1628	1960	2276	2618	3004	6000	5000	1	1	1	1	1	1
1	62	0	5	1000	358020	358021.974	358	898.002	3	2	4	5	1	32451	0	1000	1472	644	0	3	2	4	5	1	1648	1964	2278	2620	2992	6000	5000	1	1	1	1	1	1
1	63	0	5	1000	363020	363021.97	363	895.993	1	3	2	5	4	13254	0	1000	1380	698	0	1	3	2	5	4	1702	2042	2374	2654	2980	6000	5000	1	1	1	1	1	1
1	64	0	5	1000	368020	368021.971	368	893.994	1	3	2	5	4	13254	0	1000	1416	632	0	1	3	2	5	4	1636	1964	2290	2610	2938	6000	5000	1	1	1	1	1	1
1	65	1	5	1000	373020	373021.988	373	894.015	3	5	1	2	4	35124	0	1000	1442	624	0	3	5	1	2	4	1628	1970	2318	2636	2976	6000	5000	1	1	1	1	1	1
1	66	1	5	1000	378020	378021.983	378	890.017	1	3	2	5	4	13254	0	1000	1458	604	0	1	3	2	5	4	1608	1938	2292	2626	2966	6000	5000	1	1	1	1	1	1
1	67	0	5	1000	383020	383021.97	383	887.981	1	4	5	2	3	14523	0	1000	1466	690	0	1	4	5	2	3	1694	2020	2362	2710	3064	6000	5000	1	1	1	1	1	1
1	68	0	5	1000	388020	388021.99	388	888.019	3	2	4	5	1	32451	0	16000	1494	646	0	3	2	4	5	1	1650	1970	2306	2638	3016	6000	5000	1	1	1	1	1	1
2	1	1	5	1000	8020	8021.985	9	15.983	1	3	2	5	4	13254	0	1000	1414	598	0	1	3	2	5	4	1602	1948	2286	2594	2914	6000	5000	1	1	1	1	1	1
2	2	1	5	1000	13020	13022	14	14.013	1	4	5	2	3	14523	0	1000	1428	544	0	1	4	5	2	3	1548	1856	2184	2524	2880	6000	5000	1	1	1	1	1	1
2	3	0	5	1000	18020	18021.998	19	13.993	3	2	4	5	1	32451	0	1000	1476	590	0	3	2	4	5	1	1594	1902	2210	2556	2910	6000	5000	1	1	1	1	1	1
2	4	1	5	1000	23020	23022.005	24	12.007	3	5	1	2	4	35124	0	1000	1430	616	0	3	5	1	2	4	1620	1912	2272	2600	2934	6000	5000	1	1	1	1	1	1
2	5	0	5	1000	28020	28021.996	29	9.999	3	2	4	5	1	32451	0	1000	1520	612	0	3	2	4	5	1	1616	1934	2260	2602	2968	6000	5000	1	1	1	1	1	1
2	6	0	5	1000	33020	33021.998	34	7.998	1	4	5	2	3	14523	0	1000	1482	664	0	1	4	5	2	3	1668	1982	2322	2676	3048	6000	5000	1	1	1	1	1	1
2	7	1	5	1000	38020	38021.998	39	5.988	1	3	2	5	4	13254	0	1000	1476	614	0	1	3	2	5	4	1618	1952	2306	2638	2976	6000	5000	1	1	1	1	1	1
2	8	0	5	1000	43020	43022.002	44	3.997	1	4	5	2	3	14523	0	1000	1454	646	0	1	4	5	2	3	1650	1972	2314	2666	3022	6000	5000	1	1	1	1	1	1
2	9	0	5	1000	48020	48021.998	49	2.013	3	5	1	2	4	35124	0	1000	1478	634	0	3	5	1	2	4	1638	1972	2336	2654	3004	6000	5000	1	1	1	1	1	1
2	10	0	5	1000	53020	53021.985	54	1.998	3	2	4	5	1	32451	0	1000	1496	662	0	3	2	4	5	1	1666	1986	2314	2656	3024	6000	5000	1	1	1	1	1	1
2	11	1	5	1000	58020	58021.999	59	0	3	2	4	5	1	32451	0	1000	1450	690	0	3	2	4	5	1	1694	2016	2352	2668	3008	6000	5000	1	1	1	1	1	1
2	12	1	5	1000	63020	63021.998	63	998.002	3	2	4	5	1	32451	0	1000	1462	570	0	3	2	4	5	1	1574	1896	2226	2540	2906	6000	5000	1	1	1	1	1	1
2	13	0	5	1000	68020	68020.01	68	994.012	1	3	2	5	4	13254	0	1000	1426	662	0	1	3	2	5	4	1666	1984	2314	2646	2974	6000	5000	1	1	1	1	1	1
2	14	0	5	1000	73020	73022	73	993.984	3	2	4	5	1	32451	0	1000	1502	706	0	3	2	4	5	1	1710	2018	2354	2682	3056	6000	5000	1	1	1	1	1	1
2	15	0	5	1000	78020	78021.978	78	993.897	3	2	4	5	1	32451	0	1000	1514	650	0	3	2	4	5	1	1654	1980	2300	2650	3022	6000	5000	1	1	1	1	1	1
2	16	1	5	1000	83020	83020	83	990	1	3	2	5	4	13254	0	1000	1450	826	0	1	3	2	5	4	1830	2156	2500	2836	3180	6000	5000	1	1	1	1	1	1
2	17	0	5	1000	88020	88022.01	88	990.012	3	2	4	5	1	32451	0	16000	1486	646	0	3	2	4	5	1	1650	1964	2296	2636	2992	6000	5000	1	1	1	1	1	1
2	18	0	5	1000	108020	108021.999	108	982.012	3	2	4	5	1	32451	0	1000	1534	716	0	3	2	4	5	1	1720	2048	2394	2744	3102	6000	5000	1	1	1	1	1	1
2	19	1	5	1000	113020	113020.005	113	980.02	1	4	5	2	3	14523	0	1000	1456	814	0	1	4	5	2	3	1818	2136	2478	2808	3166	6000	5000	1	1	1	1	1	1
2	20	1	5	1000	118020	118021.996	118	979.998	3	2	4	5	1	32451	0	1000	1482	608	0	3	2	4	5	1	1612	1938	2278	2602	2954	6000	5000	1	1	1	1	1	1
2	21	0	5	1000	123020	123022.005	123	978.007	3	5	1	2	4	35124	0	1000	1456	676	0	3	5	1	2	4	1680	1984	2340	2676	3022	6000	5000	1	1	1	1	1	1
2	22	0	5	1000	128020	128022.001	128	976.015	3	5	1	2	4	35124	0	1000	1504	716	0	3	5	1	2	4	1720	2042	2394	2734	3096	6000	5000	1	1	1	1	1	1
2	23	1	5	1000	133020	133021.998	133	974.011	1	4	5	2	3	14523	0	1000	1472	814	0	1	4	5	2	3	1818	2136	2486	2824	3178	6000	5000	1	1	1	1	1	1
2	24	0	5	1000	138020	138022.012	138	972.001	1	3	2	5	4	13254	0	1000	1484	622	0	1	3	2	5	4	1626	1952	2276	2638	2978	6000	5000	1	1	1	1	1	1
2	25	1	5	1000	143020	143021.999	143	972.003	3	2	4	5	1	32451	0	1000	1466	710	0	3	2	4	5	1	1714	2058	2390	2718	3062	6000	5000	1	1	1	1	1	1
2	26	1	5	1000	148020	148021.996	148	969.997	3	5	1	2	4	35124	0	1000	1488	574	0	3	5	1	2	4	1578	1914	2286	2608	2948	6000	5000	1	1	1	1	1	1
2	27	1	5	1000	153020	153022.015	153	968.015	1	4	5	2	3	14523	0	1000	1430	582	0	1	4	5	2	3	1586	1906	2240	2586	2936	6000	5000	1	1	1	1	1	1
2	28	0	5	1000	158020	158022.022	158	966.025	3	5	1	2	4	35124	0	1000	1496	748	0	3	5	1	2	4	1752	2080	2448	2774	3118	6000	5000	1	1	1	1	1	1
2	29	1	5	1000	163020	163020.016	163	962.014	3	5	1	2	4	35124	0	1000	1482	698	0	3	5	1	2	4	1702	2026	2408	2736	3082	6000	5000	1	1	1	1	1	1
2	30	0	5	1000	168020	168021.999	168	962.008	1	3	2	5	4	13254	0	1000	1462	656	0	1	3	2	5	4	1660	1968	2312	2622	2988	6000	5000	1	1	1	1	1	1
2	31	0	5	1000	173020	173021.997	173	960.01	1	4	5	2	3	14523	0	1000	1520	626	0	1	4	5	2	3	1630	1966	2308	2674	3040	6000	5000	1	1	1	1	1	1
2	32	0	5	1000	178020	178020.025	178	958.037	1	4	5	2	3	14523	0	1000	1532	786	0	1	4	5	2	3	1790	2106	2482	2856	3200	6000	5000	1	1	1	1	1	1
2	33	1	5	1000	183020	183021.998	183	958.012	3	2	4	5	1	32451	0	1000	1536	834	0	3	2	4	5	1	1838	2170	2522	2868	3224	6000	5000	1	1	1	1	1	1
2	34	0	5	1000	188020	188021.999	188	956.021	1	4	5	2	3	14523	0	16000	1518	690	0	1	4	5	2	3	1694	2002	2366	2724	3084	6000	5000	1	1	1	1	1	1
2	35	0	5	1000	208020	208021.997	208	949.997	1	4	5	2	3	14523	0	1000	1484	830	0	1	4	5	2	3	1834	2156	2494	2850	3214	6000	5000	1	1	1	1	1	1
2	36	1	5	1000	213020	213022.044	213	948.046	1	4	5	2	3	14523	0	1000	1454	790	0	1	4	5	2	3	1794	2126	2462	2802	3136	6000	5000	1	1	1	1	1	1
2	37	1	5	1000	218020	218021.999	218	946.001	3	5	1	2	4	35124	0	1000	1506	768	0	3	5	1	2	4	1772	2106	2476	2790	3142	6000	5000	1	1	1	1	1	1
2	38	1	5	1000	223020	223022.004	223	944.017	3	5	1	2	4	35124	0	1000	1490	774	0	3	5	1	2	4	1778	2104	2472	2784	3124	6000	5000	1	1	1	1	1	1
2	39	1	5	1000	228020	228021.991	228	942.022	1	3	2	5	4	13254	0	1000	1486	702	0	1	3	2	5	4	1706	2030	2374	2712	3044	6000	5000	1	1	1	1	1	1
2	40	1	5	1000	233020	233021.994	233	941.977	1	3	2	5	4	13254	0	1000	1468	610	0	1	3	2	5	4	1614	1922	2276	2592	2940	6000	5000	1	1	1	1	1	1
2	41	0	5	1000	238020	238020.004	238	936.011	3	5	1	2	4	35124	0	1000	1500	840	0	3	5	1	2	4	1844	2172	2536	2862	3212	6000	5000	1	1	1	1	1	1
2	42	1	5	1000	243020	243020.014	243	936.022	1	3	2	5	4	13254	0	1000	1428	698	0	1	3	2	5	4	1702	2018	2372	2688	3014	6000	5000	1	1	1	1	1	1
2	43	1	5	1000	248020	248021.969	248	935.992	3	2	4	5	1	32451	0	1000	1502	642	0	3	2	4	5	1	1646	1972	2320	2648	3004	6000	5000	1	1	1	1	1	1
2	44	1	5	1000	253020	253021.975	253	934.002	1	4	5	2	3	14523	0	1000	1468	584	0	1	4	5	2	3	1588	1904	2252	2582	2940	6000	5000	1	1	1	1	1	1
2	45	0	5	1000	258020	258021.976	258	932.001	1	4	5	2	3	14523	0	1000	1488	836	0	1	4	5	2	3	1840	2132	2476	2846	3198	6000	5000	1	1	1	1	1	1
2	46	1	5	1000	263020	263021.972	263	929.978	3	5	1	2	4	35124	0	1000	1514	630	0	3	5	1	2	4	1634	1956	2338	2662	3018	6000	5000	1	1	1	1	1	1
2	47	0	5	1000	268020	268021.971	268	928.001	3	5	1	2	4	35124	0	1000	1476	658	0	3	5	1	2	4	1662	1996	2354	2668	3004	6000	5000	1	1	1	1	1	1
2	48	0	5	1000	273020	273021.971	273	925.988	1	3	2	5	4	13254	0	1000	1552	620	0	1	3	2	5	4	1624	1958	2312	2640	3002	6000	5000	1	1	1	1	1	1
2	49	0	5	1000	278020	278021.97	278	925.998	1	3	2	5	4	13254	0	1000	1480	614	0	1	3	2	5	4	1618	1942	2316	2606	2940	6000	5000	1	1	1	1	1	1
2	50	1	5	1000	283020	283021.971	283	923.998	3	5	1	2	4	35124	0	1000	1464	698	0	3	5	1	2	4	1702	2008	2364	2692	3042	6000	5000	1	1	1	1	1	1
2	51	1	5	1000	288020	288021.969	288	922	3	2	4	5	1	32451	0	16000	1476	704	0	3	2	4	5	1	1708	2036	2382	2704	3046	6000	5000	1	1	1	1	1	1
2	52	1	5	1000	308020	308021.988	308	916.012	3	2	4	5	1	32451	0	1000	1452	616	0	3	2	4	5	1	1620	1942	2260	2602	2956	6000	5000	1	1	1	1	1	1
2	53	0	5	1000	313020	313021.988	313	914.019	3	2	4	5	1	32451	0	1000	1488	584	0	3	2	4	5	1	1588	1906	2240	2586	2942	6000	5000	1	1	1	1	1	1
2	54	0	5	1000	318020	318021.988	318	911.991	1	3	2	5	4	13254	0	1000	1428	640	0	1	3	2	5	4	1644	1954	2290	2622	2938	6000	5000	1	1	1	1	1	1
2	55	1	5	1000	323020	323020.004	323	908.01	1	3	2	5	4	13254	0	1000	1412	698	0	1	3	2	5	4	1702	2014	2338	2648	2982	6000	5000	1	1	1	1	1	1
2	56	1	5	1000	328020	328021.989	328	907.996	3	5	1	2	4	35124	0	1000	1440	624	0	3	5	1	2	4	1628	1932	2282	2596	2944	6000	5000	1	1	1	1	1	1
2	57	0	5	1000	333020	333020.015	333	904.028	1	4	5	2	3	14523	0	1000	1432	612	0	1	4	5	2	3	1616	1922	2278	2596	2952	6000	5000	1	1	1	1	1	1
2	58	0	5	1000	338020	338021.986	338	903.985	3	2	4	5	1	32451	0	1000	1542	670	0	3	2	4	5	1	1674	1996	2362	2708	3082	6000	5000	1	1	1	1	1	1
2	59	0	5	1000	343020	343022	343	904.003	3	5	1	2	4	35124	0	1000	1452	480	0	3	5	1	2	4	1484	1804	2152	2500	2826	6000	5000	1	1	1	1	1	1
2	60	0	5	1000	348020	348021.998	348	902.007	1	4	5	2	3	14523	0	1000	1458	674	0	1	4	5	2	3	1678	1996	2350	2708	3052	6000	5000	1	1	1	1	1	1
2	61	0	5	1000	353020	353020.008	353	898.018	1	3	2	5	4	13254	0	1000	1422	606	0	1	3	2	5	4	1610	1940	2266	2592	2912	6000	5000	1	1	1	1	1	1
2	62	1	5	1000	358020	358021.988	358	898	1	4	5	2	3	14523	0	1000	1370	628	0	1	4	5	2	3	1632	1922	2252	2590	2906	6000	5000	1	1	1	1	1	1
2	63	1	5	1000	363020	363020.005	363	894.014	1	4	5	2	3	14523	0	1000	1398	648	0	1	4	5	2	3	1652	1946	2286	2616	2960	6000	5000	1	1	1	1	1	1
2	64	1	5	1000	368020	368021.986	368	893.987	1	3	2	5	4	13254	0	1000	1408	652	0	1	3	2	5	4	1656	1978	2306	2638	2958	6000	5000	1	1	1	1	1	1
2	65	0	5	1000	373020	373021.999	373	894.003	1	3	2	5	4	13254	0	1000	1382	568	0	1	3	2	5	4	1572	1874	2198	2530	2848	6000	5000	1	1	1	1	1	1
2	66	0	5	1000	378020	378021.985	378	891.985	3	5	1	2	4	35124	0	1000	1392	714	0	3	5	1	2	4	1718	2026	2370	2670	2994	6000	5000	1	1	1	1	1	1
2	67	1	5	1000	383020	383021.985	383	889.99	3	2	4	5	1	32451	0	1000	1422	798	0	3	2	4	5	1	1802	2112	2446	2782	3092	6000	5000	1	1	1	1	1	1
2	68	1	5	1000	388020	388020.05	388	886.063	1	3	2	5	4	13254	0	16000	1368	646	0	1	3	2	5	4	1650	1960	2288	2606	2910	6000	5000	1	1	1	1	1	1
3	1	1	5	1000	8020	8020.005	9	16.014	1	4	5	2	3	14523	0	1000	1398	768	0	1	4	5	2	3	1772	2076	2430	2754	3080	6000	5000	1	1	1	1	1	1
3	2	0	5	1000	13020	13020.002	14	13.999	1	4	5	2	3	14523	0	1000	1360	658	0	1	4	5	2	3	1662	1962	2286	2598	2938	6000	5000	1	1	1	1	1	1
3	3	1	5	1000	18020	18020.022	19	12.032	3	2	4	5	1	32451	0	1000	1414	644	0	3	2	4	5	1	1648	1960	2288	2600	2924	6000	5000	1	1	1	1	1	1
3	4	0	5	1000	23020	23020.002	24	9.914	3	2	4	5	1	32451	0	1000	1418	792	0	3	2	4	5	1	1796	2110	2432	2748	3086	6000	5000	1	1	1	1	1	1
3	5	1	5	1000	28020	28020.028	29	10.036	3	2	4	5	1	32451	0	1000	1454	780	0	3	2	4	5	1	1784	2104	2416	2732	3098	6000	5000	1	1	1	1	1	1
3	6	1	5	1000	33020	33020.003	34	8.002	1	4	5	2	3	14523	0	1000	1424	722	0	1	4	5	2	3	1726	2022	2358	2716	3060	6000	5000	1	1	1	1	1	1
3	7	1	5	1000	38020	38020.005	39	6.001	3	5	1	2	4	35124	0	1000	1442	702	0	3	5	1	2	4	1706	2012	2360	2680	3024	6000	5000	1	1	1	1	1	1
3	8	1	5	1000	43020	43020.002	44	3.999	3	2	4	5	1	32451	0	1000	1420	752	0	3	2	4	5	1	1756	2072	2398	2706	3038	6000	5000	1	1	1	1	1	1
3	9	1	5	1000	48020	48020.002	49	2	3	2	4	5	1	32451	0	1000	1446	778	0	3	2	4	5	1	1782	2080	2428	2768	3106	6000	5000	1	1	1	1	1	1
3	10	0	5	1000	53020	53020.015	54	0	1	4	5	2	3	14523	0	1000	1386	878	0	1	4	5	2	3	1882	2184	2520	2844	3180	6000	5000	1	1	1	1	1	1
3	11	0	5	1000	58020	58020.002	59	0	1	3	2	5	4	13254	0	1000	1398	602	0	1	3	2	5	4	1606	1912	2232	2532	2882	6000	5000	1	1	1	1	1	1
3	12	1	5	1000	63020	63022.023	64	0	3	5	1	2	4	35124	0	1000	1406	682	0	3	5	1	2	4	1686	2010	2364	2662	2978	6000	5000	1	1	1	1	1	1
3	13	0	5	1000	68020	68022.003	68	998	1	4	5	2	3	14523	0	1000	1394	704	0	1	4	5	2	3	1708	2010	2342	2676	3014	6000	5000	1	1	1	1	1	1
3	14	0	5	1000	73020	73020.001	73	993.992	3	2	4	5	1	32451	0	1000	1450	690	0	3	2	4	5	1	1694	2024	2322	2650	2998	6000	5000	1	1	1	1	1	1
3	15	0	5	1000	78020	78020.002	78	992.001	1	4	5	2	3	14523	0	1000	1426	548	0	1	4	5	2	3	1552	1868	2200	2530	2876	6000	5000	1	1	1	1	1	1
3	16	0	5	1000	83020	83020.003	83	990	3	5	1	2	4	35124	0	1000	1390	760	0	3	5	1	2	4	1764	2074	2410	2720	3042	6000	5000	1	1	1	1	1	1
3	17	1	5	1000	88020	88020.003	88	990.004	1	4	5	2	3	14523	0	16000	1346	792	0	1	4	5	2	3	1796	2096	2406	2732	3054	6000	5000	1	1	1	1	1	1
3	18	1	5	1000	108020	108022.049	108	984.027	1	4	5	2	3	14523	0	1000	1356	814	0	1	4	5	2	3	1818	2118	2446	2768	3080	6000	5000	1	1	1	1	1	1
3	19	1	5	1000	113020	113020.002	113	979.997	1	4	5	2	3	14523	0	1000	1338	626	0	1	4	5	2	3	1630	1928	2254	2566	2888	6000	5000	1	1	1	1	1	1
3	20	1	5	1000	118020	118020.002	118	980.012	1	3	2	5	4	13254	0	1000	1394	686	0	1	3	2	5	4	1690	2006	2326	2656	2970	6000	5000	1	1	1	1	1	1
3	21	0	5	1000	123020	123021.982	123	979.943	1	4	5	2	3	14523	0	1000	1358	674	0	1	4	5	2	3	1678	1956	2286	2632	2944	6000	5000	1	1	1	1	1	1
3	22	1	5	1000	128020	128021.995	128	977.981	1	3	2	5	4	13254	0	1000	1332	654	0	1	3	2	5	4	1658	1972	2278	2576	2882	6000	5000	1	1	1	1	1	1
3	23	1	5	1000	133020	133020.002	133	974.004	3	2	4	5	1	32451	0	1000	1472	612	0	3	2	4	5	1	1616	1928	2270	2592	2954	6000	5000	1	1	1	1	1	1
3	24	1	5	1000	138020	138020.028	138	972.039	1	3	2	5	4	13254	0	1000	1386	668	0	1	3	2	5	4	1672	1986	2302	2632	2962	6000	5000	1	1	1	1	1	1
3	25	0	5	1000	143020	143021.989	143	971.988	3	5	1	2	4	35124	0	1000	1390	690	0	3	5	1	2	4	1694	2016	2376	2674	2992	6000	5000	1	1	1	1	1	1
3	26	0	5	1000	148020	148022.024	148	969.988	1	4	5	2	3	14523	0	1000	1388	646	0	1	4	5	2	3	1650	1960	2300	2646	2966	6000	5000	1	1	1	1	1	1
3	27	0	5	1000	153020	153021.989	153	969.99	1	4	5	2	3	14523	0	1000	1390	680	0	1	4	5	2	3	1684	1980	2338	2680	3008	6000	5000	1	1	1	1	1	1
3	28	1	5	1000	158020	158020.011	158	966.02	1	4	5	2	3	14523	0	1000	1344	676	0	1	4	5	2	3	1680	1994	2312	2644	2946	6000	5000	1	1	1	1	1	1
3	29	0	5	1000	163020	163022.015	163	966.021	3	2	4	5	1	32451	0	1000	1490	694	0	3	2	4	5	1	1698	2012	2360	2718	3066	6000	5000	1	1	1	1	1	1
3	30	1	5	1000	168020	168022.003	168	964.011	1	4	5	2	3	14523	0	1000	1402	740	0	1	4	5	2	3	1744	2048	2402	2752	3074	6000	5000	1	1	1	1	1	1
3	31	0	5	1000	173020	173020	173	959.949	1	3	2	5	4	13254	0	1000	1346	792	0	1	3	2	5	4	1796	2102	2424	2738	3044	6000	5000	1	1	1	1	1	1
3	32	1	5	1000	178020	178020.003	178	957.899	3	2	4	5	1	32451	0	1000	1422	722	0	3	2	4	5	1	1726	2044	2364	2696	3044	6000	5000	1	1	1	1	1	1
3	33	1	5	1000	183020	183020.003	183	958.01	3	5	1	2	4	35124	0	1000	1420	740	0	3	5	1	2	4	1744	2064	2432	2760	3074	6000	5000	1	1	1	1	1	1
3	34	1	5	1000	188020	188020.002	188	956.015	1	4	5	2	3	14523	0	16000	1384	656	0	1	4	5	2	3	1660	1978	2308	2650	2982	6000	5000	1	1	1	1	1	1
3	35	1	5	1000	208020	208020.003	208	948.012	1	4	5	2	3	14523	0	1000	1418	794	0	1	4	5	2	3	1798	2126	2468	2806	3144	6000	5000	1	1	1	1	1	1
3	36	1	5	1000	213020	213020.002	213	946.001	3	2	4	5	1	32451	0	1000	1446	848	0	3	2	4	5	1	1852	2200	2518	2842	3178	6000	5000	1	1	1	1	1	1
3	37	0	5	1000	218020	218020.001	218	945.998	3	5	1	2	4	35124	0	1000	1440	796	0	3	5	1	2	4	1800	2128	2494	2800	3130	6000	5000	1	1	1	1	1	1
3	38	0	5	1000	223020	223022.004	223	945.983	1	3	2	5	4	13254	0	1000	1396	758	0	1	3	2	5	4	1762	2086	2416	2734	3058	6000	5000	1	1	1	1	1	1
3	39	0	5	1000	228020	228020.005	228	942.005	3	2	4	5	1	32451	0	1000	1492	806	0	3	2	4	5	1	1810	2134	2464	2802	3154	6000	5000	1	1	1	1	1	1
3	40	0	5	1000	233020	233020.002	233	939.998	1	3	2	5	4	13254	0	1000	1350	752	0	1	3	2	5	4	1756	2054	2376	2682	3008	6000	5000	1	1	1	1	1	1
3	41	0	5	1000	238020	238020.039	238	938.037	3	5	1	2	4	35124	0	1000	1394	774	0	3	5	1	2	4	1778	2096	2472	2774	3086	6000	5000	1	1	1	1	1	1
3	42	0	5	1000	243020	243020.005	243	936.015	3	2	4	5	1	32451	0	1000	0	692	0	3	2	4	5	1	1696	2032	2326	2666	3006	6000	5000	0	1	1	1	1	1
3	43	0	5	1000	248020	248020.005	248	935.993	3	5	1	2	4	35124	0	1000	0	866	0	3	0	0	0	0	3846	0	0	0	0	6000	5000	0	1	1	1	1	1
3	44	1	5	1000	253020	253020.002	253	934.01	1	3	2	5	4	13254	0	1000	1426	700	0	1	3	2	5	4	1704	2036	2386	2690	3004	6000	5000	1	1	1	1	1	1
3	45	0	5	1000	258020	258021.972	258	933.988	3	2	4	5	1	32451	0	1000	1470	690	0	3	2	4	5	1	1694	2020	2324	2680	3024	6000	5000	1	1	1	1	1	1
3	46	0	5	1000	263020	263020	263	930.009	3	2	4	5	1	32451	0	1000	1466	664	0	3	2	4	5	1	1668	1988	2306	2640	2992	6000	5000	1	1	1	1	1	1
3	47	1	5	1000	268020	268022.029	268	930.038	1	3	2	5	4	13254	0	1000	1374	666	0	1	3	2	5	4	1670	1976	2298	2612	2936	6000	5000	1	1	1	1	1	1
3	48	1	5	1000	273020	273021.991	273	927.998	1	4	5	2	3	14523	0	1000	1386	666	0	1	4	5	2	3	1670	2002	2302	2648	2968	6000	5000	1	1	1	1	1	1
3	49	0	5	1000	278020	278021.991	278	926.001	3	5	1	2	4	35124	0	1000	1416	712	0	3	5	1	2	4	1716	2030	2392	2706	3022	6000	5000	1	1	1	1	1	1
3	50	0	5	1000	283020	283020.001	283	924.013	3	5	1	2	4	35124	0	1000	1424	772	0	3	5	1	2	4	1776	2100	2456	2774	3094	6000	5000	1	1	1	1	1	1
3	51	1	5	1000	288020	288021.993	288	923.998	3	2	4	5	1	32451	0	16000	1482	818	0	3	2	4	5	1	1822	2144	2490	2808	3140	6000	5000	1	1	1	1	1	1
3	52	1	5	1000	308020	308020.002	308	914.003	3	2	4	5	1	32451	0	1000	1446	770	0	3	2	4	5	1	1774	2070	2412	2740	3066	6000	5000	1	1	1	1	1	1
3	53	0	5	1000	313020	313022.008	313	916.02	1	3	2	5	4	13254	0	1000	1374	610	0	1	3	2	5	4	1614	1946	2252	2556	2870	6000	5000	1	1	1	1	1	1
3	54	0	5	1000	318020	318022.007	318	914.012	1	3	2	5	4	13254	0	1000	1364	592	0	1	3	2	5	4	1596	1896	2234	2538	2850	6000	5000	1	1	1	1	1	1
3	55	1	5	1000	323020	323020.005	323	910.015	1	3	2	5	4	13254	0	1000	1350	806	0	1	3	2	5	4	1810	2108	2426	2746	3046	6000	5000	1	1	1	1	1	1
3	56	1	5	1000	328020	328020.004	328	908.015	1	3	2	5	4	13254	0	1000	1300	904	0	1	3	2	5	4	1908	2198	2512	2794	3102	6000	5000	1	1	1	1	1	1
3	57	0	5	1000	333020	333020.005	333	906.027	1	3	2	5	4	13254	0	1000	1296	652	0	1	3	2	5	4	1656	1946	2244	2536	2850	6000	5000	1	1	1	1	1	1
3	58	0	5	1000	338020	338022.012	338	906.018	1	4	5	2	3	14523	0	1000	1344	642	0	1	4	5	2	3	1646	1922	2248	2572	2896	6000	5000	1	1	1	1	1	1
3	59	1	5	1000	343020	343020.025	343	902.032	3	5	1	2	4	35124	0	1000	1420	702	0	3	5	1	2	4	1706	2004	2364	2684	3024	6000	5000	1	1	1	1	1	1
3	60	1	5	1000	348020	348021.983	348	903.99	1	3	2	5	4	13254	0	1000	1334	702	0	1	3	2	5	4	1706	2018	2340	2642	2942	6000	5000	1	1	1	1	1	1
3	61	1	5	1000	353020	353020.008	353	900.004	3	5	1	2	4	35124	0	1000	1390	642	0	3	5	1	2	4	1646	1968	2316	2620	2928	6000	5000	1	1	1	1	1	1
3	62	0	5	1000	358020	358020.003	358	898.014	3	5	1	2	4	35124	0	1000	1352	798	0	3	5	1	2	4	1802	2106	2460	2746	3052	6000	5000	1	1	1	1	1	1
3	63	1	5	1000	363020	363020.002	363	895.988	3	5	1	2	4	35124	0	1000	1346	744	0	3	5	1	2	4	1748	2070	2404	2688	2986	6000	5000	1	1	1	1	1	1
3	64	0	5	1000	368020	368021.991	368	895.959	3	2	4	5	1	32451	0	1000	1390	752	0	3	2	4	5	1	1756	2056	2356	2684	3024	6000	5000	1	1	1	1	1	1
3	65	1	5	1000	373020	373020.004	373	892.015	3	5	1	2	4	35124	0	1000	1374	664	0	3	5	1	2	4	1668	1980	2314	2624	2938	6000	5000	1	1	1	1	1	1
3	66	1	5	1000	378020	378020.002	378	890.008	3	5	1	2	4	35124	0	1000	1378	670	0	3	5	1	2	4	1674	1998	2338	2646	2954	6000	5000	1	1	1	1	1	1
3	67	0	5	1000	383020	383021.988	383	891.984	1	3	2	5	4	13254	0	1000	1350	882	0	1	3	2	5	4	1886	2182	2524	2830	3136	6000	5000	1	1	1	1	1	1
3	68	1	5	1000	388020	388020.018	388	888.003	1	4	5	2	3	14523	0	16000	1374	680	0	1	4	5	2	3	1684	1996	2334	2656	2976	6000	5000	1	1	1	1	1	1
4	1	0	5	1000	8020	8020.002	9	16.008	3	5	1	2	4	35124	0	1000	1322	800	0	3	5	1	2	4	1804	2110	2426	2710	3002	6000	5000	1	1	1	1	1	1
4	2	0	5	1000	13020	13020.005	14	13.998	1	4	5	2	3	14523	0	1000	1306	546	0	1	4	5	2	3	1550	1858	2172	2468	2768	6000	5000	1	1	1	1	1	1
4	3	0	5	1000	18020	18022.006	19	14.001	1	4	5	2	3	14523	0	1000	1326	588	0	1	4	5	2	3	1592	1890	2214	2516	2814	6000	5000	1	1	1	1	1	1
4	4	1	5	1000	23020	23020.005	24	9.998	1	4	5	2	3	14523	0	1000	1304	614	0	1	4	5	2	3	1618	1902	2216	2506	2810	6000	5000	1	1	1	1	1	1
4	5	0	5	1000	28020	28020.018	29	8.001	1	4	5	2	3	14523	0	1000	1288	672	0	1	4	5	2	3	1676	1950	2260	2568	2874	6000	5000	1	1	1	1	1	1
4	6	1	5	1000	33020	33021.995	34	7.998	3	5	1	2	4	35124	0	1000	1290	718	0	3	5	1	2	4	1722	2022	2346	2618	2906	6000	5000	1	1	1	1	1	1
4	7	0	5	1000	38020	38020.005	39	3.999	3	5	1	2	4	35124	0	1000	1324	678	0	3	5	1	2	4	1682	1986	2326	2614	2900	6000	5000	1	1	1	1	1	1
4	8	1	5	1000	43020	43020.006	44	3.998	1	4	5	2	3	14523	0	1000	1228	656	0	1	4	5	2	3	1660	1938	2240	2538	2814	6000	5000	1	1	1	1	1	1
4	9	1	5	1000	48020	48020.004	49	2	3	5	1	2	4	35124	0	1000	1300	738	0	3	5	1	2	4	1742	2050	2386	2676	2952	6000	5000	1	1	1	1	1	1
4	10	0	5	1000	53020	53020.005	54	0	3	2	4	5	1	32451	0	1000	1390	726	0	3	2	4	5	1	1730	2046	2360	2684	3004	6000	5000	1	1	1	1	1	1
4	11	0	5	1000	58020	58020.006	58	998	1	3	2	5	4	13254	0	1000	1286	682	0	1	3	2	5	4	1686	1988	2306	2590	2880	6000	5000	1	1	1	1	1	1
4	12	0	5	1000	63020	63020.005	63	995.998	3	2	4	5	1	32451	0	1000	1370	660	0	3	2	4	5	1	1664	1970	2254	2568	2908	6000	5000	1	1	1	1	1	1
4	13	1	5	1000	68020	68020.005	68	995.999	3	5	1	2	4	35124	0	1000	1302	748	0	3	5	1	2	4	1752	2044	2362	2666	2956	6000	5000	1	1	1	1	1	1
4	14	0	5	1000	73020	73020.003	73	993.998	1	4	5	2	3	14523	0	1000	1290	636	0	1	4	5	2	3	1640	1940	2278	2576	2888	6000	5000	1	1	1	1	1	1
4	15	0	5	1000	78020	78021.995	78	993.975	3	2	4	5	1	32451	0	1000	0	1074	1	2	2	4	5	1	2078	3084	3364	3672	4000	6000	5000	0	1	1	1	1	1
4	16	1	5	1000	83020	83020.005	83	989.997	3	2	4	5	1	32451	0	1000	1400	766	0	3	2	4	5	1	1770	2090	2400	2720	3050	6000	5000	1	1	1	1	1	1
4	17	1	5	1000	88020	88020.006	88	988.012	3	2	4	5	1	32451	0	16000	1386	766	0	3	2	4	5	1	1770	2086	2400	2714	3022	6000	5000	1	1	1	1	1	1
4	18	1	5	1000	108020	108020.003	108	981.998	3	2	4	5	1	32451	0	1000	1342	790	0	3	2	4	5	1	1794	2096	2384	2690	2996	6000	5000	1	1	1	1	1	1
4	19	0	5	1000	113020	113020.003	113	979.998	1	3	2	5	4	13254	0	1000	1296	680	0	1	3	2	5	4	1706	1994	2302	2594	2896	6000	5000	1	1	1	1	1	1
4	20	1	5	1000	118020	118020.005	118	977.971	3	2	4	5	1	32451	0	1000	1370	782	0	3	2	4	5	1	1786	2082	2384	2704	3030	6000	5000	1	1	1	1	1	1
4	21	1	5	1000	123020	123020.082	123	976.079	1	4	5	2	3	14523	0	1000	1274	712	0	1	4	5	2	3	1716	2022	2324	2614	2912	6000	5000	1	1	1	1	1	1
4	22	0	5	1000	128020	128020.006	128	975.963	3	2	4	5	1	32451	0	1000	1320	894	0	3	2	4	5	1	1898	2210	2502	2790	3100	6000	5000	1	1	1	1	1	1
4	23	1	5	1000	133020	133020.077	133	974.073	1	4	5	2	3	14523	0	1000	1240	736	0	1	4	5	2	3	1740	2030	2342	2640	2930	6000	5000	1	1	1	1	1	1
4	24	1	5	1000	138020	138020.007	138	972.022	1	3	2	5	4	13254	0	1000	1326	652	0	1	3	2	5	4	1656	1970	2276	2578	2866	6000	5000	1	1	1	1	1	1
4	25	1	5	1000	143020	143021.993	143	971.987	3	2	4	5	1	32451	0	1000	1364	730	0	3	2	4	5	1	1734	2040	2346	2658	2984	6000	5000	1	1	1	1	1	1
4	26	0	5	1000	148020	148020.025	148	968.032	3	2	4	5	1	32451	0	1000	1376	640	0	3	2	4	5	1	1644	1946	2234	2562	2894	6000	5000	1	1	1	1	1	1
4	27	1	5	1000	153020	153020.008	153	966.011	1	3	2	5	4	13254	0	1000	1298	732	0	1	3	2	5	4	1736	2042	2346	2640	2932	6000	5000	1	1	1	1	1	1
4	28	1	5	1000	158020	158020.003	158	964.001	1	3	2	5	4	13254	0	1000	1342	588	0	1	3	2	5	4	1592	1896	2206	2518	2846	6000	5000	1	1	1	1	1	1
4	29	1	5	1000	163020	163020.008	163	962.001	3	5	1	2	4	35124	0	1000	1322	814	0	3	5	1	2	4	1818	2128	2458	2762	3056	6000	5000	1	1	1	1	1	1
4	30	0	5	1000	168020	168020.008	168	962.002	1	3	2	5	4	13254	0	1000	1288	688	0	1	3	2	5	4	1692	1984	2302	2602	2882	6000	5000	1	1	1	1	1	1
4	31	0	5	1000	173020	173020.006	173	959.989	1	4	5	2	3	14523	0	1000	1278	712	0	1	4	5	2	3	1716	1998	2318	2618	2916	6000	5000	1	1	1	1	1	1
4	32	1	5	1000	178020	178020.004	178	958.001	1	3	2	5	4	13254	0	1000	1270	662	0	1	3	2	5	4	1666	1960	2270	2548	2844	6000	5000	1	1	1	1	1	1
4	33	0	5	1000	183020	183021.995	183	957.987	3	5	1	2	4	35124	0	1000	1338	674	0	3	5	1	2	4	1678	1998	2338	2638	2922	6000	5000	1	1	1	1	1	1
4	34	1	5	1000	188020	188020.008	188	954.004	3	2	4	5	1	32451	0	16000	1354	792	0	3	2	4	5	1	1796	2104	2410	2698	3020	6000	5000	1	1	1	1	1	1
4	35	1	5	1000	208020	208021.992	208	949.986	3	2	4	5	1	32451	0	1000	1388	764	0	3	2	4	5	1	1768	2088	2374	2676	2992	6000	5000	1	1	1	1	1	1
4	36	1	5	1000	213020	213020.017	213	946.012	3	5	1	2	4	35124	0	1000	1288	720	0	3	5	1	2	4	1724	2032	2348	2618	2908	6000	5000	1	1	1	1	1	1
4	37	1	5	1000	218020	218020.008	218	944.008	3	2	4	5	1	32451	0	1000	1342	676	0	3	2	4	5	1	1680	1986	2286	2588	2894	6000	5000	1	1	1	1	1	1
4	38	0	5	1000	223020	223022.006	223	944.001	3	5	1	2	4	35124	0	1000	1278	648	0	3	5	1	2	4	1652	1962	2278	2546	2834	6000	5000	1	1	1	1	1	1
4	39	1	5	1000	228020	228020.008	228	940.013	1	3	2	5	4	13254	0	1000	1256	690	0	1	3	2	5	4	1694	1986	2286	2558	2844	6000	5000	1	1	1	1	1	1
4	40	0	5	1000	233020	233020.006	233	940.012	1	4	5	2	3	14523	0	1000	1254	710	0	1	4	5	2	3	1714	1990	2290	2590	2896	6000	5000	1	1	1	1	1	1
4	41	1	5	1000	238020	238021.997	238	939.99	3	2	4	5	1	32451	0	1000	1334	600	0	3	2	4	5	1	1604	1918	2208	2514	2822	6000	5000	1	1	1	1	1	1
4	42	0	5	1000	243020	243021.995	243	938.008	1	4	5	2	3	14523	0	1000	1308	578	0	1	4	5	2	3	1582	1900	2208	2500	2802	6000	5000	1	1	1	1	1	1
4	43	0	5	1000	248020	248021.996	248	936.001	3	5	1	2	4	35124	0	1000	1258	724	0	3	5	1	2	4	1728	2020	2340	2606	2890	6000	5000	1	1	1	1	1	1
4	44	0	5	1000	253020	253022.006	253	934.001	3	2	4	5	1	32451	0	1000	1370	740	0	3	2	4	5	1	1744	2064	2356	2676	2998	6000	5000	1	1	1	1	1	1
4	45	0	5	1000	258020	258021.994	258	931.988	3	5	1	2	4	35124	0	1000	1248	736	0	3	5	1	2	4	1740	2048	2354	2616	2890	6000	5000	1	1	1	1	1	1
4	46	1	5	1000	263020	263020.014	263	930.02	3	5	1	2	4	35124	0	1000	1300	722	0	3	5	1	2	4	1726	2040	2362	2630	2922	6000	5000	1	1	1	1	1	1
4	47	1	5	1000	268020	268020.026	268	928.036	1	4	5	2	3	14523	0	1000	1284	700	0	1	4	5	2	3	1704	1988	2302	2592	2896	6000	5000	1	1	1	1	1	1
4	48	0	5	1000	273020	273020.032	273	926.035	1	3	2	5	4	13254	0	1000	1230	666	0	1	3	2	5	4	1670	1962	2252	2530	2808	6000	5000	1	1	1	1	1	1
4	49	1	5	1000	278020	278020.037	278	924.037	1	3	2	5	4	13254	0	1000	1272	696	0	1	3	2	5	4	1700	1980	2284	2554	2884	6000	5000	1	1	1	1	1	1
4	50	0	5	1000	283020	283021.993	283	923.985	3	2	4	5	1	32451	0	1000	1366	698	0	3	2	4	5	1	1702	1994	2294	2620	2944	6000	5000	1	1	1	1	1	1
4	51	0	5	1000	288020	288020.025	288	920.027	3	2	4	5	1	32451	0	16000	1328	694	0	3	2	4	5	1	1698	1986	2276	2594	2910	6000	5000	1	1	1	1	1	1
4	52	0	5	1000	308020	308021.992	308	915.986	3	2	4	5	1	32451	0	1000	1392	774	0	3	2	4	5	1	1778	2086	2404	2714	3050	6000	5000	1	1	1	1	1	1
4	53	0	5	1000	313020	313020.006	313	912.014	1	4	5	2	3	14523	0	1000	1258	594	0	1	4	5	2	3	1598	1880	2198	2492	2796	6000	5000	1	1	1	1	1	1
4	54	0	5	1000	318020	318021.994	318	911.984	1	3	2	5	4	13254	0	1000	1222	602	0	1	3	2	5	4	1606	1900	2200	2476	2740	6000	5000	1	1	1	1	1	1
4	55	1	5	1000	323020	323021.995	323	910.001	3	5	1	2	4	35124	0	1000	1286	674	0	3	5	1	2	4	1678	1996	2316	2598	2872	6000	5000	1	1	1	1	1	1
4	56	1	5	1000	328020	328020.016	328	908.01	3	5	1	2	4	35124	0	1000	1278	664	0	3	5	1	2	4	1668	1976	2288	2572	2856	6000	5000	1	1	1	1	1	1
4	57	1	5	1000	333020	333021.994	333	907.988	1	3	2	5	4	13254	0	1000	1244	622	0	1	3	2	5	4	1626	1932	2228	2494	2770	6000	5000	1	1	1	1	1	1
4	58	1	5	1000	338020	338022.025	338	906.03	1	4	5	2	3	14523	0	1000	1288	530	0	1	4	5	2	3	1534	1830	2142	2442	2738	6000	5000	1	1	1	1	1	1
4	59	0	5	1000	343020	343021.993	343	903.998	3	5	1	2	4	35124	0	1000	1308	850	0	3	5	1	2	4	1854	2172	2498	2766	3054	6000	5000	1	1	1	1	1	1
4	60	0	5	1000	348020	348020.007	348	900.015	1	3	2	5	4	13254	0	1000	1316	662	0	1	3	2	5	4	1666	1942	2276	2574	2874	6000	5000	1	1	1	1	1	1
4	61	1	5	1000	353020	353020.028	353	898.029	1	4	5	2	3	14523	0	1000	1308	684	0	1	4	5	2	3	1688	2018	2350	2648	2934	6000	5000	1	1	1	1	1	1
4	62	1	5	1000	358020	358020.008	358	898.003	1	4	5	2	3	14523	0	1000	1228	684	0	1	4	5	2	3	1688	1986	2274	2550	2828	6000	5000	1	1	1	1	1	1
4	63	1	5	1000	363020	363021.989	363	897.979	3	2	4	5	1	32451	0	1000	1306	708	0	3	2	4	5	1	1712	2020	2312	2610	2902	6000	5000	1	1	1	1	1	1
4	64	1	5	1000	368020	368021.995	368	896.001	1	3	2	5	4	13254	0	1000	1262	630	0	1	3	2	5	4	1634	1934	2234	2522	2800	6000	5000	1	1	1	1	1	1
4	65	0	5	1000	373020	373022.002	373	893.996	1	3	2	5	4	13254	0	1000	1188	714	0	1	3	2	5	4	1718	1986	2286	2572	2822	6000	5000	1	1	1	1	1	1
4	66	0	5	1000	378020	378022.017	378	892.023	1	3	2	5	4	13254	0	1000	1988	672	0	1	3	2	5	4	1676	2676	2966	3254	3536	6000	5000	1	1	1	1	1	1
4	67	0	5	1000	383020	383021.996	383	890.004	3	5	1	2	4	35124	0	1000	1302	594	0	3	5	1	2	4	1598	1906	2226	2496	2788	6000	5000	1	1	1	1	1	1
4	68	0	5	1000	388020	388021.99	388	887.998	3	5	1	2	4	35124	0	16000	1310	656	0	3	5	1	2	4	1660	1976	2306	2574	2864	6000	5000	1	1	1	1	1	1
5	1	1	5	1000	8020	8021.995	9	15.989	3	5	1	2	4	35124	0	1000	1444	608	0	3	5	1	2	4	1612	1974	2294	2616	2924	6000	5000	1	1	1	1	1	1
5	2	1	5	1000	13020	13022.006	14	16.015	1	3	2	5	4	13254	0	1000	1356	640	0	1	3	2	5	4	1644	1948	2266	2568	2868	6000	5000	1	1	1	1	1	1
5	3	0	5	1000	18020	18020.007	19	12.007	1	3	2	5	4	13254	0	1000	1326	634	0	1	3	2	5	4	1638	1912	2230	2548	2844	6000	5000	1	1	1	1	1	1
5	4	0	5	1000	23020	23020.004	24	9.998	3	5	1	2	4	35124	0	1000	1386	660	0	3	5	1	2	4	1664	1972	2308	2614	2922	6000	5000	1	1	1	1	1	1
5	5	0	5	1000	28020	28020.003	29	7.998	1	4	5	2	3	14523	0	1000	1390	634	0	1	4	5	2	3	1638	1930	2274	2594	2920	6000	5000	1	1	1	1	1	1
5	6	0	5	1000	33020	33020.004	34	6.002	3	5	1	2	4	35124	0	1000	1388	744	0	3	5	1	2	4	1748	2074	2426	2728	3020	6000	5000	1	1	1	1	1	1
5	7	1	5	1000	38020	38021.996	39	6.001	1	4	5	2	3	14523	0	1000	1358	706	0	1	4	5	2	3	1710	2004	2352	2652	2966	6000	5000	1	1	1	1	1	1
5	8	0	5	1000	43020	43020.006	44	1.999	3	5	1	2	4	35124	0	1000	1354	698	0	3	5	1	2	4	1702	2028	2364	2644	2934	6000	5000	1	1	1	1	1	1
5	9	0	5	1000	48020	48021.996	49	3.999	1	3	2	5	4	13254	0	1000	1362	654	0	1	3	2	5	4	1658	1966	2302	2604	2906	6000	5000	1	1	1	1	1	1
5	10	1	5	1000	53020	53020.006	54	0	3	2	4	5	1	32451	0	1000	1408	728	0	3	2	4	5	1	1732	2032	2354	2674	2990	6000	5000	1	1	1	1	1	1
5	11	1	5	1000	58020	58020.003	58	997.993	1	4	5	2	3	14523	0	1000	1334	692	0	1	4	5	2	3	1696	1998	2322	2634	2924	6000	5000	1	1	1	1	1	1
5	12	0	5	1000	63020	63020.003	63	995.996	1	3	2	5	4	13254	0	1000	1296	712	0	1	3	2	5	4	1716	2014	2334	2618	2888	6000	5000	1	1	1	1	1	1
5	13	1	5	1000	68020	68022.008	68	996.002	1	3	2	5	4	13254	0	1000	1328	676	0	1	3	2	5	4	1680	1986	2302	2596	2886	6000	5000	1	1	1	1	1	1
5	14	1	5	1000	73020	73021.995	73	995.987	1	3	2	5	4	13254	0	1000	1322	550	0	1	3	2	5	4	1554	1862	2184	2474	2768	6000	5000	1	1	1	1	1	1
5	15	0	5	1000	78020	78021.998	78	993.953	3	2	4	5	1	32451	0	1000	1404	754	0	3	2	4	5	1	1758	2066	2376	2688	3014	6000	5000	1	1	1	1	1	1
5	16	1	5	1000	83020	83020.003	83	990	3	2	4	5	1	32451	0	1000	1376	676	0	3	2	4	5	1	1680	1986	2292	2610	2906	6000	5000	1	1	1	1	1	1
5	17	0	5	1000	88020	88020.004	88	988	1	3	2	5	4	13254	0	16000	1302	762	0	1	3	2	5	4	1766	2076	2398	2674	2956	6000	5000	1	1	1	1	1	1
5	18	0	5	1000	108020	108022.002	108	983.975	1	3	2	5	4	13254	0	1000	1304	724	0	1	3	2	5	4	1728	2038	2344	2626	2922	6000	5000	1	1	1	1	1	1
5	19	0	5	1000	113020	113020.006	113	979.962	3	2	4	5	1	32451	0	1000	1338	698	0	3	2	4	5	1	1702	1998	2300	2596	2904	6000	5000	1	1	1	1	1	1
5	20	0	5	1000	118020	118020.004	118	977.998	3	2	4	5	1	32451	0	1000	1308	580	0	3	2	4	5	1	1584	1882	2172	2466	2772	6000	5000	1	1	1	1	1	1
5	21	0	5	1000	123020	123020.006	123	978.001	1	4	5	2	3	14523	0	1000	1280	696	0	1	4	5	2	3	1700	1974	2286	2592	2888	6000	5000	1	1	1	1	1	1
5	22	1	5	1000	128020	128020.086	128	974.08	1	3	2	5	4	13254	0	1000	1290	718	0	1	3	2	5	4	1722	2020	2338	2620	2902	6000	5000	1	1	1	1	1	1
5	23	1	5	1000	133020	133022.022	133	974.015	1	4	5	2	3	14523	0	1000	1294	558	0	1	4	5	2	3	1562	1866	2182	2476	2760	6000	5000	1	1	1	1	1	1
5	24	1	5	1000	138020	138022.004	138	973.999	1	4	5	2	3	14523	0	1000	1242	650	0	1	4	5	2	3	1654	1942	2244	2538	2814	6000	5000	1	1	1	1	1	1
5	25	1	5	1000	143020	143021.997	143	971.99	3	2	4	5	1	32451	0	1000	1312	732	0	3	2	4	5	1	1736	2028	2336	2638	2930	6000	5000	1	1	1	1	1	1
5	26	0	5	1000	148020	148020.005	148	967.999	3	2	4	5	1	32451	0	1000	1360	726	0	3	2	4	5	1	1730	2032	2344	2640	2960	6000	5000	1	1	1	1	1	1
5	27	1	5	1000	153020	153022.009	153	968.015	1	3	2	5	4	13254	0	1000	1262	734	0	1	3	2	5	4	1738	2024	2334	2606	2902	6000	5000	1	1	1	1	1	1
5	28	0	5	1000	158020	158022.003	158	965.971	3	5	1	2	4	35124	0	1000	1274	678	0	3	5	1	2	4	1682	1968	2280	2548	2848	6000	5000	1	1	1	1	1	1
5	29	0	5	1000	163020	163021.999	163	963.987	3	5	1	2	4	35124	0	1000	1300	764	0	3	5	1	2	4	1768	2038	2368	2646	2948	6000	5000	1	1	1	1	1	1
5	30	1	5	1000	168020	168020.007	168	960.001	3	5	1	2	4	35124	0	1000	1304	708	0	3	5	1	2	4	1712	2008	2324	2608	2900	6000	5000	1	1	1	1	1	1
5	31	1	5	1000	173020	173020.007	173	959.833	3	2	4	5	1	32451	0	1000	1356	700	0	3	2	4	5	1	1704	2014	2320	2618	2930	6000	5000	1	1	1	1	1	1
5	32	0	5	1000	178020	178020.007	178	958.01	3	5	1	2	4	35124	0	1000	1280	652	0	3	5	1	2	4	1656	1948	2256	2532	2816	6000	5000	1	1	1	1	1	1
5	33	1	5	1000	183020	183021.993	183	957.998	3	2	4	5	1	32451	0	1000	1334	606	0	3	2	4	5	1	1610	1912	2218	2520	2824	6000	5000	1	1	1	1	1	1
5	34	1	5	1000	188020	188020.004	188	953.999	3	5	1	2	4	35124	0	16000	1278	660	0	3	5	1	2	4	1664	1966	2282	2548	2828	6000	5000	1	1	1	1	1	1
5	35	1	5	1000	208020	208020.006	208	947.99	3	5	1	2	4	35124	0	1000	1346	738	0	3	5	1	2	4	1742	2048	2366	2660	2974	6000	5000	1	1	1	1	1	1
5	36	0	5	1000	213020	213020.004	213	945.999	1	3	2	5	4	13254	0	1000	1296	556	0	1	3	2	5	4	1560	1860	2174	2452	2734	6000	5000	1	1	1	1	1	1
5	37	1	5	1000	218020	218020.043	218	944.019	3	5	1	2	4	35124	0	1000	1322	686	0	3	5	1	2	4	1690	1982	2306	2596	2902	6000	5000	1	1	1	1	1	1
5	38	1	5	1000	223020	223020.005	223	942	3	5	1	2	4	35124	0	1000	1312	636	0	3	5	1	2	4	1640	1946	2266	2562	2844	6000	5000	1	1	1	1	1	1
5	39	0	5	1000	228020	228020.007	228	940.013	1	4	5	2	3	14523	0	1000	1298	682	0	1	4	5	2	3	1686	1976	2292	2592	2880	6000	5000	1	1	1	1	1	1
5	40	0	5	1000	233020	233021.995	233	940.003	3	2	4	5	1	32451	0	1000	1384	680	0	3	2	4	5	1	1684	1976	2290	2602	2918	6000	5000	1	1	1	1	1	1
5	41	0	5	1000	238020	238021.997	238	940	1	3	2	5	4	13254	0	1000	1344	732	0	1	3	2	5	4	1736	2040	2356	2660	2976	6000	5000	1	1	1	1	1	1
5	42	0	5	1000	243020	243020.005	243	936.011	1	4	5	2	3	14523	0	1000	1318	798	0	1	4	5	2	3	1802	2086	2402	2710	3010	6000	5000	1	1	1	1	1	1
5	43	1	5	1000	248020	248020.006	248	934.01	1	4	5	2	3	14523	0	1000	1314	742	0	1	4	5	2	3	1746	2032	2346	2650	2960	6000	5000	1	1	1	1	1	1
5	44	1	5	1000	253020	253020.01	253	932.012	1	3	2	5	4	13254	0	1000	1300	682	0	1	3	2	5	4	1686	2000	2310	2588	2870	6000	5000	1	1	1	1	1	1
5	45	1	5	1000	258020	258020.006	258	930.008	3	2	4	5	1	32451	0	1000	1362	670	0	3	2	4	5	1	1674	1972	2292	2604	2916	6000	5000	1	1	1	1	1	1
5	46	1	5	1000	263020	263020.013	263	928.007	1	3	2	5	4	13254	0	1000	1292	708	0	1	3	2	5	4	1712	2030	2336	2606	2900	6000	5000	1	1	1	1	1	1
5	47	1	5	1000	268020	268020.015	268	928.013	3	5	1	2	4	35124	0	1000	1312	734	0	3	5	1	2	4	1738	2026	2360	2642	2926	6000	5000	1	1	1	1	1	1
5	48	1	5	1000	273020	273021.993	273	927.997	1	4	5	2	3	14523	0	1000	1286	730	0	1	4	5	2	3	1734	2048	2346	2646	2928	6000	5000	1	1	1	1	1	1
5	49	0	5	1000	278020	278022.001	278	925.992	1	4	5	2	3	14523	0	1000	1304	902	0	1	4	5	2	3	1906	2198	2506	2814	3118	6000	5000	1	1	1	1	1	1
5	50	0	5	1000	283020	283022.006	283	923.999	1	4	5	2	3	14523	0	1000	1274	656	0	1	4	5	2	3	1660	1960	2262	2550	2840	6000	5000	1	1	1	1	1	1
5	51	1	5	1000	288020	288022.026	288	922.032	3	2	4	5	1	32451	0	16000	1338	822	0	3	2	4	5	1	1826	2126	2422	2714	3014	6000	5000	1	1	1	1	1	1
5	52	1	5	1000	308020	308022.004	308	916.006	3	2	4	5	1	32451	0	1000	1346	792	0	3	2	4	5	1	1796	2088	2396	2684	2982	6000	5000	1	1	1	1	1	1
5	53	1	5	1000	313020	313021.996	313	914.021	3	2	4	5	1	32451	0	1000	1314	690	0	3	2	4	5	1	1694	2002	2280	2570	2858	6000	5000	1	1	1	1	1	1
5	54	0	5	1000	318020	318021.995	318	911.981	1	4	5	2	3	14523	0	1000	1238	898	0	1	4	5	2	3	1902	2202	2496	2772	3046	6000	5000	1	1	1	1	1	1
5	55	1	5	1000	323020	323020.033	323	908.036	3	5	1	2	4	35124	0	1000	1300	620	0	3	5	1	2	4	1624	1916	2246	2522	2808	6000	5000	1	1	1	1	1	1
5	56	0	5	1000	328020	328021.993	328	907.995	3	5	1	2	4	35124	0	1000	1286	610	0	3	5	1	2	4	1614	1940	2246	2508	2784	6000	5000	1	1	1	1	1	1
5	57	1	5	1000	333020	333020.007	333	904.032	1	3	2	5	4	13254	0	1000	1308	754	0	1	3	2	5	4	1758	2066	2384	2662	2946	6000	5000	1	1	1	1	1	1
5	58	0	5	1000	338020	338021.995	338	905.989	1	4	5	2	3	14523	0	1000	1296	742	0	1	4	5	2	3	1746	2042	2366	2658	2950	6000	5000	1	1	1	1	1	1
5	59	0	5	1000	343020	343020.01	343	902.015	1	3	2	5	4	13254	0	1000	1228	652	0	1	3	2	5	4	1656	1928	2230	2504	2772	6000	5000	1	1	1	1	1	1
5	60	0	5	1000	348020	348020.006	348	900	1	3	2	5	4	13254	0	1000	1248	622	0	1	3	2	5	4	1626	1924	2234	2500	2760	6000	5000	1	1	1	1	1	1
5	61	1	5	1000	353020	353022.028	353	900.032	1	4	5	2	3	14523	0	1000	1256	744	0	1	4	5	2	3	1748	2030	2342	2628	2908	6000	5000	1	1	1	1	1	1
5	62	1	5	1000	358020	358020.008	358	896.015	3	5	1	2	4	35124	0	1000	1314	728	0	3	5	1	2	4	1732	2028	2350	2634	2936	6000	5000	1	1	1	1	1	1
5	63	0	5	1000	363020	363022.008	363	896.003	3	2	4	5	1	32451	0	1000	1336	752	0	3	2	4	5	1	1756	2058	2356	2660	2966	6000	5000	1	1	1	1	1	1
5	64	0	5	1000	368020	368022	368	896.005	3	5	1	2	4	35124	0	1000	1298	640	0	3	5	1	2	4	1644	1942	2268	2536	2806	6000	5000	1	1	1	1	1	1
5	65	0	5	1000	373020	373021.996	373	894.004	3	2	4	5	1	32451	0	1000	1370	738	0	3	2	4	5	1	1742	2046	2356	2668	2988	6000	5000	1	1	1	1	1	1
5	66	1	5	1000	378020	378022.007	378	892.009	1	4	5	2	3	14523	0	1000	1280	712	0	1	4	5	2	3	1716	2008	2308	2602	2890	6000	5000	1	1	1	1	1	1
5	67	0	5	1000	383020	383020.006	383	888	3	2	4	5	1	32451	0	1000	1354	570	0	3	2	4	5	1	1574	1876	2158	2466	2788	6000	5000	1	1	1	1	1	1
5	68	1	5	1000	388020	388022.024	388	888.029	3	5	1	2	4	35124	0	16000	1314	674	0	3	5	1	2	4	1678	1968	2292	2576	2866	6000	5000	1	1	1	1	1	1
6	1	0	5	1000	8020	8020.006	9	16.004	1	3	2	5	4	13254	0	1000	1300	696	0	1	3	2	5	4	1700	2026	2336	2598	2878	6000	5000	1	1	1	1	1	1
6	2	1	5	1000	13020	13021.995	14	15.995	1	3	2	5	4	13254	0	1000	1246	658	0	1	3	2	5	4	1662	1956	2254	2514	2790	6000	5000	1	1	1	1	1	1
6	3	1	5	1000	18020	18020	19	12.01	3	5	1	2	4	35124	0	1000	1292	756	0	3	5	1	2	4	1760	2050	2358	2644	2942	6000	5000	1	1	1	1	1	1
6	4	1	5	1000	23020	23022.001	24	12.007	3	5	1	2	4	35124	0	1000	1256	628	0	3	5	1	2	4	1632	1926	2228	2506	2790	6000	5000	1	1	1	1	1	1
6	5	0	5	1000	28020	28020.013	29	8.012	3	5	1	2	4	35124	0	1000	1312	720	0	3	5	1	2	4	1724	2028	2348	2642	2928	6000	5000	1	1	1	1	1	1
6	6	1	5	1000	33020	33020.002	34	6.002	1	3	2	5	4	13254	0	1000	1296	596	0	1	3	2	5	4	1600	1902	2204	2498	2786	6000	5000	1	1	1	1	1	1
6	7	1	5	1000	38020	38021.989	39	7.996	3	2	4	5	1	32451	0	1000	1340	740	0	3	2	4	5	1	1744	2046	2336	2632	2952	6000	5000	1	1	1	1	1	1
6	8	0	5	1000	43020	43020.001	44	4.012	1	3	2	5	4	13254	0	1000	1254	654	0	1	3	2	5	4	1658	1968	2274	2550	2826	6000	5000	1	1	1	1	1	1
6	9	1	5	1000	48020	48021.992	49	3.995	3	2	4	5	1	32451	0	1000	1320	646	0	3	2	4	5	1	1650	1944	2244	2554	2856	6000	5000	1	1	1	1	1	1
6	10	0	5	1000	53020	53020.004	54	0	1	4	5	2	3	14523	0	1000	1250	718	0	1	4	5	2	3	1722	2000	2304	2588	2880	6000	5000	1	1	1	1	1	1
6	11	1	5	1000	58020	58020.002	58	998.003	1	4	5	2	3	14523	0	1000	1288	652	0	1	4	5	2	3	1656	1966	2272	2576	2866	6000	5000	1	1	1	1	1	1
6	12	0	5	1000	63020	63020.01	63	998.012	1	4	5	2	3	14523	0	1000	1278	730	0	1	4	5	2	3	1734	2034	2338	2642	2928	6000	5000	1	1	1	1	1	1
6	13	1	5	1000	68020	68020.005	68	996.004	3	2	4	5	1	32451	0	1000	1324	710	0	3	2	4	5	1	1714	2024	2312	2604	2918	6000	5000	1	1	1	1	1	1
6	14	1	5	1000	73020	73020.002	73	994.005	1	4	5	2	3	14523	0	1000	1242	622	0	1	4	5	2	3	1626	1908	2222	2502	2778	6000	5000	1	1	1	1	1	1
6	15	0	5	1000	78020	78021.993	78	994.002	3	5	1	2	4	35124	0	1000	1284	712	0	3	5	1	2	4	1716	2022	2346	2626	2896	6000	5000	1	1	1	1	1	1
6	16	0	5	1000	83020	83020.002	83	989.998	1	3	2	5	4	13254	0	1000	1274	592	0	1	3	2	5	4	1596	1906	2214	2502	2774	6000	5000	1	1	1	1	1	1
6	17	0	5	1000	88020	88021.992	88	990.001	1	3	2	5	4	13254	0	16000	1250	612	0	1	3	2	5	4	1616	1904	2198	2486	2772	6000	5000	1	1	1	1	1	1
6	18	0	5	1000	108020	108020.004	108	982.002	1	3	2	5	4	13254	0	1000	1236	830	0	1	3	2	5	4	1834	2152	2440	2698	2962	6000	5000	1	1	1	1	1	1
6	19	0	5	1000	113020	113020.003	113	980.013	3	2	4	5	1	32451	0	1000	1338	654	0	3	2	4	5	1	1658	1958	2242	2564	2878	6000	5000	1	1	1	1	1	1
6	20	0	5	1000	118020	118020	118	977.998	3	5	1	2	4	35124	0	1000	1238	728	0	3	5	1	2	4	1732	2022	2328	2596	2866	6000	5000	1	1	1	1	1	1
6	21	0	5	1000	123020	123020.006	123	976.007	3	2	4	5	1	32451	0	1000	1322	754	0	3	2	4	5	1	1758	2042	2344	2632	2958	6000	5000	1	1	1	1	1	1
6	22	0	5	1000	128020	128020.003	128	976.013	1	4	5	2	3	14523	0	1000	1234	726	0	1	4	5	2	3	1730	2020	2316	2608	2886	6000	5000	1	1	1	1	1	1
6	23	0	5	1000	133020	133020.002	133	973.998	3	2	4	5	1	32451	0	1000	1308	808	0	3	2	4	5	1	1812	2106	2408	2712	3012	6000	5000	1	1	1	1	1	1
6	24	0	5	1000	138020	138020.001	138	971.999	3	2	4	5	1	32451	0	1000	1320	984	0	3	2	4	5	1	1988	2280	2582	2878	3190	6000	5000	1	1	1	1	1	1
6	25	1	5	1000	143020	143020.002	143	970.01	1	4	5	2	3	14523	0	1000	1260	808	0	1	4	5	2	3	1812	2104	2406	2692	2976	6000	5000	1	1	1	1	1	1
6	26	1	5	1000	148020	148020.003	148	968.001	3	5	1	2	4	35124	0	1000	1242	700	0	3	5	1	2	4	1704	1996	2310	2586	2856	6000	5000	1	1	1	1	1	1
6	27	0	5	1000	153020	153022.004	153	968.003	1	4	5	2	3	14523	0	1000	1262	726	0	1	4	5	2	3	1730	2022	2328	2620	2898	6000	5000	1	1	1	1	1	1
6	28	1	5	1000	158020	158022.004	158	966.014	3	5	1	2	4	35124	0	1000	1286	676	0	3	5	1	2	4	1680	1978	2296	2582	2872	6000	5000	1	1	1	1	1	1
6	29	0	5	1000	163020	163020.007	163	964.016	3	2	4	5	1	32451	0	1000	1342	682	0	3	2	4	5	1	1686	2018	2316	2614	2910	6000	5000	1	1	1	1	1	1
6	30	1	5	1000	168020	168021.989	168	963.953	1	3	2	5	4	13254	0	1000	1248	766	0	1	3	2	5	4	1770	2072	2372	2642	2906	6000	5000	1	1	1	1	1	1
6	31	0	5	1000	173020	173020.013	173	960.007	1	3	2	5	4	13254	0	1000	1224	610	0	1	3	2	5	4	1614	1904	2202	2474	2734	6000	5000	1	1	1	1	1	1
6	32	0	5	1000	178020	178020.058	178	958.058	3	5	1	2	4	35124	0	1000	1244	622	0	3	5	1	2	4	1626	1912	2218	2486	2760	6000	5000	1	1	1	1	1	1
6	33	1	5	1000	183020	183020.004	183	956.012	1	4	5	2	3	14523	0	1000	1192	676	0	1	4	5	2	3	1680	1956	2240	2508	2770	6000	5000	1	1	1	1	1	1
6	34	1	5	1000	188020	188020.004	188	954.015	3	2	4	5	1	32451	0	16000	1298	668	0	3	2	4	5	1	1672	1968	2264	2554	2852	6000	5000	1	1	1	1	1	1
6	35	1	5	1000	208020	208020.019	208	948.015	3	2	4	5	1	32451	0	1000	1276	780	0	3	2	4	5	1	1784	2070	2348	2642	2940	6000	5000	1	1	1	1	1	1
6	36	0	5	1000	213020	213020.004	213	946.005	3	5	1	2	4	35124	0	1000	1200	752	0	3	5	1	2	4	1756	2028	2328	2580	2852	6000	5000	1	1	1	1	1	1
6	37	1	5	1000	218020	218021.988	218	945.99	3	5	1	2	4	35124	0	1000	1154	720	0	3	5	1	2	4	1724	1998	2280	2524	2786	6000	5000	1	1	1	1	1	1
6	38	1	5	1000	223020	223021.99	223	943.992	3	2	4	5	1	32451	0	1000	1254	650	0	3	2	4	5	1	1654	1942	2228	2510	2794	6000	5000	1	1	1	1	1	1
6	39	0	5	1000	228020	228020.004	228	942.011	3	2	4	5	1	32451	0	1000	1272	680	0	3	2	4	5	1	1684	1978	2260	2564	2848	6000	5000	1	1	1	1	1	1
6	40	0	5	1000	233020	233021.989	233	942.02	1	3	2	5	4	13254	0	1000	1182	660	0	1	3	2	5	4	1664	1940	2230	2486	2762	6000	5000	1	1	1	1	1	1
6	41	0	5	1000	238020	238021.99	238	940.002	1	4	5	2	3	14523	0	1000	1270	652	0	1	4	5	2	3	1656	1944	2246	2536	2826	6000	5000	1	1	1	1	1	1
6	42	0	5	1000	243020	243021.988	243	937.987	1	3	2	5	4	13254	0	1000	1230	734	0	1	3	2	5	4	1738	2028	2328	2596	2880	6000	5000	1	1	1	1	1	1
6	43	1	5	1000	248020	255858.708	248	8772.723	1	4	5	2	3	14523	0	1000	1256	738	0	1	4	5	2	3	1742	2030	2354	2646	2918	6000	5000	1	1	1	1	1	1
6	44	1	5	1000	253020	253021.992	253	934.001	1	4	5	2	3	14523	0	1000	1306	558	0	1	4	5	2	3	1562	1864	2172	2460	2752	6000	5000	1	1	1	1	1	1
6	45	0	5	1000	258020	258020.004	258	932.013	1	3	2	5	4	13254	0	1000	1232	644	0	1	3	2	5	4	1648	1942	2234	2490	2760	6000	5000	1	1	1	1	1	1
6	46	1	5	1000	263020	263020.004	263	930.014	3	5	1	2	4	35124	0	1000	1236	656	0	3	5	1	2	4	1660	1966	2248	2502	2784	6000	5000	1	1	1	1	1	1
6	47	1	5	1000	268020	268021.993	268	930.004	1	4	5	2	3	14523	0	1000	1178	586	0	1	4	5	2	3	1590	1868	2160	2426	2690	6000	5000	1	1	1	1	1	1
6	48	0	5	1000	273020	273021.99	273	928.002	3	2	4	5	1	32451	0	1000	1300	622	0	3	2	4	5	1	1626	1934	2230	2510	2790	6000	5000	1	1	1	1	1	1
6	49	1	5	1000	278020	278020.001	278	924.013	3	2	4	5	1	32451	0	1000	1304	668	0	3	2	4	5	1	1672	1966	2262	2558	2846	6000	5000	1	1	1	1	1	1
6	50	1	5	1000	283020	283020.012	283	922.019	3	5	1	2	4	35124	0	1000	1286	634	0	3	5	1	2	4	1638	1924	2230	2534	2814	6000	5000	1	1	1	1	1	1
6	51	1	5	1000	288020	288020.005	288	919.985	1	3	2	5	4	13254	0	16000	1228	648	0	1	3	2	5	4	1652	1926	2228	2502	2780	6000	5000	1	1	1	1	1	1
6	52	1	5	1000	308020	308020.015	308	914.025	1	3	2	5	4	13254	0	1000	1276	594	0	1	3	2	5	4	1598	1922	2230	2488	2756	6000	5000	1	1	1	1	1	1
6	53	0	5	1000	313020	313021.99	313	913.989	1	4	5	2	3	14523	0	1000	1278	628	0	1	4	5	2	3	1632	1934	2240	2522	2812	6000	5000	1	1	1	1	1	1
6	54	0	5	1000	318020	318020.004	318	910.012	1	4	5	2	3	14523	0	1000	1232	596	0	1	4	5	2	3	1600	1906	2194	2466	2722	6000	5000	1	1	1	1	1	1
6	55	0	5	1000	323020	323022.012	323	910.019	3	5	1	2	4	35124	0	1000	1296	620	0	3	5	1	2	4	1624	1940	2256	2528	2798	6000	5000	1	1	1	1	1	1
6	56	0	5	1000	328020	328021.993	328	909.997	3	5	1	2	4	35124	0	1000	1280	576	0	3	5	1	2	4	1580	1888	2202	2466	2734	6000	5000	1	1	1	1	1	1
6	57	1	5	1000	333020	333020.006	333	906.018	3	2	4	5	1	32451	0	1000	1290	674	0	3	2	4	5	1	1678	1984	2272	2550	2836	6000	5000	1	1	1	1	1	1
6	58	1	5	1000	338020	338020.003	338	904.013	3	2	4	5	1	32451	0	1000	1332	620	0	3	2	4	5	1	1624	1942	2230	2524	2808	6000	5000	1	1	1	1	1	1
6	59	1	5	1000	343020	343021.995	343	905.989	1	3	2	5	4	13254	0	1000	1236	670	0	1	3	2	5	4	1674	1960	2258	2526	2800	6000	5000	1	1	1	1	1	1
6	60	1	5	1000	348020	348021.994	348	901.975	1	4	5	2	3	14523	0	1000	1210	626	0	1	4	5	2	3	1630	1910	2200	2472	2750	6000	5000	1	1	1	1	1	1
6	61	1	5	1000	353020	353021.985	353	899.969	1	3	2	5	4	13254	0	1000	1234	656	0	1	3	2	5	4	1660	1950	2248	2510	2782	6000	5000	1	1	1	1	1	1
6	62	1	5	1000	358020	358021.992	358	899.989	1	3	2	5	4	13254	0	1000	1242	778	0	1	3	2	5	4	1782	2072	2360	2644	2934	6000	5000	1	1	1	1	1	1
6	63	0	5	1000	363020	363020.002	363	895.999	3	5	1	2	4	35124	0	1000	1266	752	0	3	5	1	2	4	1756	2052	2362	2630	2908	6000	5000	1	1	1	1	1	1
6	64	0	5	1000	368020	368021.99	368	895.987	1	4	5	2	3	14523	0	1000	1182	734	0	1	4	5	2	3	1738	2022	2306	2568	2824	6000	5000	1	1	1	1	1	1
6	65	1	5	1000	373020	373020.003	373	891.99	1	3	2	5	4	13254	0	1000	1238	702	0	1	3	2	5	4	1706	2006	2294	2570	2846	6000	5000	1	1	1	1	1	1
6	66	0	5	1000	378020	378020.001	378	890.011	3	2	4	5	1	32451	0	1000	1256	826	0	3	2	4	5	1	1830	2116	2390	2672	2982	6000	5000	1	1	1	1	1	1
6	67	1	5	1000	383020	383021.99	383	889.995	3	5	1	2	4	35124	0	1000	1220	752	0	3	5	1	2	4	1756	2054	2330	2588	2880	6000	5000	1	1	1	1	1	1
6	68	0	5	1000	388020	388021.989	388	887.994	1	3	2	5	4	13254	0	16000	1178	750	0	1	3	2	5	4	1754	2020	2310	2570	2826	6000	5000	1	1	1	1	1	1
7	1	1	5	1000	8020	8020.01	9	16.01	3	2	4	5	1	32451	0	1000	1322	760	0	3	2	4	5	1	1764	2066	2362	2664	2972	6000	5000	1	1	1	1	1	1
7	2	1	5	1000	13020	13022.012	14	15.894	3	5	1	2	4	35124	0	1000	1306	638	0	3	5	1	2	4	1642	1932	2250	2536	2818	6000	5000	1	1	1	1	1	1
7	3	0	5	1000	18020	18020.008	19	11.999	1	3	2	5	4	13254	0	1000	1254	606	0	1	3	2	5	4	1610	1924	2222	2472	2744	6000	5000	1	1	1	1	1	1
7	4	1	5	1000	23020	23020.009	24	10.001	3	2	4	5	1	32451	0	1000	1296	614	0	3	2	4	5	1	1618	1914	2196	2494	2778	6000	5000	1	1	1	1	1	1
7	5	0	5	1000	28020	28020.016	29	8.005	1	4	5	2	3	14523	0	1000	1196	552	0	1	4	5	2	3	1556	1834	2124	2390	2660	6000	5000	1	1	1	1	1	1
7	6	0	5	1000	33020	33021.999	34	9.99	1	4	5	2	3	14523	0	1000	1232	644	0	1	4	5	2	3	1648	1934	2216	2492	2778	6000	5000	1	1	1	1	1	1
7	7	1	5	1000	38020	38020.004	39	5.993	3	5	1	2	4	35124	0	1000	1220	648	0	3	5	1	2	4	1652	1938	2224	2502	2772	6000	5000	1	1	1	1	1	1
7	8	1	5	1000	43020	43020.011	44	4.002	1	3	2	5	4	13254	0	1000	1188	678	0	1	3	2	5	4	1682	1966	2250	2504	2772	6000	5000	1	1	1	1	1	1
7	9	0	5	1000	48020	48020.012	49	1.994	1	3	2	5	4	13254	0	1000	1172	830	0	1	3	2	5	4	1834	2106	2398	2648	2902	6000	5000	1	1	1	1	1	1
7	10	1	5	1000	53020	53021.999	54	2.012	1	3	2	5	4	13254	0	1000	1200	624	0	1	3	2	5	4	1628	1908	2194	2466	2738	6000	5000	1	1	1	1	1	1
7	11	0	5	1000	58020	58020.01	58	997.999	3	2	4	5	1	32451	0	1000	1254	684	0	3	2	4	5	1	1688	1976	2244	2540	2836	6000	5000	1	1	1	1	1	1
7	12	0	5	1000	63020	63020.008	63	998.009	1	3	2	5	4	13254	0	1000	1192	620	0	1	3	2	5	4	1624	1912	2188	2444	2712	6000	5000	1	1	1	1	1	1
7	13	0	5	1000	68020	68021.999	68	998.016	1	3	2	5	4	13254	0	1000	1188	698	0	1	3	2	5	4	1702	1994	2288	2540	2792	6000	5000	1	1	1	1	1	1
7	14	0	5	1000	73020	73022.013	73	996.005	1	4	5	2	3	14523	0	1000	1196	740	0	1	4	5	2	3	1744	2014	2300	2572	2854	6000	5000	1	1	1	1	1	1
7	15	0	5	1000	78020	78020.012	78	992	1	3	2	5	4	13254	0	1000	1178	756	0	1	3	2	5	4	1760	2046	2332	2582	2834	6000	5000	1	1	1	1	1	1
7	16	1	5	1000	83020	83020.011	83	992	3	5	1	2	4	35124	0	1000	1214	708	0	3	5	1	2	4	1712	2000	2288	2552	2832	6000	5000	1	1	1	1	1	1
7	17	0	5	1000	88020	88020.001	88	987.993	3	5	1	2	4	35124	0	16000	1214	668	0	3	5	1	2	4	1672	1968	2260	2524	2786	6000	5000	1	1	1	1	1	1
7	18	0	5	1000	108020	108020.011	108	982.012	3	5	1	2	4	35124	0	1000	1196	774	0	3	5	1	2	4	1778	2068	2356	2608	2872	6000	5000	1	1	1	1	1	1
7	19	0	5	1000	113020	113020.033	113	980.024	1	3	2	5	4	13254	0	1000	1168	690	0	1	3	2	5	4	1694	1968	2246	2506	2764	6000	5000	1	1	1	1	1	1
7	20	1	5	1000	118020	118020.012	118	978.014	1	4	5	2	3	14523	0	1000	1106	760	0	1	4	5	2	3	1764	2022	2292	2546	2794	6000	5000	1	1	1	1	1	1
7	21	0	5	1000	123020	123020.019	123	976.006	1	4	5	2	3	14523	0	1000	1134	786	0	1	4	5	2	3	1790	2048	2314	2580	2846	6000	5000	1	1	1	1	1	1
7	22	1	5	1000	128020	128020.01	128	976.027	1	4	5	2	3	14523	0	1000	1120	700	0	1	4	5	2	3	1704	1972	2248	2504	2752	6000	5000	1	1	1	1	1	1
7	23	1	5	1000	133020	133020.01	133	973.985	1	4	5	2	3	14523	0	1000	1128	686	0	1	4	5	2	3	1690	1964	2218	2480	2746	6000	5000	1	1	1	1	1	1
7	24	0	5	1000	138020	138020.011	138	972.002	3	5	1	2	4	35124	0	1000	1122	824	0	3	5	1	2	4	1828	2092	2358	2606	2866	6000	5000	1	1	1	1	1	1
7	25	0	5	1000	143020	143020.011	143	970.02	3	2	4	5	1	32451	0	1000	1226	842	0	3	2	4	5	1	1846	2124	2396	2664	2964	6000	5000	1	1	1	1	1	1
7	26	0	5	1000	148020	148020.012	148	968.005	3	2	4	5	1	32451	0	1000	1214	740	0	3	2	4	5	1	1744	2032	2286	2564	2860	6000	5000	1	1	1	1	1	1
7	27	0	5	1000	153020	153020.012	153	966.002	3	5	1	2	4	35124	0	1000	1170	686	0	3	5	1	2	4	1690	1966	2236	2496	2764	6000	5000	1	1	1	1	1	1
7	28	1	5	1000	158020	158020.01	158	965.999	1	4	5	2	3	14523	0	1000	1154	844	0	1	4	5	2	3	1848	2120	2394	2668	2926	6000	5000	1	1	1	1	1	1
7	29	1	5	1000	163020	163020.009	163	963.976	3	5	1	2	4	35124	0	1000	1176	868	0	3	5	1	2	4	1872	2138	2418	2678	2944	6000	5000	1	1	1	1	1	1
7	30	1	5	1000	168020	168020.019	168	962.016	3	5	1	2	4	35124	0	1000	1230	834	0	3	5	1	2	4	1838	2114	2408	2678	2960	6000	5000	1	1	1	1	1	1
7	31	0	5	1000	173020	173020.012	173	960.005	1	4	5	2	3	14523	0	1000	1178	702	0	1	4	5	2	3	1706	1980	2268	2544	2800	6000	5000	1	1	1	1	1	1
7	32	0	5	1000	178020	178020.024	178	958.012	3	2	4	5	1	32451	0	1000	1218	816	0	3	2	4	5	1	1820	2108	2368	2636	2930	6000	5000	1	1	1	1	1	1
7	33	1	5	1000	183020	183022.016	183	958.008	3	2	4	5	1	32451	0	1000	1250	632	0	3	2	4	5	1	1636	1912	2184	2470	2754	6000	5000	1	1	1	1	1	1
7	34	0	5	1000	188020	188020.012	188	953.985	1	3	2	5	4	13254	0	16000	1152	676	0	1	3	2	5	4	1680	1964	2234	2482	2732	6000	5000	1	1	1	1	1	1
7	35	0	5	1000	208020	208020.013	208	948.002	1	3	2	5	4	13254	0	1000	1196	736	0	1	3	2	5	4	1740	2044	2320	2566	2826	6000	5000	1	1	1	1	1	1
7	36	0	5	1000	213020	213020.002	213	945.989	3	2	4	5	1	32451	0	1000	1226	618	0	3	2	4	5	1	1622	1896	2154	2432	2736	6000	5000	1	1	1	1	1	1
7	37	1	5	1000	218020	218020.015	218	944.004	3	5	1	2	4	35124	0	1000	1246	626	0	3	5	1	2	4	1630	1936	2226	2496	2756	6000	5000	1	1	1	1	1	1
7	38	1	5	1000	223020	223020.007	223	943.979	3	2	4	5	1	32451	0	1000	1268	674	0	3	2	4	5	1	1678	1978	2266	2554	2834	6000	5000	1	1	1	1	1	1
7	39	1	5	1000	228020	228020.002	228	942.015	1	3	2	5	4	13254	0	1000	1138	774	0	1	3	2	5	4	1778	2056	2332	2576	2820	6000	5000	1	1	1	1	1	1
7	40	0	5	1000	233020	233020.019	233	940.019	1	4	5	2	3	14523	0	1000	1284	866	0	1	4	5	2	3	1870	2152	2454	2756	3060	6000	5000	1	1	1	1	1	1
7	41	1	5	1000	238020	238020	238	938	3	2	4	5	1	32451	0	1000	1244	722	0	3	2	4	5	1	1726	2008	2298	2578	2864	6000	5000	1	1	1	1	1	1
7	42	0	5	1000	243020	243022.001	243	938.002	3	2	4	5	1	32451	0	1000	1266	800	0	3	2	4	5	1	1804	2120	2394	2668	2950	6000	5000	1	1	1	1	1	1
7	43	1	5	1000	248020	248020.002	248	934.002	1	3	2	5	4	13254	0	1000	1172	784	0	1	3	2	5	4	1788	2064	2344	2600	2850	6000	5000	1	1	1	1	1	1
7	44	1	5	1000	253020	253020.021	253	932.01	3	2	4	5	1	32451	0	1000	1238	670	0	3	2	4	5	1	1674	1948	2228	2518	2798	6000	5000	1	1	1	1	1	1
7	45	1	5	1000	258020	258020.035	258	932.024	1	4	5	2	3	14523	0	1000	1138	672	0	1	4	5	2	3	1676	1944	2214	2472	2718	6000	5000	1	1	1	1	1	1
7	46	0	5	1000	263020	263020.002	263	930	1	3	2	5	4	13254	0	1000	1142	706	0	1	3	2	5	4	1710	1984	2270	2522	2756	6000	5000	1	1	1	1	1	1
7	47	0	5	1000	268020	268020.025	268	928.025	3	5	1	2	4	35124	0	1000	1202	740	0	3	5	1	2	4	1744	2014	2300	2568	2830	6000	5000	1	1	1	1	1	1
7	48	1	5	1000	273020	273022.002	273	927.989	3	5	1	2	4	35124	0	1000	1188	774	0	3	5	1	2	4	1778	2058	2348	2620	2866	6000	5000	1	1	1	1	1	1
7	49	0	5	1000	278020	278020.012	278	924.021	3	2	4	5	1	32451	0	1000	1208	690	0	3	2	4	5	1	1694	1976	2234	2498	2782	6000	5000	1	1	1	1	1	1
7	50	0	5	1000	283020	283020.013	283	922.035	1	4	5	2	3	14523	0	1000	1156	632	0	1	4	5	2	3	1636	1914	2184	2456	2700	6000	5000	1	1	1	1	1	1
7	51	1	5	1000	288020	288020.064	288	922.036	1	3	2	5	4	13254	0	16000	1158	706	0	1	3	2	5	4	1710	1990	2266	2506	2756	6000	5000	1	1	1	1	1	1
7	52	1	5	1000	308020	308020.011	308	914.008	1	3	2	5	4	13254	0	1000	1108	690	0	1	3	2	5	4	1694	1942	2218	2454	2690	6000	5000	1	1	1	1	1	1
7	53	1	5	1000	313020	313020.012	313	912.011	1	3	2	5	4	13254	0	1000	1154	558	0	1	3	2	5	4	1562	1838	2114	2354	2606	6000	5000	1	1	1	1	1	1
7	54	1	5	1000	318020	318020.021	318	909.998	3	5	1	2	4	35124	0	1000	1188	608	0	3	5	1	2	4	1612	1874	2184	2440	2688	6000	5000	1	1	1	1	1	1
7	55	1	5	1000	323020	323020.011	323	910.009	1	4	5	2	3	14523	0	1000	1170	556	0	1	4	5	2	3	1560	1830	2108	2362	2618	6000	5000	1	1	1	1	1	1
7	56	1	5	1000	328020	328020.002	328	908.011	1	3	2	5	4	13254	0	1000	1164	642	0	1	3	2	5	4	1646	1924	2198	2448	2698	6000	5000	1	1	1	1	1	1
7	57	0	5	1000	333020	333020.016	333	906.004	3	5	1	2	4	35124	0	1000	1226	574	0	3	5	1	2	4	1578	1876	2176	2430	2690	6000	5000	1	1	1	1	1	1
7	58	1	5	1000	338020	338020.014	338	904.005	1	3	2	5	4	13254	0	1000	1180	562	0	1	3	2	5	4	1566	1838	2122	2374	2630	6000	5000	1	1	1	1	1	1
7	59	1	5	1000	343020	343020.001	343	901.998	1	4	5	2	3	14523	0	1000	1176	658	0	1	4	5	2	3	1662	1934	2216	2472	2744	6000	5000	1	1	1	1	1	1
7	60	0	5	1000	348020	348022.011	348	901.999	3	2	4	5	1	32451	0	1000	1284	670	0	3	2	4	5	1	1674	1954	2238	2524	2826	6000	5000	1	1	1	1	1	1
7	61	1	5	1000	353020	353021.998	353	901.991	1	4	5	2	3	14523	0	1000	1146	642	0	1	4	5	2	3	1646	1910	2180	2430	2708	6000	5000	1	1	1	1	1	1
7	62	1	5	1000	358020	358022.026	358	900.024	3	2	4	5	1	32451	0	1000	1240	694	0	3	2	4	5	1	1698	1970	2252	2524	2814	6000	5000	1	1	1	1	1	1
7	63	0	5	1000	363020	363020.001	363	895.999	3	5	1	2	4	35124	0	1000	1226	678	0	3	5	1	2	4	1682	1978	2262	2540	2794	6000	5000	1	1	1	1	1	1
7	64	0	5	1000	368020	368020.018	368	893.995	3	5	1	2	4	35124	0	1000	1204	608	0	3	5	1	2	4	1612	1896	2192	2442	2708	6000	5000	1	1	1	1	1	1
7	65	0	5	1000	373020	373022.015	373	894.004	1	4	5	2	3	14523	0	1000	1164	728	0	1	4	5	2	3	1732	2004	2288	2552	2806	6000	5000	1	1	1	1	1	1
7	66	0	5	1000	378020	378020.01	378	889.999	3	5	1	2	4	35124	0	1000	1224	642	0	3	5	1	2	4	1646	1934	2230	2500	2760	6000	5000	1	1	1	1	1	1
7	67	1	5	1000	383020	383020.008	383	887.996	3	2	4	5	1	32451	0	1000	1244	684	0	3	2	4	5	1	1688	1970	2234	2516	2800	6000	5000	1	1	1	1	1	1
7	68	1	5	1000	388020	388020.002	388	888.002	3	2	4	5	1	32451	0	16000	1222	760	0	3	2	4	5	1	1764	2036	2306	2576	2864	6000	5000	1	1	1	1	1	1
8	1	0	5	1000	8020	8020.001	9	16.001	1	4	5	2	3	14523	0	1000	1248	718	0	1	4	5	2	3	1722	2022	2320	2586	2850	6000	5000	1	1	1	1	1	1
8	2	0	5	1000	13020	13020.002	14	14.014	1	4	5	2	3	14523	0	1000	1240	648	0	1	4	5	2	3	1652	1932	2220	2506	2780	6000	5000	1	1	1	1	1	1
8	3	1	5	1000	18020	18020.001	19	11.995	1	4	5	2	3	14523	0	1000	1216	688	0	1	4	5	2	3	1692	1960	2256	2538	2802	6000	5000	1	1	1	1	1	1
8	4	1	5	1000	23020	23020.008	24	10.007	1	4	5	2	3	14523	0	1000	1178	520	0	1	4	5	2	3	1524	1810	2098	2358	2614	6000	5000	1	1	1	1	1	1
8	5	1	5	1000	28020	28020.001	29	8.007	3	5	1	2	4	35124	0	1000	1226	688	0	3	5	1	2	4	1692	1966	2258	2526	2806	6000	5000	1	1	1	1	1	1
8	6	0	5	1000	33020	33020.029	34	6.024	1	3	2	5	4	13254	0	1000	1196	602	0	1	3	2	5	4	1606	1894	2178	2430	2684	6000	5000	1	1	1	1	1	1
8	7	0	5	1000	38020	38020.076	39	6.088	3	2	4	5	1	32451	0	1000	1258	522	0	3	2	4	5	1	1526	1812	2084	2372	2670	6000	5000	1	1	1	1	1	1
8	8	0	5	1000	43020	43020.001	44	3.982	3	2	4	5	1	32451	0	1000	1252	532	0	3	2	4	5	1	1536	1834	2094	2380	2664	6000	5000	1	1	1	1	1	1
8	9	0	5	1000	48020	48020.01	49	2.005	1	3	2	5	4	13254	0	1000	1186	588	0	1	3	2	5	4	1592	1896	2172	2414	2660	6000	5000	1	1	1	1	1	1
8	10	1	5	1000	53020	53020.083	54	0	1	4	5	2	3	14523	0	1000	1156	640	0	1	4	5	2	3	1644	1910	2182	2444	2696	6000	5000	1	1	1	1	1	1
8	11	1	5	1000	58020	58020.096	58	998.098	3	2	4	5	1	32451	0	1000	1238	586	0	3	2	4	5	1	1590	1870	2144	2424	2710	6000	5000	1	1	1	1	1	1
8	12	1	5	1000	63020	63020.051	63	996.05	1	3	2	5	4	13254	0	1000	1158	604	0	1	3	2	5	4	1608	1878	2156	2408	2652	6000	5000	1	1	1	1	1	1
8	13	1	5	1000	68020	68020.002	68	996.001	1	3	2	5	4	13254	0	1000	1098	650	0	1	3	2	5	4	1654	1932	2186	2422	2664	6000	5000	1	1	1	1	1	1
8	14	1	5	1000	73020	73020.032	73	994.031	3	2	4	5	1	32451	0	1000	1234	640	0	3	2	4	5	1	1644	1908	2180	2462	2740	6000	5000	1	1	1	1	1	1
8	15	0	5	1000	78020	78020.001	78	991.993	3	5	1	2	4	35124	0	1000	1196	622	0	3	5	1	2	4	1626	1898	2186	2440	2714	6000	5000	1	1	1	1	1	1
8	16	1	5	1000	83020	83020.001	83	990.012	3	5	1	2	4	35124	0	1000	1186	562	0	3	5	1	2	4	1566	1840	2128	2390	2656	6000	5000	1	1	1	1	1	1
8	17	1	5	1000	88020	88021.971	88	989.978	1	4	5	2	3	14523	0	16000	1150	602	0	1	4	5	2	3	1606	1896	2172	2424	2672	6000	5000	1	1	1	1	1	1
8	18	1	5	1000	108020	108020.002	108	982.013	1	4	5	2	3	14523	0	1000	1152	638	0	1	4	5	2	3	1642	1920	2196	2456	2704	6000	5000	1	1	1	1	1	1
8	19	0	5	1000	113020	113020.001	113	979.999	1	3	2	5	4	13254	0	1000	1140	634	0	1	3	2	5	4	1638	1904	2176	2424	2678	6000	5000	1	1	1	1	1	1
8	20	1	5	1000	118020	118020.004	118	978.004	3	2	4	5	1	32451	0	1000	1188	688	0	3	2	4	5	1	1692	1966	2228	2492	2764	6000	5000	1	1	1	1	1	1
8	21	1	5	1000	123020	123020.011	123	976.008	3	2	4	5	1	32451	0	1000	1236	548	0	3	2	4	5	1	1552	1836	2100	2386	2670	6000	5000	1	1	1	1	1	1
8	22	0	5	1000	128020	128020.004	128	974.002	3	2	4	5	1	32451	0	1000	1190	730	0	3	2	4	5	1	1734	2000	2262	2528	2800	6000	5000	1	1	1	1	1	1
8	23	0	5	1000	133020	133020.001	133	974.01	3	5	1	2	4	35124	0	1000	1136	650	0	3	5	1	2	4	1654	1916	2186	2430	2674	6000	5000	1	1	1	1	1	1
8	24	0	5	1000	138020	138020.001	138	972.002	1	4	5	2	3	14523	0	1000	1152	740	0	1	4	5	2	3	1744	2010	2270	2542	2796	6000	5000	1	1	1	1	1	1
8	25	0	5	1000	143020	143021.973	143	971.962	3	2	4	5	1	32451	0	1000	1236	750	0	3	2	4	5	1	1754	2038	2294	2572	2880	6000	5000	1	1	1	1	1	1
8	26	1	5	1000	148020	148020.001	148	968.008	1	3	2	5	4	13254	0	1000	1118	794	0	1	3	2	5	4	1798	2066	2332	2578	2832	6000	5000	1	1	1	1	1	1
8	27	0	5	1000	153020	153020.092	153	966.113	3	2	4	5	1	32451	0	1000	1170	862	0	3	2	4	5	1	1866	2122	2370	2644	2928	6000	5000	1	1	1	1	1	1
8	28	1	5	1000	158020	158021.999	158	966.01	3	2	4	5	1	32451	0	1000	1156	672	0	3	2	4	5	1	1676	1940	2190	2448	2706	6000	5000	1	1	1	1	1	1
8	29	1	5	1000	163020	163020.001	163	963.999	3	5	1	2	4	35124	0	1000	1136	706	0	3	5	1	2	4	1710	1976	2252	2494	2738	6000	5000	1	1	1	1	1	1
8	30	1	5	1000	168020	168020.002	168	962.016	1	3	2	5	4	13254	0	1000	1138	522	0	1	3	2	5	4	1526	1790	2058	2304	2566	6000	5000	1	1	1	1	1	1
8	31	1	5	1000	173020	173021.989	173	961.988	3	5	1	2	4	35124	0	1000	1130	646	0	3	5	1	2	4	1650	1908	2180	2438	2686	6000	5000	1	1	1	1	1	1
8	32	1	5	1000	178020	178020.005	178	958.003	3	5	1	2	4	35124	0	1000	1174	686	0	3	5	1	2	4	1690	1964	2248	2514	2760	6000	5000	1	1	1	1	1	1
8	33	0	5	1000	183020	183021.998	183	958.008	1	4	5	2	3	14523	0	1000	1152	634	0	1	4	5	2	3	1638	1904	2174	2438	2698	6000	5000	1	1	1	1	1	1
8	34	1	5	1000	188020	188020.004	188	954.012	1	3	2	5	4	13254	0	16000	1140	610	0	1	3	2	5	4	1614	1892	2162	2406	2660	6000	5000	1	1	1	1	1	1
8	35	1	5	1000	208020	208020.003	208	948	1	3	2	5	4	13254	0	1000	1160	610	0	1	3	2	5	4	1614	1908	2188	2424	2674	6000	5000	1	1	1	1	1	1
8	36	0	5	1000	213020	213020.001	213	945.997	1	3	2	5	4	13254	0	1000	1120	616	0	1	3	2	5	4	1620	1884	2150	2392	2628	6000	5000	1	1	1	1	1	1
8	37	0	5	1000	218020	218020.003	218	944.003	1	3	2	5	4	13254	0	1000	1084	568	0	1	3	2	5	4	1572	1836	2088	2316	2558	6000	5000	1	1	1	1	1	1
8	38	0	5	1000	223020	223020.002	223	942.007	3	5	1	2	4	35124	0	1000	1126	726	0	3	5	1	2	4	1730	1992	2270	2520	2754	6000	5000	1	1	1	1	1	1
8	39	1	5	1000	228020	228020.018	228	942.031	1	4	5	2	3	14523	0	1000	1108	704	0	1	4	5	2	3	1708	1962	2230	2500	2740	6000	5000	1	1	1	1	1	1
8	40	0	5	1000	233020	233021.993	233	941.99	1	4	5	2	3	14523	0	1000	1116	670	0	1	4	5	2	3	1674	1942	2194	2458	2704	6000	5000	1	1	1	1	1	1
8	41	1	5	1000	238020	238021.995	238	940.002	3	2	4	5	1	32451	0	1000	1114	1094	0	3	2	4	5	1	2098	2352	2590	2840	3098	6000	5000	1	1	1	1	1	1
8	42	0	5	1000	243020	243020.007	243	936.017	1	4	5	2	3	14523	0	1000	1150	602	0	1	4	5	2	3	1606	1922	2178	2436	2672	6000	5000	1	1	1	1	1	1
8	43	0	5	1000	248020	248021.988	248	936.003	3	5	1	2	4	35124	0	1000	1152	622	0	3	5	1	2	4	1626	1938	2198	2436	2668	6000	5000	1	1	1	1	1	1
8	44	1	5	1000	253020	253021.988	253	933.987	3	2	4	5	1	32451	0	1000	1186	532	0	3	2	4	5	1	1536	1820	2052	2314	2594	6000	5000	1	1	1	1	1	1
8	45	0	5	1000	258020	258020.026	258	930.028	1	3	2	5	4	13254	0	1000	1088	474	0	1	3	2	5	4	1478	1746	2006	2230	2470	6000	5000	1	1	1	1	1	1
8	46	1	5	1000	263020	263021.991	263	931.988	3	5	1	2	4	35124	0	1000	1098	524	0	3	5	1	2	4	1528	1800	2040	2270	2520	6000	5000	1	1	1	1	1	1
8	47	1	5	1000	268020	268022.002	268	929.999	3	2	4	5	1	32451	0	1000	1138	452	0	3	2	4	5	1	1456	1732	1972	2226	2490	6000	5000	1	1	1	1	1	1
8	48	1	5	1000	273020	273020.003	273	925.998	1	4	5	2	3	14523	0	1000	1080	476	0	1	4	5	2	3	1480	1750	1984	2218	2476	6000	5000	1	1	1	1	1	1
8	49	0	5	1000	278020	278021.992	278	925.999	3	2	4	5	1	32451	0	1000	1140	726	0	3	2	4	5	1	1730	1980	2224	2466	2754	6000	5000	1	1	1	1	1	1
8	50	0	5	1000	283020	283020.008	283	922.015	1	4	5	2	3	14523	0	1000	1076	470	0	1	4	5	2	3	1474	1750	2006	2244	2468	6000	5000	1	1	1	1	1	1
8	51	1	5	1000	288020	288021.992	288	922	3	5	1	2	4	35124	0	16000	1138	494	0	3	5	1	2	4	1498	1778	2026	2278	2538	6000	5000	1	1	1	1	1	1
8	52	1	5	1000	308020	308022.004	308	915.998	3	5	1	2	4	35124	0	1000	1168	598	0	3	5	1	2	4	1602	1890	2150	2386	2656	6000	5000	1	1	1	1	1	1
8	53	0	5	1000	313020	313020	313	912.007	3	2	4	5	1	32451	0	1000	1186	650	0	3	2	4	5	1	1654	1934	2186	2448	2710	6000	5000	1	1	1	1	1	1
8	54	1	5	1000	318020	318021.994	318	911.99	3	5	1	2	4	35124	0	1000	1242	614	0	3	5	1	2	4	1618	1900	2182	2456	2746	6000	5000	1	1	1	1	1	1
8	55	0	5	1000	323020	323021.99	323	911.941	3	5	1	2	4	35124	0	1000	1146	558	0	3	5	1	2	4	1562	1832	2096	2342	2606	6000	5000	1	1	1	1	1	1
8	56	0	5	1000	328020	328021.988	328	909.984	1	3	2	5	4	13254	0	1000	1084	548	0	1	3	2	5	4	1552	1810	2068	2302	2546	6000	5000	1	1	1	1	1	1
8	57	1	5	1000	333020	333021.993	333	907.949	1	3	2	5	4	13254	0	1000	1088	692	0	1	3	2	5	4	1696	1954	2208	2446	2688	6000	5000	1	1	1	1	1	1
8	58	1	5	1000	338020	338021.988	338	905.982	1	4	5	2	3	14523	0	1000	1092	596	0	1	4	5	2	3	1600	1870	2120	2370	2612	6000	5000	1	1	1	1	1	1
8	59	1	5	1000	343020	343020.001	343	902.013	1	3	2	5	4	13254	0	1000	1090	594	0	1	3	2	5	4	1598	1858	2114	2340	2590	6000	5000	1	1	1	1	1	1
8	60	0	5	1000	348020	348020.004	348	899.998	3	5	1	2	4	35124	0	1000	1110	586	0	3	5	1	2	4	1590	1854	2132	2364	2602	6000	5000	1	1	1	1	1	1
8	61	0	5	1000	353020	353020.019	353	898.033	3	2	4	5	1	32451	0	1000	1188	634	0	3	2	4	5	1	1638	1902	2154	2436	2716	6000	5000	1	1	1	1	1	1
8	62	1	5	1000	358020	358021.988	358	899.996	1	4	5	2	3	14523	0	1000	1098	612	0	1	4	5	2	3	1616	1868	2122	2372	2618	6000	5000	1	1	1	1	1	1
8	63	0	5	1000	363020	363020.004	363	896.001	3	5	1	2	4	35124	0	1000	1096	502	0	3	5	1	2	4	1506	1758	2024	2260	2492	6000	5000	1	1	1	1	1	1
8	64	0	5	1000	368020	368020.073	368	894.071	3	5	1	2	4	35124	0	1000	1140	550	0	3	5	1	2	4	1554	1820	2096	2340	2584	6000	5000	1	1	1	1	1	1
8	65	1	5	1000	373020	373021.992	373	893.998	1	3	2	5	4	13254	0	1000	1046	544	0	1	3	2	5	4	1548	1784	2030	2260	2496	6000	5000	1	1	1	1	1	1
8	66	0	5	1000	378020	378021.99	378	891.991	1	4	5	2	3	14523	0	1000	1066	534	0	1	4	5	2	3	1538	1784	2028	2274	2508	6000	5000	1	1	1	1	1	1
8	67	0	5	1000	383020	383020.014	383	888.012	1	3	2	5	4	13254	0	1000	1046	574	0	1	3	2	5	4	1578	1826	2078	2300	2530	6000	5000	1	1	1	1	1	1
8	68	0	5	1000	388020	388021.989	388	887.987	1	4	5	2	3	14523	0	16000	1044	628	0	1	4	5	2	3	1632	1902	2134	2362	2594	6000	5000	1	1	1	1	1	1
9	1	0	5	1000	8020	8020.002	9	13.957	3	2	4	5	1	32451	0	24000	1244	652	0	3	2	4	5	1	1656	1934	2206	2478	2766	6000	5000	1	1	1	1	1	1
9	2	1	5	1000	36020	36020.001	37	3.999	3	5	1	2	4	35124	0	9000	1210	658	0	3	5	1	2	4	1662	1938	2210	2472	2736	6000	5000	1	1	1	1	1	1
9	3	0	5	1000	49020	49020.018	50	0	1	3	2	5	4	13254	0	15000	1210	528	0	1	3	2	5	4	1532	1810	2096	2352	2614	6000	5000	1	1	1	1	1	1
9	4	1	5	1000	68020	68022.003	68	996.001	1	4	5	2	3	14523	0	12000	1248	520	0	1	4	5	2	3	1524	1822	2114	2378	2650	6000	5000	1	1	1	1	1	1
9	5	0	5	1000	84020	84020.002	84	990.014	3	5	1	2	4	35124	0	18000	1220	620	0	3	5	1	2	4	1624	1910	2186	2444	2716	6000	5000	1	1	1	1	1	1
9	6	1	5	1000	106020	106021.988	106	983.89	3	2	4	5	1	32451	0	21000	1254	492	0	3	2	4	5	1	1496	1794	2054	2332	2608	6000	5000	1	1	1	1	1	1
9	7	0	5	1000	131020	131020.018	131	974.031	1	4	5	2	3	14523	0	30000	1224	532	0	1	4	5	2	3	1536	1846	2130	2394	2640	6000	5000	1	1	1	1	1	1
9	8	1	5	1000	165020	165021.993	165	964.004	1	3	2	5	4	13254	0	27000	1290	564	0	1	3	2	5	4	1568	1858	2142	2406	2700	6000	5000	1	1	1	1	1	1
9	9	0	5	1000	196020	196020.002	196	952.003	3	2	4	5	1	32451	0	12000	1248	606	0	3	2	4	5	1	1610	1890	2142	2418	2714	6000	5000	1	1	1	1	1	1
9	10	1	5	1000	212020	212020.002	212	946.013	3	5	1	2	4	35124	0	30000	1284	598	0	3	5	1	2	4	1602	1884	2174	2452	2738	6000	5000	1	1	1	1	1	1
9	11	0	5	1000	246020	246021.991	246	935.998	1	3	2	5	4	13254	0	27000	1282	600	0	1	3	2	5	4	1604	1922	2200	2466	2738	6000	5000	1	1	1	1	1	1
9	12	1	5	1000	277020	277021.987	277	925.994	1	4	5	2	3	14523	0	21000	1290	558	0	1	4	5	2	3	1562	1854	2150	2428	2706	6000	5000	1	1	1	1	1	1
9	13	0	5	1000	302020	302020.02	302	916.031	3	5	1	2	4	35124	0	9000	1272	558	0	3	5	1	2	4	1562	1844	2140	2408	2678	6000	5000	1	1	1	1	1	1
9	14	1	5	1000	315020	315020.02	315	910.032	3	2	4	5	1	32451	0	18000	1254	654	0	3	2	4	5	1	1658	1944	2202	2474	2762	6000	5000	1	1	1	1	1	1
9	15	0	5	1000	337020	337021.993	337	905.941	1	4	5	2	3	14523	0	24000	1268	484	0	1	4	5	2	3	1488	1770	2058	2342	2624	6000	5000	1	1	1	1	1	1
9	16	1	5	1000	365020	365020.003	365	894.003	1	3	2	5	4	13254	0	15000	1306	532	0	1	3	2	5	4	1536	1824	2110	2374	2696	6000	5000	1	1	1	1	1	1