BN	TN	seqType	Horizon	PrepTime	startTime	startTimeReal	startTRReal	startTRtime	press0	press1	press2	press3	press4	cueP	complete	iti	MT	RT	isError	response0	response1	response2	response3	response4	pressTime0	pressTime1	pressTime2	pressTime3	pressTime4	timeThreshold	timeThresholdSuper	points	Gain1	Gain2	Gain3	Gain4	Gain5
1	1	0	5	1000	8020	8021.991	9	18.019	3	2	4	5	1	32451	0	1000	1200	498	0	3	2	4	5	1	1502	1742	2018	2230	2494	6000	5000	1	1	1	1	1	1
1	2	1	5	1000	13020	13022.033	14	16.041	3	2	4	5	1	32451	0	1000	1064	424	0	3	2	4	5	1	1428	1668	1936	2134	2346	6000	5000	1	1	1	1	1	1
1	3	1	5	1000	18020	18021.981	19	14.011	1	3	2	5	4	13254	0	1000	1090	382	1	1	3	2	5	5	1386	1594	1826	2134	2300	6000	5000	0	1	1	1	1	1
1	4	1	5	1000	23020	23020.005	24	10	1	3	2	5	4	13254	0	1000	1064	384	0	1	3	2	5	4	1388	1616	1840	2060	2312	6000	5000	1	1	1	1	1	1
1	5	0	5	1000	28020	28020.002	29	8.01	3	2	4	5	1	32451	0	1000	1038	414	0	3	2	4	5	1	1418	1612	1824	2066	2316	6000	5000	1	1	1	1	1	1
1	6	0	5	1000	33020	33022.019	34	8.039	3	2	4	5	1	32451	0	1000	948	366	0	3	2	4	5	1	1370	1550	1768	1984	2168	6000	5000	1	1	1	1	1	1
1	7	0	5	1000	38020	38022.009	39	8.021	3	5	1	2	4	35124	0	1000	1244	374	0	3	5	1	2	4	1378	1598	1852	2258	2478	6000	5000	1	1	1	1	1	1
1	8	1	5	1000	43020	43022.005	44	6.013	3	5	1	2	4	35124	0	1000	996	464	0	3	5	1	2	4	1468	1690	1912	2168	2350	6000	5000	1	1	1	1	1	1
1	9	0	5	1000	48020	48021.985	49	3.994	3	2	4	5	1	32451	0	1000	1002	424	0	3	2	4	5	1	1428	1646	1878	2088	2260	6000	5000	1	1	1	1	1	1
1	10	0	5	1000	53020	53021.996	54	2.022	1	4	5	2	3	14523	0	1000	1050	408	0	1	4	5	2	3	1412	1632	1856	2114	2350	6000	5000	1	1	1	1	1	1
1	11	1	5	1000	58020	58021.994	59	0	1	4	5	2	3	14523	0	1000	792	366	1	1	4	5	1	2	1370	1554	1766	1978	2040	6000	5000	0	1	1	1	1	1
1	12	1	5	1000	63020	63021.976	63	997.982	1	3	2	5	4	13254	0	1000	942	332	0	1	3	2	5	4	1336	1552	1778	1988	2188	6000	5000	1	1	1	1	1	1
1	13	0	5	1000	68020	68021.975	68	997.968	1	3	2	5	4	13254	0	1000	1112	774	0	1	3	2	5	4	1778	2002	2238	2546	2820	6000	5000	1	1	1	1	1	1
1	14	1	5	1000	73020	73021.998	73	996.009	3	5	1	2	4	35124	0	1000	1090	426	0	3	5	1	2	4	1430	1676	1932	2190	2400	6000	5000	1	1	1	1	1	1
1	15	0	5	1000	78020	78021.975	78	994	3	5	1	2	4	35124	0	1000	934	392	0	3	5	1	2	4	1396	1610	1830	2064	2244	6000	5000	1	1	1	1	1	1
1	16	0	5	1000	83020	83020.01	83	990.035	1	4	5	2	3	14523	0	1000	1418	392	0	1	4	5	2	3	1396	1630	1850	2486	2688	6000	5000	1	1	1	1	1	1
1	17	1	5	1000	88020	88022.005	88	989.962	3	5	1	2	4	35124	0	16000	1066	394	0	3	5	1	2	4	1398	1630	1896	2162	2404	6000	5000	1	1	1	1	1	1
1	18	1	5	1000	108020	108022.006	108	984.004	3	5	1	2	4	35124	0	1000	940	486	0	3	5	1	2	4	1490	1716	1970	2188	2364	6000	5000	1	1	1	1	1	1
1	19	1	5	1000	113020	113021.973	113	981.979	1	4	5	2	3	14523	0	1000	1160	484	0	1	4	5	2	3	1488	1756	2024	2286	2546	6000	5000	1	1	1	1	1	1
1	20	0	5	1000	118020	118022.006	118	980.002	1	4	5	2	3	14523	0	1000	916	330	0	1	4	5	2	3	1334	1530	1752	1988	2136	6000	5000	1	1	1	1	1	1
1	21	0	5	1000	123020	123022.016	123	978.024	1	3	2	5	4	13254	0	1000	1132	364	0	1	3	2	5	4	1368	1584	1836	2206	2380	6000	5000	1	1	1	1	1	1
1	22	0	5	1000	128020	128021.992	128	977.986	1	3	2	5	4	13254	0	1000	970	508	0	1	3	2	5	4	1512	1738	1986	2200	2362	6000	5000	1	1	1	1	1	1
1	23	1	5	1000	133020	133021.992	133	974.02	1	3	2	5	4	13254	0	1000	880	470	0	1	3	2	5	4	1474	1692	1900	2082	2220	6000	5000	1	1	1	1	1	1
1	24	0	5	1000	138020	138022.005	138	972.024	3	5	1	2	4	35124	0	1000	920	594	0	3	5	1	2	4	1598	1790	2016	2196	2378	6000	5000	1	1	1	1	1	1
1	25	0	5	1000	143020	143020.004	143	970.03	3	5	1	2	4	35124	0	1000	1064	450	0	3	5	1	2	4	1454	1656	1886	2140	2368	6000	5000	1	1	1	1	1	1
1	26	1	5	1000	148020	148022.008	148	970.025	1	4	5	2	3	14523	0	1000	1024	528	0	1	4	5	2	3	1532	1750	1962	2204	2486	6000	5000	1	1	1	1	1	1
1	27	0	5	1000	153020	153020.015	153	966.043	3	5	1	2	4	35124	0	1000	1006	370	0	3	5	1	2	4	1374	1588	1812	2066	2268	6000	5000	1	1	1	1	1	1
1	28	1	5	1000	158020	158022.006	158	966.003	1	3	2	5	4	13254	0	1000	948	556	0	1	3	2	5	4	1560	1776	2006	2256	2388	6000	5000	1	1	1	1	1	1
1	29	1	5	1000	163020	163021.974	163	963.98	3	5	1	2	4	35124	0	1000	1076	432	1	3	5	2	3	5	1436	1648	1918	2160	2374	6000	5000	0	1	1	1	1	1
1	30	0	5	1000	168020	168021.995	168	961.99	1	3	2	5	4	13254	0	1000	936	414	0	1	3	2	5	4	1418	1614	1826	2050	2184	6000	5000	1	1	1	1	1	1
1	31	0	5	1000	173020	173021.973	173	959.983	1	4	5	2	3	14523	0	1000	902	426	0	1	4	5	2	3	1430	1626	1826	2032	2202	6000	5000	1	1	1	1	1	1
1	32	0	5	1000	178020	178022.003	178	960.012	3	5	1	2	4	35124	0	1000	980	576	0	3	5	1	2	4	1580	1786	2064	2254	2420	6000	5000	1	1	1	1	1	1
1	33	0	5	1000	183020	183020.002	183	955.998	3	2	4	5	1	32451	0	1000	1012	518	0	3	2	4	5	1	1522	1748	2002	2214	2384	6000	5000	1	1	1	1	1	1
1	34	1	5	1000	188020	188022	188	956.016	1	4	5	2	3	14523	0	16000	810	502	0	1	4	5	2	3	1506	1718	1918	2062	2218	6000	5000	1	1	1	1	1	1
1	35	1	5	1000	208020	208020	208	946.007	1	4	5	2	3	14523	0	1000	894	626	0	1	4	5	2	3	1630	1846	2054	2262	2402	6000	5000	1	1	1	1	1	1
1	36	1	5	1000	213020	213021.975	213	947.985	3	5	1	2	4	35124	0	1000	890	406	0	3	5	1	2	4	1410	1586	1816	2006	2174	6000	5000	1	1	1	1	1	1
1	37	1	5	1000	218020	218022.002	218	945.999	3	5	1	2	4	35124	0	1000	854	462	0	3	5	1	2	4	1466	1656	1860	1974	2170	6000	5000	1	1	1	1	1	1
1	38	1	5	1000	223020	223021.991	223	943.986	3	2	4	5	1	32451	0	1000	1010	442	0	3	2	4	5	1	1446	1602	1826	2006	2156	6000	5000	1	1	1	1	1	1
1	39	1	5	1000	228020	228021.973	228	941.981	3	2	4	5	1	32451	0	1000	930	386	0	3	2	4	5	1	1390	1552	1764	1936	2098	6000	5000	1	1	1	1	1	1
1	40	0	5	1000	233020	233022.005	233	939.999	1	4	5	2	3	14523	0	1000	974	388	0	1	4	5	2	3	1392	1622	1754	1998	2192	6000	5000	1	1	1	1	1	1
1	41	0	5	1000	238020	238021.993	238	938.002	3	2	4	5	1	32451	0	1000	1020	334	0	3	2	4	5	1	1338	1474	1696	1920	2090	6000	5000	1	1	1	1	1	1
1	42	1	5	1000	243020	243020.003	243	934.009	3	5	1	2	4	35124	0	1000	910	444	0	3	5	1	2	4	1448	1650	1816	2000	2200	6000	5000	1	1	1	1	1	1
1	43	1	5	1000	248020	248021.975	248	935.937	1	3	2	5	4	13254	0	1000	886	396	0	1	3	2	5	4	1400	1612	1788	1974	2136	6000	5000	1	1	1	1	1	1
1	44	0	5	1000	253020	253021.988	253	934.018	1	4	5	2	3	14523	0	1000	924	448	0	1	4	5	2	3	1452	1570	1790	2020	2214	6000	5000	1	1	1	1	1	1
1	45	0	5	1000	258020	258022	258	932.005	1	4	5	2	3	14523	0	1000	922	368	0	1	4	5	2	3	1372	1556	1738	1932	2088	6000	5000	1	1	1	1	1	1
1	46	1	5	1000	263020	263021.992	263	930.003	3	2	4	5	1	32451	0	1000	946	444	0	3	2	4	5	1	1448	1600	1810	2014	2178	6000	5000	1	1	1	1	1	1
1	47	1	5	1000	268020	268021.991	268	928.015	3	5	1	2	4	35124	0	1000	896	402	0	3	5	1	2	4	1406	1604	1766	1958	2152	6000	5000	1	1	1	1	1	1
1	48	0	5	1000	273020	273022.013	273	925.99	1	4	5	2	3	14523	0	1000	848	450	0	1	4	5	2	3	1454	1594	1768	1944	2146	6000	5000	1	1	1	1	1	1
1	49	1	5	1000	278020	278021.996	278	923.991	1	3	2	5	4	13254	0	1000	838	424	0	1	3	2	5	4	1428	1608	1756	1952	2136	6000	5000	1	1	1	1	1	1
1	50	1	5	1000	283020	283020.005	283	922.011	3	2	4	5	1	32451	0	1000	886	398	0	3	2	4	5	1	1402	1506	1754	1940	2102	6000	5000	1	1	1	1	1	1
1	51	0	5	1000	288020	288021.991	288	922.018	1	3	2	5	4	13254	0	16000	856	388	0	1	3	2	5	4	1392	1564	1728	1912	2070	6000	5000	1	1	1	1	1	1
1	52	0	5	1000	308020	308021.976	308	914.002	1	3	2	5	4	13254	0	1000	884	430	0	1	3	2	5	4	1434	1618	1808	1998	2142	6000	5000	1	1	1	1	1	1
1	53	0	5	1000	313020	313020.013	313	910.036	3	5	1	2	4	35124	0	1000	836	554	0	3	5	1	2	4	1558	1734	1910	2060	2232	6000	5000	1	1	1	1	1	1
1	54	1	5	1000	318020	318021.981	318	911.962	3	2	4	5	1	32451	0	1000	798	376	0	3	2	4	5	1	1380	1488	1694	1858	2020	6000	5000	1	1	1	1	1	1
1	55	1	5	1000	323020	323021.994	323	910.022	1	4	5	2	3	14523	0	1000	758	430	0	1	4	5	2	3	1434	1548	1744	1900	2058	6000	5000	1	1	1	1	1	1
1	56	1	5	1000	328020	328021.99	328	907.997	3	2	4	5	1	32451	0	1000	924	428	0	3	2	4	5	1	1432	1592	1796	1974	2128	6000	5000	1	1	1	1	1	1
1	57	0	5	1000	333020	333021.975	333	905.976	3	5	1	2	4	35124	0	1000	798	504	0	3	5	1	2	4	1508	1702	1916	2006	2236	6000	5000	1	1	1	1	1	1
1	58	0	5	1000	338020	338021.993	338	904.002	1	3	2	5	4	13254	0	1000	774	420	0	1	3	2	5	4	1424	1598	1748	1916	2060	6000	5000	1	1	1	1	1	1
1	59	1	5	1000	343020	343021.978	343	901.988	1	4	5	2	3	14523	0	1000	1486	500	1	1	4	5	2	2	1504	1824	2084	2290	2812	6000	5000	0	1	1	1	1	1
1	60	0	5	1000	348020	348021.976	348	900.004	1	3	2	5	4	13254	0	1000	1156	494	0	1	3	2	5	4	1498	1670	2192	2364	2490	6000	5000	1	1	1	1	1	1
1	61	1	5	1000	353020	353020.005	353	898	3	2	4	5	1	32451	0	1000	810	440	0	3	2	4	5	1	1444	1588	1780	1922	2078	6000	5000	1	1	1	1	1	1
1	62	0	5	1000	358020	358021.991	358	898.018	3	2	4	5	1	32451	0	1000	798	436	0	3	2	4	5	1	1440	1578	1776	1920	2080	6000	5000	1	1	1	1	1	1
1	63	0	5	1000	363020	363021.993	363	896.024	1	3	2	5	4	13254	0	1000	754	490	0	1	3	2	5	4	1494	1652	1804	1962	2108	6000	5000	1	1	1	1	1	1
1	64	0	5	1000	368020	368022	368	893.98	3	2	4	5	1	32451	0	1000	778	382	0	3	2	4	5	1	1386	1546	1706	1842	1992	6000	5000	1	1	1	1	1	1
1	65	1	5	1000	373020	373021.992	373	892.002	1	3	2	5	4	13254	0	1000	822	396	0	1	3	2	5	4	1400	1580	1742	1886	2030	6000	5000	1	1	1	1	1	1
1	66	1	5	1000	378020	378022.005	378	890.002	1	4	5	2	3	14523	0	1000	748	412	0	1	4	5	2	3	1416	1582	1710	1884	2044	6000	5000	1	1	1	1	1	1
1	67	1	5	1000	383020	383021.976	383	887.985	1	4	5	2	3	14523	0	1000	714	404	0	1	4	5	2	3	1408	1568	1688	1852	1994	6000	5000	1	1	1	1	1	1
1	68	0	5	1000	388020	388020.006	388	886.001	3	2	4	5	1	32451	0	16000	854	546	0	3	2	4	5	1	1550	1698	1880	2052	2206	6000	5000	1	1	1	1	1	1
2	1	0	5	1000	8020	8020.01	9	15.997	1	4	5	2	3	14523	0	1000	962	342	0	1	4	5	2	3	1346	1560	1732	1952	2158	6000	5000	1	1	1	1	1	1
2	2	0	5	1000	13020	13021.997	14	16.015	1	4	5	2	3	14523	0	1000	912	402	0	1	4	5	2	3	1406	1580	1786	2026	2178	6000	5000	1	1	1	1	1	1
2	3	1	5	1000	18020	18020.041	19	12.03	1	3	2	5	4	13254	0	1000	804	320	0	1	3	2	5	4	1324	1500	1652	1826	1966	6000	5000	1	1	1	1	1	1
2	4	1	5	1000	23020	23022.006	24	11.992	3	2	4	5	1	32451	0	1000	884	386	0	3	2	4	5	1	1390	1490	1700	1882	2032	6000	5000	1	1	1	1	1	1
2	5	1	5	1000	28020	28020	29	7.999	3	5	1	2	4	35124	0	1000	792	384	0	3	5	1	2	4	1388	1560	1726	1846	2026	6000	5000	1	1	1	1	1	1
2	6	1	5	1000	33020	33022.002	34	8.001	3	2	4	5	1	32451	0	1000	940	418	0	3	2	4	5	1	1422	1566	1748	1936	2118	6000	5000	1	1	1	1	1	1
2	7	0	5	1000	38020	38020.002	39	3.989	3	2	4	5	1	32451	0	1000	1062	474	0	3	2	4	5	1	1478	1650	1852	2022	2160	6000	5000	1	1	1	1	1	1
2	8	1	5	1000	43020	43020	44	3.988	3	2	4	5	1	32451	0	1000	946	364	0	3	2	4	5	1	1368	1534	1706	1904	2046	6000	5000	1	1	1	1	1	1
2	9	1	5	1000	48020	48022.01	49	3.997	3	2	4	5	1	32451	0	1000	890	422	0	3	2	4	5	1	1426	1562	1780	1948	2094	6000	5000	1	1	1	1	1	1
2	10	1	5	1000	53020	53020.009	54	0	1	3	2	5	4	13254	0	1000	894	320	0	1	3	2	5	4	1324	1538	1700	1886	1992	6000	5000	1	1	1	1	1	1
2	11	1	5	1000	58020	58020.03	58	1000.027	1	3	2	5	4	13254	0	1000	1052	434	0	1	3	2	5	4	1438	1692	1974	2188	2334	6000	5000	1	1	1	1	1	1
2	12	1	5	1000	63020	63021.999	63	997.994	3	5	1	2	4	35124	0	1000	782	406	0	3	5	1	2	4	1410	1578	1808	1838	2046	6000	5000	1	1	1	1	1	1
2	13	1	5	1000	68020	68020.005	68	995.973	3	5	1	2	4	35124	0	1000	818	464	0	3	5	1	2	4	1468	1640	1808	1944	2118	6000	5000	1	1	1	1	1	1
2	14	1	5	1000	73020	73020.007	73	994.006	1	3	2	5	4	13254	0	1000	886	408	0	1	3	2	5	4	1412	1614	1804	1966	2104	6000	5000	1	1	1	1	1	1
2	15	0	5	1000	78020	78020.012	78	991.993	3	5	1	2	4	35124	0	1000	1286	426	0	3	5	1	2	4	1436	1592	1750	1896	2064	6000	5000	1	1	1	1	1	1
2	16	0	5	1000	83020	83021.987	83	991.948	1	4	5	2	3	14523	0	1000	1348	432	1	1	4	5	4	3	1436	1596	1814	1956	2620	6000	5000	0	1	1	1	1	1
2	17	1	5	1000	88020	88022.007	88	990.005	1	4	5	2	3	14523	0	16000	732	420	0	1	4	5	2	3	1424	1578	1722	1892	2018	6000	5000	1	1	1	1	1	1
2	18	1	5	1000	108020	108021.978	108	983.965	1	4	5	2	3	14523	0	1000	792	422	0	1	4	5	2	3	1426	1612	1766	1940	2076	6000	5000	1	1	1	1	1	1
2	19	0	5	1000	113020	113022.003	113	982.003	3	5	1	2	4	35124	0	1000	934	346	0	3	5	1	2	4	1350	1514	1774	1904	2104	6000	5000	1	1	1	1	1	1
2	20	0	5	1000	118020	118020.009	118	978.028	1	3	2	5	4	13254	0	1000	1224	712	0	1	3	2	5	4	1716	1938	2440	2646	2792	6000	5000	1	1	1	1	1	1
2	21	0	5	1000	123020	123020.004	123	976.023	1	3	2	5	4	13254	0	1000	948	422	0	1	3	2	5	4	1426	1604	1820	2094	2238	6000	5000	1	1	1	1	1	1
2	22	1	5	1000	128020	128021.982	128	976.003	3	2	4	5	1	32451	0	1000	870	380	0	3	2	4	5	1	1384	1516	1722	1900	2046	6000	5000	1	1	1	1	1	1
2	23	0	5	1000	133020	133020.014	133	972.013	3	5	1	2	4	35124	0	1000	1232	350	0	3	5	1	2	4	1354	1526	1852	2278	2416	6000	5000	1	1	1	1	1	1
2	24	1	5	1000	138020	138021.982	138	971.983	3	2	4	5	1	32451	0	1000	888	454	0	3	2	4	5	1	1458	1616	1790	1966	2124	6000	5000	1	1	1	1	1	1
2	25	0	5	1000	143020	143021.977	143	971.992	1	3	2	5	4	13254	0	1000	750	404	0	1	3	2	5	4	1408	1556	1718	1868	2000	6000	5000	1	1	1	1	1	1
2	26	0	5	1000	148020	148020.018	148	968.008	3	5	1	2	4	35124	0	1000	764	434	0	3	5	1	2	4	1438	1576	1738	1906	2068	6000	5000	1	1	1	1	1	1
2	27	1	5	1000	153020	153020	153	966.001	1	3	2	5	4	13254	0	1000	808	390	0	1	3	2	5	4	1394	1564	1734	1892	2028	6000	5000	1	1	1	1	1	1
2	28	0	5	1000	158020	158020.022	158	964.018	3	2	4	5	1	32451	0	1000	968	516	0	3	2	4	5	1	1520	1674	1856	2024	2138	6000	5000	1	1	1	1	1	1
2	29	1	5	1000	163020	163020.019	163	962.025	3	5	1	2	4	35124	0	1000	692	360	0	3	5	1	2	4	1364	1504	1632	1776	1932	6000	5000	1	1	1	1	1	1
2	30	0	5	1000	168020	168021.981	168	961.972	1	3	2	5	4	13254	0	1000	828	370	0	1	3	2	5	4	1374	1554	1738	1898	1998	6000	5000	1	1	1	1	1	1
2	31	0	5	1000	173020	173020.002	173	957.995	3	2	4	5	1	32451	0	1000	946	446	0	3	2	4	5	1	2130	2298	2462	2636	2748	6000	5000	1	1	1	1	1	1
2	32	0	5	1000	178020	178021.982	178	959.98	3	2	4	5	1	32451	0	1000	868	436	0	3	2	4	5	1	1440	1590	1754	1948	2060	6000	5000	1	1	1	1	1	1
2	33	0	5	1000	183020	183020.024	183	956.028	3	5	1	2	4	35124	0	1000	680	690	0	3	5	1	2	4	1694	1850	1952	2094	2238	6000	5000	1	1	1	1	1	1
2	34	0	5	1000	188020	188020.018	188	954.008	3	5	1	2	4	35124	0	16000	792	476	0	3	5	1	2	4	1480	1652	1810	1974	2128	6000	5000	1	1	1	1	1	1
2	35	0	5	1000	208020	208021.986	208	947.974	3	5	1	2	4	35124	0	1000	734	450	0	3	5	1	2	4	1454	1602	1766	1914	2060	6000	5000	1	1	1	1	1	1
2	36	1	5	1000	213020	213020.012	213	946.008	1	4	5	2	3	14523	0	1000	772	450	0	1	4	5	2	3	1454	1618	1748	1954	2072	6000	5000	1	1	1	1	1	1
2	37	1	5	1000	218020	218020.002	218	943.99	1	4	5	2	3	14523	0	1000	764	416	0	1	4	5	2	3	1420	1564	1748	1914	2066	6000	5000	1	1	1	1	1	1
2	38	1	5	1000	223020	223020.002	223	942.024	3	2	4	5	1	32451	0	1000	798	384	0	3	2	4	5	1	1388	1522	1694	1864	1970	6000	5000	1	1	1	1	1	1
2	39	0	5	1000	228020	228020.015	228	940.013	1	4	5	2	3	14523	0	1000	692	388	0	1	4	5	2	3	1392	1576	1684	1830	1946	6000	5000	1	1	1	1	1	1
2	40	0	5	1000	233020	233020.002	233	937.989	3	2	4	5	1	32451	0	1000	790	446	0	3	2	4	5	1	1450	1580	1768	1932	2084	6000	5000	1	1	1	1	1	1
2	41	0	5	1000	238020	238020.013	238	936.007	1	3	2	5	4	13254	0	1000	784	396	0	1	3	2	5	4	1400	1590	1758	1928	2044	6000	5000	1	1	1	1	1	1
2	42	0	5	1000	243020	243020.015	243	934.014	1	4	5	2	3	14523	0	1000	736	510	0	1	4	5	2	3	1514	1702	1828	1988	2116	6000	5000	1	1	1	1	1	1
2	43	1	5	1000	248020	248020.001	248	934.02	3	5	1	2	4	35124	0	1000	702	482	0	3	5	1	2	4	1486	1660	1796	1910	2050	6000	5000	1	1	1	1	1	1
2	44	1	5	1000	253020	253020.016	253	931.967	1	4	5	2	3	14523	0	1000	712	408	0	1	4	5	2	3	1412	1600	1744	1876	1998	6000	5000	1	1	1	1	1	1
2	45	0	5	1000	258020	258020.002	258	930.002	1	4	5	2	3	14523	0	1000	714	416	0	1	4	5	2	3	1420	1582	1706	1860	1970	6000	5000	1	1	1	1	1	1
2	46	0	5	1000	263020	263020.012	263	928.031	3	5	1	2	4	35124	0	1000	676	410	0	3	5	1	2	4	1414	1534	1718	1782	1962	6000	5000	1	1	1	1	1	1
2	47	0	5	1000	268020	268020.003	268	926.001	3	2	4	5	1	32451	0	1000	1908	566	0	3	2	4	5	1	1570	1730	1892	2050	2146	6000	5000	1	1	1	1	1	1
2	48	1	5	1000	273020	273020.007	273	924.005	1	4	5	2	3	14523	0	1000	818	366	0	1	4	5	2	3	1370	1588	1726	1908	2054	6000	5000	1	1	1	1	1	1
2	49	0	5	1000	278020	278022.001	278	923.988	1	3	2	5	4	13254	0	1000	2188	466	0	1	3	2	5	4	1470	1656	1798	1960	2068	6000	5000	1	1	1	1	1	1
2	50	1	5	1000	283020	283020.02	283	922.017	1	4	5	2	3	14523	0	1000	812	496	0	1	4	5	2	3	1500	1720	1838	2058	2164	6000	5000	1	1	1	1	1	1
2	51	1	5	1000	288020	288020.006	288	920.002	3	5	1	2	4	35124	0	16000	798	508	0	3	5	1	2	4	1512	1678	1904	1978	2186	6000	5000	1	1	1	1	1	1
2	52	1	5	1000	308020	308021.986	308	913.985	3	5	1	2	4	35124	0	1000	744	472	0	3	5	1	2	4	1476	1644	1812	1950	2108	6000	5000	1	1	1	1	1	1
2	53	0	5	1000	313020	313022.002	313	912.002	3	5	1	2	4	35124	0	1000	726	358	0	3	5	1	2	4	1362	1514	1700	1812	1986	6000	5000	1	1	1	1	1	1
2	54	1	5	1000	318020	318020.012	318	909.998	3	5	1	2	4	35124	0	1000	666	350	0	3	5	1	2	4	1354	1496	1626	1728	1906	6000	5000	1	1	1	1	1	1
2	55	0	5	1000	323020	323020	323	907.998	1	4	5	2	3	14523	0	1000	786	462	0	1	4	5	2	3	1466	1676	1784	2012	2126	6000	5000	1	1	1	1	1	1
2	56	0	5	1000	328020	328020.018	328	906.037	1	3	2	5	4	13254	0	1000	1044	404	0	1	3	2	5	4	1408	1562	1782	2200	2320	6000	5000	1	1	1	1	1	1
2	57	1	5	1000	333020	333020.031	333	904.033	1	3	2	5	4	13254	0	1000	686	438	0	1	3	2	5	4	1442	1602	1742	1906	2012	6000	5000	1	1	1	1	1	1
2	58	1	5	1000	338020	338020.003	338	901.989	1	4	5	2	3	14523	0	1000	1120	426	0	1	4	5	2	3	1430	1674	1938	2288	2412	6000	5000	1	1	1	1	1	1
2	59	0	5	1000	343020	343022.001	343	901.976	3	2	4	5	1	32451	0	1000	752	496	0	3	2	4	5	1	1500	1628	1794	1956	2108	6000	5000	1	1	1	1	1	1
2	60	0	5	1000	348020	348021.984	348	901.976	1	4	5	2	3	14523	0	1000	814	466	0	1	4	5	2	3	1470	1636	1780	1998	2156	6000	5000	1	1	1	1	1	1
2	61	1	5	1000	353020	353020.003	353	895.98	3	2	4	5	1	32451	0	1000	768	406	0	3	2	4	5	1	1410	1534	1734	1914	2026	6000	5000	1	1	1	1	1	1
2	62	1	5	1000	358020	358020.014	358	896.003	1	4	5	2	3	14523	0	1000	722	450	0	1	4	5	2	3	1454	1634	1778	1916	2048	6000	5000	1	1	1	1	1	1
2	63	1	5	1000	363020	363020.009	363	894.029	1	3	2	5	4	13254	0	1000	750	406	0	1	3	2	5	4	1410	1566	1730	1898	2024	6000	5000	1	1	1	1	1	1
2	64	0	5	1000	368020	368021.981	368	894.001	1	3	2	5	4	13254	0	1000	726	512	0	1	3	2	5	4	1516	1678	1828	2006	2096	6000	5000	1	1	1	1	1	1
2	65	1	5	1000	373020	373020	373	890.021	3	5	1	2	4	35124	0	1000	644	462	0	3	5	1	2	4	1466	1602	1768	1858	2020	6000	5000	1	1	1	1	1	1
2	66	0	5	1000	378020	378021.981	378	889.981	3	2	4	5	1	32451	0	1000	730	528	0	3	2	4	5	1	1532	1682	1852	1996	2124	6000	5000	1	1	1	1	1	1
2	67	1	5	1000	383020	383022.001	383	887.976	1	3	2	5	4	13254	0	1000	736	472	0	1	3	2	5	4	1476	1590	1774	1910	2040	6000	5000	1	1	1	1	1	1
2	68	0	5	1000	388020	388022.016	388	886.005	1	4	5	2	3	14523	0	16000	770	512	0	1	4	5	2	3	1516	1712	1800	2010	2140	6000	5000	1	1	1	1	1	1
3	1	0	5	1000	8020	8020.02	9	16.027	3	5	1	2	4	35124	0	1000	718	396	0	3	5	1	2	4	1400	1540	1698	1816	1956	6000	5000	1	1	1	1	1	1
3	2	1	5	1000	13020	13021.985	14	15.986	3	5	1	2	4	35124	0	1000	668	428	0	3	5	1	2	4	1432	1572	1684	1812	1964	6000	5000	1	1	1	1	1	1
3	3	1	5	1000	18020	18020.008	19	12.013	3	2	4	5	1	32451	0	1000	838	354	0	3	2	4	5	1	1358	1504	1690	1836	1968	6000	5000	1	1	1	1	1	1
3	4	0	5	1000	23020	23022.025	24	12.028	3	2	4	5	1	32451	0	1000	732	376	0	3	2	4	5	1	1380	1530	1686	1810	1950	6000	5000	1	1	1	1	1	1
3	5	1	5	1000	28020	28021.996	29	9.999	3	5	1	2	4	35124	0	1000	662	438	0	3	5	1	2	4	1442	1584	1704	1812	1956	6000	5000	1	1	1	1	1	1
3	6	0	5	1000	33020	33020.051	34	6.056	1	4	5	2	3	14523	0	1000	908	530	0	1	4	5	2	3	1534	1830	1978	2152	2306	6000	5000	1	1	1	1	1	1
3	7	1	5	1000	38020	38021.979	39	6	3	5	1	2	4	35124	0	1000	680	432	0	3	5	1	2	4	1436	1570	1704	1824	1986	6000	5000	1	1	1	1	1	1
3	8	1	5	1000	43020	43020.008	44	4.011	1	3	2	5	4	13254	0	1000	734	458	0	1	3	2	5	4	1462	1636	1804	1938	2058	6000	5000	1	1	1	1	1	1
3	9	0	5	1000	48020	48020.007	49	1.996	3	5	1	2	4	35124	0	1000	678	414	0	3	5	1	2	4	1418	1562	1722	1812	1954	6000	5000	1	1	1	1	1	1
3	10	0	5	1000	53020	53021.996	54	1.998	3	2	4	5	1	32451	0	1000	694	478	0	3	2	4	5	1	1482	1620	1772	1904	2016	6000	5000	1	1	1	1	1	1
3	11	1	5	1000	58020	58021.979	59	0	1	4	5	2	3	14523	0	1000	694	430	0	1	4	5	2	3	1434	1606	1732	1882	2004	6000	5000	1	1	1	1	1	1
3	12	0	5	1000	63020	63021.978	63	998.001	3	2	4	5	1	32451	0	1000	720	406	0	3	2	4	5	1	1410	1568	1704	1850	1972	6000	5000	1	1	1	1	1	1
3	13	1	5	1000	68020	68020.012	68	994.01	3	2	4	5	1	32451	0	1000	772	436	0	3	2	4	5	1	1440	1578	1758	1892	1988	6000	5000	1	1	1	1	1	1
3	14	1	5	1000	73020	73022.022	73	996.002	3	2	4	5	1	32451	0	1000	684	450	0	3	2	4	5	1	1454	1606	1754	1900	1994	6000	5000	1	1	1	1	1	1
3	15	1	5	1000	78020	78021.979	78	993.956	1	3	2	5	4	13254	0	1000	672	390	0	1	3	2	5	4	1394	1566	1710	1838	1940	6000	5000	1	1	1	1	1	1
3	16	1	5	1000	83020	83021.999	83	992.019	1	3	2	5	4	13254	0	1000	716	466	0	1	3	2	5	4	1470	1636	1802	1932	2016	6000	5000	1	1	1	1	1	1
3	17	0	5	1000	88020	88020.073	88	988.078	3	2	4	5	1	32451	0	16000	678	426	0	3	2	4	5	1	1430	1576	1704	1828	1934	6000	5000	1	1	1	1	1	1
3	18	0	5	1000	108020	108021.998	108	983.987	3	2	4	5	1	32451	0	1000	1066	522	0	3	2	4	5	1	1526	1702	1868	2022	2138	6000	5000	1	1	1	1	1	1
3	19	0	5	1000	113020	113020.016	113	979.994	1	4	5	2	3	14523	0	1000	686	318	0	1	4	5	2	3	1322	1484	1608	1742	1856	6000	5000	1	1	1	1	1	1
3	20	1	5	1000	118020	118020.035	118	978.039	1	4	5	2	3	14523	0	1000	702	382	0	1	4	5	2	3	1386	1570	1692	1848	1952	6000	5000	1	1	1	1	1	1
3	21	1	5	1000	123020	123020.013	123	976.018	1	4	5	2	3	14523	0	1000	718	370	0	1	4	5	2	3	1374	1568	1682	1830	1960	6000	5000	1	1	1	1	1	1
3	22	1	5	1000	128020	128021.981	128	975.971	3	2	4	5	1	32451	0	1000	682	370	0	3	2	4	5	1	1374	1496	1670	1818	1898	6000	5000	1	1	1	1	1	1
3	23	1	5	1000	133020	133022.01	133	974.032	3	5	1	2	4	35124	0	1000	684	396	0	3	5	1	2	4	1400	1544	1674	1772	1912	6000	5000	1	1	1	1	1	1
3	24	1	5	1000	138020	138020.017	138	970.008	3	5	1	2	4	35124	0	1000	678	422	0	3	5	1	2	4	1426	1578	1696	1808	1946	6000	5000	1	1	1	1	1	1
3	25	0	5	1000	143020	143020.008	143	968.013	1	3	2	5	4	13254	0	1000	0	400	0	1	3	2	5	4	1404	1586	1768	1900	2012	6000	5000	0	1	1	1	1	1
3	26	0	5	1000	148020	148021.999	148	970.002	3	2	4	5	1	32451	0	1000	764	408	0	3	2	4	5	1	1412	1544	1716	1850	1958	6000	5000	1	1	1	1	1	1
3	27	0	5	1000	153020	153021.976	153	967.979	1	3	2	5	4	13254	0	1000	1174	504	0	1	3	2	5	4	1508	1666	1810	1952	2048	6000	5000	1	1	1	1	1	1
3	28	1	5	1000	158020	158020.002	158	963.994	1	3	2	5	4	13254	0	1000	1210	360	0	1	3	2	5	4	1364	1530	1690	1822	1922	6000	5000	1	1	1	1	1	1
3	29	1	5	1000	163020	163021.98	163	963.998	3	2	4	5	1	32451	0	1000	772	422	0	3	2	4	5	1	1426	1562	1698	1848	1932	6000	5000	1	1	1	1	1	1
3	30	0	5	1000	168020	168020.019	168	960.04	3	5	1	2	4	35124	0	1000	726	428	0	3	5	1	2	4	1432	1562	1678	1764	1912	6000	5000	1	1	1	1	1	1
3	31	1	5	1000	173020	173021.976	173	959.976	1	3	2	5	4	13254	0	1000	1460	354	0	1	3	2	5	4	1358	1516	1684	1808	1926	6000	5000	1	1	1	1	1	1
3	32	1	5	1000	178020	178021.981	178	957.985	1	4	5	2	3	14523	0	1000	672	392	0	1	4	5	2	3	1396	1542	1678	1822	1942	6000	5000	1	1	1	1	1	1
3	33	0	5	1000	183020	183020.027	183	956.014	3	5	1	2	4	35124	0	1000	692	410	0	3	5	1	2	4	1414	1568	1728	1820	1966	6000	5000	1	1	1	1	1	1
3	34	0	5	1000	188020	188020.027	188	954.029	1	4	5	2	3	14523	0	16000	640	372	0	1	4	5	2	3	1376	1534	1644	1776	1878	6000	5000	1	1	1	1	1	1
3	35	0	5	1000	208020	208022.008	208	948	1	4	5	2	3	14523	0	1000	736	488	0	1	4	5	2	3	1492	1652	1808	1980	2086	6000	5000	1	1	1	1	1	1
3	36	1	5	1000	213020	213020.02	213	944.024	3	2	4	5	1	32451	0	1000	712	430	1	3	2	3	4	5	1434	1564	1682	1786	1892	6000	5000	0	1	1	1	1	1
3	37	0	5	1000	218020	218021.975	218	945.964	1	3	2	5	4	13254	0	1000	1066	356	0	1	3	2	5	4	1360	1518	1704	2150	2256	6000	5000	1	1	1	1	1	1
3	38	1	5	1000	223020	223021.998	223	943.999	3	5	1	2	4	35124	0	1000	682	428	0	3	5	1	2	4	1432	1570	1704	1838	2008	6000	5000	1	1	1	1	1	1
3	39	1	5	1000	228020	228020.01	228	940.015	1	4	5	2	3	14523	0	1000	684	300	0	1	4	5	2	3	1304	1482	1590	1730	1856	6000	5000	1	1	1	1	1	1
3	40	0	5	1000	233020	233020.009	233	938.012	1	3	2	5	4	13254	0	1000	836	394	0	1	3	2	5	4	1398	1544	1752	2012	2104	6000	5000	1	1	1	1	1	1
3	41	1	5	1000	238020	238021.978	238	937.981	1	4	5	2	3	14523	0	1000	654	488	0	1	4	5	2	3	1492	1640	1768	1936	2046	6000	5000	1	1	1	1	1	1
3	42	0	5	1000	243020	243021.997	243	935.998	1	4	5	2	3	14523	0	1000	656	466	0	1	4	5	2	3	1470	1576	1738	1980	2042	6000	5000	1	1	1	1	1	1
3	43	0	5	1000	248020	248020.009	248	932.011	3	5	1	2	4	35124	0	1000	1106	492	1	3	5	1	2	3	1496	1624	1778	2432	2526	6000	5000	0	1	1	1	1	1
3	44	1	5	1000	253020	253020.001	253	932.022	3	2	4	5	1	32451	0	1000	978	482	1	3	2	3	4	1	1486	1610	1780	1918	2378	6000	5000	0	1	1	1	1	1
3	45	1	5	1000	258020	258020.01	258	929.978	1	4	5	2	3	14523	0	1000	750	440	0	1	4	5	2	3	1444	1616	1740	1944	2050	6000	5000	1	1	1	1	1	1
3	46	1	5	1000	263020	263021.997	263	929.997	1	3	2	5	4	13254	0	1000	724	460	0	1	3	2	5	4	1464	1624	1786	1950	2050	6000	5000	1	1	1	1	1	1
3	47	0	5	1000	268020	268020.012	268	926.015	1	4	5	2	3	14523	0	1000	652	524	0	1	4	5	2	3	1528	1678	1838	1958	2060	6000	5000	1	1	1	1	1	1
3	48	0	5	1000	273020	273022.002	273	926.004	1	3	2	5	4	13254	0	1000	708	394	0	1	3	2	5	4	1398	1566	1724	1860	1978	6000	5000	1	1	1	1	1	1
3	49	1	5	1000	278020	278021.996	278	923.993	3	2	4	5	1	32451	0	1000	684	422	0	3	2	4	5	1	1426	1554	1720	1866	1948	6000	5000	1	1	1	1	1	1
3	50	0	5	1000	283020	283020	283	920.004	1	4	5	2	3	14523	0	1000	714	418	0	1	4	5	2	3	1422	1564	1676	1858	1996	6000	5000	1	1	1	1	1	1
3	51	0	5	1000	288020	288021.998	288	921.988	1	4	5	2	3	14523	0	16000	630	420	0	1	4	5	2	3	1424	1560	1690	1814	1922	6000	5000	1	1	1	1	1	1
3	52	0	5	1000	308020	308020.131	308	912.122	1	4	5	2	3	14523	0	1000	704	474	0	1	4	5	2	3	1478	1646	1798	1962	2046	6000	5000	1	1	1	1	1	1
3	53	1	5	1000	313020	313020.009	313	910.034	1	3	2	5	4	13254	0	1000	728	414	0	1	3	2	5	4	1418	1586	1732	1896	2004	6000	5000	1	1	1	1	1	1
3	54	0	5	1000	318020	318021.976	318	909.978	1	3	2	5	4	13254	0	1000	694	280	0	1	3	2	5	4	1284	1428	1584	1720	1836	6000	5000	1	1	1	1	1	1
3	55	0	5	1000	323020	323022	323	910.004	1	4	5	2	3	14523	0	1000	680	390	0	1	4	5	2	3	1394	1556	1668	1834	1940	6000	5000	1	1	1	1	1	1
3	56	0	5	1000	328020	328021.981	328	907.985	3	2	4	5	1	32451	0	1000	742	406	0	3	2	4	5	1	1410	1550	1730	1878	1990	6000	5000	1	1	1	1	1	1
3	57	0	5	1000	333020	333020	333	904.023	3	2	4	5	1	32451	0	1000	748	518	0	3	2	4	5	1	1522	1668	1830	1962	2064	6000	5000	1	1	1	1	1	1
3	58	1	5	1000	338020	338021.995	338	903.988	1	3	2	5	4	13254	0	1000	714	454	0	1	3	2	5	4	1458	1624	1754	1910	2018	6000	5000	1	1	1	1	1	1
3	59	1	5	1000	343020	343022.015	343	902.035	3	5	1	2	4	35124	0	1000	716	368	0	3	5	1	2	4	1372	1526	1660	1774	1938	6000	5000	1	1	1	1	1	1
3	60	0	5	1000	348020	348022.012	348	900.035	3	2	4	5	1	32451	0	1000	690	484	0	3	2	4	5	1	1488	1624	1786	1952	2038	6000	5000	1	1	1	1	1	1
3	61	0	5	1000	353020	353021.996	353	897.997	3	5	1	2	4	35124	0	1000	1544	416	1	3	5	2	4	4	1420	1566	1806	1956	2786	6000	5000	0	1	1	1	1	1
3	62	0	5	1000	358020	358021.986	358	897.988	3	5	1	2	4	35124	0	1000	800	518	0	3	5	1	2	4	1522	1682	1884	1988	2154	6000	5000	1	1	1	1	1	1
3	63	1	5	1000	363020	363020.008	363	894.032	1	4	5	2	3	14523	0	1000	740	540	0	1	4	5	2	3	1544	1722	1860	2018	2152	6000	5000	1	1	1	1	1	1
3	64	1	5	1000	368020	368020.012	368	892.028	3	5	1	2	4	35124	0	1000	822	450	0	3	5	1	2	4	1454	1606	1812	1926	2110	6000	5000	1	1	1	1	1	1
3	65	0	5	1000	373020	373020.009	373	890.006	3	5	1	2	4	35124	0	1000	764	410	0	3	5	1	2	4	1414	1554	1748	1864	2020	6000	5000	1	1	1	1	1	1
3	66	0	5	1000	378020	378020.021	378	888.008	1	3	2	5	4	13254	0	1000	1112	394	1	1	3	2	4	5	1398	1568	1740	2204	2302	6000	5000	0	1	1	1	1	1
3	67	0	5	1000	383020	383021.998	383	887.976	1	3	2	5	4	13254	0	1000	800	346	0	1	3	2	5	4	1350	1524	1674	1840	1960	6000	5000	1	1	1	1	1	1
3	68	0	5	1000	388020	388020	388	883.975	3	5	1	2	4	35124	0	16000	672	650	0	3	5	1	2	4	1654	1794	1938	2044	2200	6000	5000	1	1	1	1	1	1
4	1	1	5	1000	8020	8020.001	9	15.989	3	5	1	2	4	35124	0	1000	850	416	0	3	5	1	2	4	1420	1604	1794	1900	2086	6000	5000	1	1	1	1	1	1
4	2	1	5	1000	13020	13020.01	14	14.014	3	2	4	5	1	32451	0	1000	770	358	0	3	2	4	5	1	1362	1518	1668	1796	1898	6000	5000	1	1	1	1	1	1
4	3	0	5	1000	18020	18020	19	12	3	5	1	2	4	35124	0	1000	744	362	0	3	5	1	2	4	1366	1512	1670	1822	1976	6000	5000	1	1	1	1	1	1
4	4	0	5	1000	23020	23020.009	24	9.985	3	5	1	2	4	35124	0	1000	1462	584	1	3	5	2	4	4	1588	1736	1936	2086	2904	6000	5000	0	1	1	1	1	1
4	5	1	5	1000	28020	28020.011	29	10.017	1	4	5	2	3	14523	0	1000	744	388	0	1	4	5	2	3	1392	1576	1696	1874	2020	6000	5000	1	1	1	1	1	1
4	6	1	5	1000	33020	33021.996	34	10.015	1	4	5	2	3	14523	0	1000	690	342	0	1	4	5	2	3	1346	1524	1634	1772	1942	6000	5000	1	1	1	1	1	1
4	7	1	5	1000	38020	38021.98	39	7.971	3	2	4	5	1	32451	0	1000	776	390	0	3	2	4	5	1	1394	1556	1702	1880	1970	6000	5000	1	1	1	1	1	1
4	8	1	5	1000	43020	43021.98	44	6	3	5	1	2	4	35124	0	1000	714	408	0	3	5	1	2	4	1412	1558	1704	1832	2006	6000	5000	1	1	1	1	1	1
4	9	1	5	1000	48020	48020.018	49	2.006	1	4	5	2	3	14523	0	1000	738	458	0	1	4	5	2	3	1462	1638	1778	1944	2078	6000	5000	1	1	1	1	1	1
4	10	0	5	1000	53020	53020.01	54	0	1	4	5	2	3	14523	0	1000	798	410	0	1	4	5	2	3	1414	1604	1738	1936	2092	6000	5000	1	1	1	1	1	1
4	11	1	5	1000	58020	58020.008	58	1000.002	1	4	5	2	3	14523	0	1000	722	418	0	1	4	5	2	3	1422	1620	1716	1886	2004	6000	5000	1	1	1	1	1	1
4	12	0	5	1000	63020	63022.01	64	0	1	3	2	5	4	13254	0	1000	774	408	0	1	3	2	5	4	1412	1588	1742	1894	2020	6000	5000	1	1	1	1	1	1
4	13	1	5	1000	68020	68020.03	68	996.02	1	4	5	2	3	14523	0	1000	818	458	0	1	4	5	2	3	1462	1658	1854	1988	2138	6000	5000	1	1	1	1	1	1
4	14	0	5	1000	73020	73021.98	73	995.957	3	5	1	2	4	35124	0	1000	718	464	0	3	5	1	2	4	1468	1586	1762	1872	2034	6000	5000	1	1	1	1	1	1
4	15	0	5	1000	78020	78021.994	78	994.014	1	4	5	2	3	14523	0	1000	806	380	0	1	4	5	2	3	1384	1580	1688	1904	2018	6000	5000	1	1	1	1	1	1
4	16	1	5	1000	83020	83020.001	83	989.991	1	3	2	5	4	13254	0	1000	736	492	0	1	3	2	5	4	1496	1668	1832	1970	2072	6000	5000	1	1	1	1	1	1
4	17	0	5	1000	88020	88020.012	88	988.01	3	5	1	2	4	35124	0	16000	712	406	0	3	5	1	2	4	1410	1534	1710	1814	1986	6000	5000	1	1	1	1	1	1
4	18	0	5	1000	108020	108022	108	983.991	3	5	1	2	4	35124	0	1000	1440	510	1	3	5	2	4	4	1514	1680	1974	2140	2768	6000	5000	0	1	1	1	1	1
4	19	0	5	1000	113020	113021.996	113	981.997	1	3	2	5	4	13254	0	1000	802	454	0	1	3	2	5	4	1458	1640	1816	1948	2048	6000	5000	1	1	1	1	1	1
4	20	0	5	1000	118020	118021.998	118	980.001	3	2	4	5	1	32451	0	1000	846	462	0	3	2	4	5	1	1466	1644	1804	1970	2070	6000	5000	1	1	1	1	1	1
4	21	1	5	1000	123020	123021.998	123	978.002	1	3	2	5	4	13254	0	1000	752	354	0	1	3	2	5	4	1358	1520	1668	1816	1920	6000	5000	1	1	1	1	1	1
4	22	1	5	1000	128020	128021.997	128	977.99	3	5	1	2	4	35124	0	1000	682	310	0	3	5	1	2	4	1314	1464	1596	1720	1870	6000	5000	1	1	1	1	1	1
4	23	0	5	1000	133020	133021.997	133	976	1	3	2	5	4	13254	0	1000	778	414	0	1	3	2	5	4	1418	1596	1756	1926	2040	6000	5000	1	1	1	1	1	1
4	24	1	5	1000	138020	138022.021	138	974.008	3	5	1	2	4	35124	0	1000	626	366	0	3	5	1	2	4	1370	1496	1598	1732	1878	6000	5000	1	1	1	1	1	1
4	25	1	5	1000	143020	143021.979	143	971.979	3	5	1	2	4	35124	0	1000	686	332	0	3	5	1	2	4	1336	1502	1624	1726	1886	6000	5000	1	1	1	1	1	1
4	26	0	5	1000	148020	148021.98	148	970.002	1	4	5	2	3	14523	0	1000	1708	724	1	1	4	2	2	3	1728	1910	2212	3154	3262	6000	5000	0	1	1	1	1	1
4	27	0	5	1000	153020	153022.072	153	968.074	3	2	4	5	1	32451	0	1000	804	472	0	3	2	4	5	1	1476	1636	1820	2004	2104	6000	5000	1	1	1	1	1	1
4	28	1	5	1000	158020	158020.027	158	964.02	3	2	4	5	1	32451	0	1000	820	494	0	3	2	4	5	1	1498	1676	1856	2046	2126	6000	5000	1	1	1	1	1	1
4	29	0	5	1000	163020	163021.979	163	965.954	1	3	2	5	4	13254	0	1000	996	382	1	1	3	2	4	5	1386	1562	1746	2078	2218	6000	5000	0	1	1	1	1	1
4	30	0	5	1000	168020	168020.021	168	962.022	1	3	2	5	4	13254	0	1000	1002	416	0	1	3	2	5	4	1420	1590	1744	2220	2282	6000	5000	1	1	1	1	1	1
4	31	1	5	1000	173020	173021.996	173	962.003	3	2	4	5	1	32451	0	1000	1020	596	0	3	2	4	5	1	1600	1786	2010	2212	2318	6000	5000	1	1	1	1	1	1
4	32	1	5	1000	178020	178021.982	178	959.974	1	3	2	5	4	13254	0	1000	778	474	0	1	3	2	5	4	1478	1668	1822	1988	2080	6000	5000	1	1	1	1	1	1
4	33	1	5	1000	183020	183021.992	183	958.015	1	3	2	5	4	13254	0	1000	1050	472	0	1	3	2	5	4	1476	1662	1814	1982	2078	6000	5000	1	1	1	1	1	1
4	34	0	5	1000	188020	188021.999	188	956.002	1	3	2	5	4	13254	0	16000	1088	414	0	1	3	2	5	4	1418	1574	1732	1890	1960	6000	5000	1	1	1	1	1	1
4	35	0	5	1000	208020	208020.013	208	948.03	1	3	2	5	4	13254	0	1000	1392	466	0	1	3	2	5	4	1470	1680	2392	2570	2694	6000	5000	1	1	1	1	1	1
4	36	1	5	1000	213020	213020.012	213	946.014	1	3	2	5	4	13254	0	1000	738	382	0	1	3	2	5	4	1386	1562	1708	1876	1972	6000	5000	1	1	1	1	1	1
4	37	0	5	1000	218020	218020.006	218	943.997	1	4	5	2	3	14523	0	1000	754	408	0	1	4	5	2	3	1412	1610	1698	1888	2020	6000	5000	1	1	1	1	1	1
4	38	0	5	1000	223020	223021.999	223	944.017	3	5	1	2	4	35124	0	1000	708	368	0	3	5	1	2	4	1372	1514	1704	1800	1962	6000	5000	1	1	1	1	1	1
4	39	0	5	1000	228020	228021.997	228	941.998	3	2	4	5	1	32451	0	1000	1440	608	1	3	2	4	1	1	1612	1782	1984	2202	2842	6000	5000	0	1	1	1	1	1
4	40	0	5	1000	233020	233021.997	233	941.998	3	5	1	2	4	35124	0	1000	1096	470	0	3	5	1	2	4	1474	1622	2180	2252	2416	6000	5000	1	1	1	1	1	1
4	41	1	5	1000	238020	238020.004	238	937.988	3	2	4	5	1	32451	0	1000	794	418	0	3	2	4	5	1	1422	1576	1752	1932	2048	6000	5000	1	1	1	1	1	1
4	42	1	5	1000	243020	243021.995	243	937.985	1	4	5	2	3	14523	0	1000	796	372	0	1	4	5	2	3	1376	1562	1748	1884	2024	6000	5000	1	1	1	1	1	1
4	43	1	5	1000	248020	248022.007	248	936.008	1	3	2	5	4	13254	0	1000	814	440	0	1	3	2	5	4	1444	1602	1756	1954	2052	6000	5000	1	1	1	1	1	1
4	44	1	5	1000	253020	253020.001	253	932.001	3	2	4	5	1	32451	0	1000	832	414	1	3	2	3	4	1	1418	1578	1756	1860	2112	6000	5000	0	1	1	1	1	1
4	45	0	5	1000	258020	258022.01	258	931.999	1	4	5	2	3	14523	0	1000	712	374	0	1	4	5	2	3	1378	1564	1664	1850	1942	6000	5000	1	1	1	1	1	1
4	46	1	5	1000	263020	263022	263	929.988	3	5	1	2	4	35124	0	1000	738	354	0	3	5	1	2	4	1358	1500	1638	1772	1940	6000	5000	1	1	1	1	1	1
4	47	0	5	1000	268020	268021.998	268	927.995	3	5	1	2	4	35124	0	1000	722	386	0	3	5	1	2	4	1390	1534	1700	1824	1978	6000	5000	1	1	1	1	1	1
4	48	1	5	1000	273020	273021.998	273	927.995	1	3	2	5	4	13254	0	1000	826	416	0	1	3	2	5	4	1420	1608	1786	1972	2074	6000	5000	1	1	1	1	1	1
4	49	1	5	1000	278020	278021.997	278	925.998	1	4	5	2	3	14523	0	1000	770	590	0	1	4	5	2	3	1594	1784	1956	2088	2230	6000	5000	1	1	1	1	1	1
4	50	1	5	1000	283020	283021.997	283	924.021	3	5	1	2	4	35124	0	1000	628	488	0	3	5	1	2	4	1492	1646	1756	1856	2020	6000	5000	1	1	1	1	1	1
4	51	0	5	1000	288020	288020.014	288	920.018	3	2	4	5	1	32451	0	16000	1174	1508	0	3	2	4	5	1	2512	2666	3266	3388	3462	6000	5000	1	1	1	1	1	1
4	52	0	5	1000	308020	308021.98	308	915.981	3	2	4	5	1	32451	0	1000	694	456	0	3	2	4	5	1	1460	1612	1740	1900	1982	6000	5000	1	1	1	1	1	1
4	53	0	5	1000	313020	313021.986	313	913.988	3	2	4	5	1	32451	0	1000	836	362	0	3	2	4	5	1	1366	1580	1768	1926	2020	6000	5000	1	1	1	1	1	1
4	54	1	5	1000	318020	318020.011	318	910.013	3	5	1	2	4	35124	0	1000	722	468	0	3	5	1	2	4	1472	1624	1796	1906	2050	6000	5000	1	1	1	1	1	1
4	55	1	5	1000	323020	323020.022	323	908.03	1	3	2	5	4	13254	0	1000	710	304	0	1	3	2	5	4	1308	1420	1616	1738	1848	6000	5000	1	1	1	1	1	1
4	56	0	5	1000	328020	328022.018	328	908.02	3	2	4	5	1	32451	0	1000	754	396	0	3	2	4	5	1	1400	1556	1706	1884	1990	6000	5000	1	1	1	1	1	1
4	57	1	5	1000	333020	333022.006	333	906.008	1	4	5	2	3	14523	0	1000	744	374	0	1	4	5	2	3	1378	1584	1670	1860	1966	6000	5000	1	1	1	1	1	1
4	58	0	5	1000	338020	338022.007	338	904.006	3	2	4	5	1	32451	0	1000	760	372	0	3	2	4	5	1	1376	1544	1722	1854	1972	6000	5000	1	1	1	1	1	1
4	59	0	5	1000	343020	343020.007	343	902.025	1	4	5	2	3	14523	0	1000	692	396	0	1	4	5	2	3	1400	1564	1680	1854	1948	6000	5000	1	1	1	1	1	1
4	60	0	5	1000	348020	348021.998	348	901.996	1	4	5	2	3	14523	0	1000	1812	424	1	1	5	2	3	3	1428	1692	1888	2296	3052	6000	5000	0	1	1	1	1	1
4	61	0	5	1000	353020	353020.015	353	898.017	1	3	2	5	4	13254	0	1000	1550	476	0	1	3	2	5	4	1480	2236	2440	2740	2824	6000	5000	1	1	1	1	1	1
4	62	0	5	1000	358020	358020.004	358	896.002	1	4	5	2	3	14523	0	1000	752	466	0	1	4	5	2	3	1470	1652	1794	1964	2078	6000	5000	1	1	1	1	1	1
4	63	1	5	1000	363020	363020.023	363	894.027	3	2	4	5	1	32451	0	1000	816	440	0	3	2	4	5	1	1444	1572	1826	2002	2118	6000	5000	1	1	1	1	1	1
4	64	1	5	1000	368020	368021.977	368	893.968	3	2	4	5	1	32451	0	1000	800	512	0	3	2	4	5	1	1516	1716	1878	2076	2186	6000	5000	1	1	1	1	1	1
4	65	0	5	1000	373020	373021.997	373	891.998	3	2	4	5	1	32451	0	1000	724	402	0	3	2	4	5	1	1406	1578	1738	1900	1998	6000	5000	1	1	1	1	1	1
4	66	0	5	1000	378020	378020.004	378	889.992	1	3	2	5	4	13254	0	1000	850	416	0	1	3	2	5	4	1420	1632	1782	1996	2092	6000	5000	1	1	1	1	1	1
4	67	0	5	1000	383020	383020.012	383	888.012	3	5	1	2	4	35124	0	1000	788	582	0	3	5	1	2	4	1586	1774	1912	2046	2204	6000	5000	1	1	1	1	1	1
4	68	1	5	1000	388020	388022.011	388	887.98	3	5	1	2	4	35124	0	16000	756	588	0	3	5	1	2	4	1592	1762	1924	2060	2198	6000	5000	1	1	1	1	1	1
5	1	0	5	1000	8020	8021.982	9	16.001	1	3	2	5	4	13254	0	1000	830	498	0	1	3	2	5	4	1502	1704	1876	2036	2166	6000	5000	1	1	1	1	1	1
5	2	1	5	1000	13020	13020.007	14	14.008	3	2	4	5	1	32451	0	1000	776	390	0	3	2	4	5	1	1394	1570	1744	1910	1994	6000	5000	1	1	1	1	1	1
5	3	1	5	1000	18020	18020	19	11.978	3	5	1	2	4	35124	0	1000	684	378	0	3	5	1	2	4	1382	1544	1666	1782	1926	6000	5000	1	1	1	1	1	1
5	4	0	5	1000	23020	23020.012	24	9.995	1	3	2	5	4	13254	0	1000	814	470	0	1	3	2	5	4	1474	1664	1838	2000	2128	6000	5000	1	1	1	1	1	1
5	5	1	5	1000	28020	28021.983	29	9.976	1	4	5	2	3	14523	0	1000	764	420	0	1	4	5	2	3	1424	1592	1790	1904	2068	6000	5000	1	1	1	1	1	1
5	6	0	5	1000	33020	33020.003	34	6.002	1	4	5	2	3	14523	0	1000	718	340	0	1	4	5	2	3	1344	1510	1674	1824	1904	6000	5000	1	1	1	1	1	1
5	7	1	5	1000	38020	38022.013	39	6.013	1	4	5	2	3	14523	0	1000	714	424	0	1	4	5	2	3	1428	1582	1754	1876	1996	6000	5000	1	1	1	1	1	1
5	8	1	5	1000	43020	43022.012	44	4.015	3	5	1	2	4	35124	0	1000	650	462	0	3	5	1	2	4	1466	1598	1750	1840	2000	6000	5000	1	1	1	1	1	1
5	9	1	5	1000	48020	48022.01	49	3.989	3	2	4	5	1	32451	0	1000	754	400	0	3	2	4	5	1	1404	1588	1726	1864	1964	6000	5000	1	1	1	1	1	1
5	10	0	5	1000	53020	53020	54	0	3	5	1	2	4	35124	0	1000	680	450	0	3	5	1	2	4	1454	1598	1744	1832	1980	6000	5000	1	1	1	1	1	1
5	11	0	5	1000	58020	58020	58	997.985	1	3	2	5	4	13254	0	1000	764	376	0	1	3	2	5	4	1380	1562	1744	1884	1996	6000	5000	1	1	1	1	1	1
5	12	0	5	1000	63020	63020.002	63	995.99	1	3	2	5	4	13254	0	1000	1218	334	0	1	3	2	5	4	1338	1528	2164	2298	2418	6000	5000	1	1	1	1	1	1
5	13	0	5	1000	68020	68020.013	68	993.992	3	5	1	2	4	35124	0	1000	682	528	0	3	5	1	2	4	1532	1652	1816	1920	2086	6000	5000	1	1	1	1	1	1
5	14	0	5	1000	73020	73020.01	73	992.002	1	4	5	2	3	14523	0	1000	694	462	0	1	4	5	2	3	1466	1662	1756	1918	2014	6000	5000	1	1	1	1	1	1
5	15	0	5	1000	78020	78020.022	78	992.023	3	2	4	5	1	32451	0	1000	734	538	0	3	2	4	5	1	1542	1692	1858	2002	2094	6000	5000	1	1	1	1	1	1
5	16	1	5	1000	83020	83020.013	83	990.015	3	5	1	2	4	35124	0	1000	590	406	0	3	5	1	2	4	1410	1536	1688	1754	1876	6000	5000	1	1	1	1	1	1
5	17	0	5	1000	88020	88021.985	88	989.98	1	4	5	2	3	14523	0	16000	674	380	0	1	4	5	2	3	1384	1552	1680	1834	1912	6000	5000	1	1	1	1	1	1
5	18	0	5	1000	108020	108021.978	108	981.962	1	4	5	2	3	14523	0	1000	1290	1284	0	1	4	5	2	3	2288	2458	2640	3334	3430	6000	5000	1	1	1	1	1	1
5	19	1	5	1000	113020	113020.021	113	979.995	3	5	1	2	4	35124	0	1000	682	412	0	3	5	1	2	4	1416	1580	1720	1846	1978	6000	5000	1	1	1	1	1	1
5	20	1	5	1000	118020	118020.013	118	978.014	3	5	1	2	4	35124	0	1000	672	364	0	3	5	1	2	4	1368	1514	1620	1730	1854	6000	5000	1	1	1	1	1	1
5	21	0	5	1000	123020	123020	123	975.975	3	2	4	5	1	32451	0	1000	688	430	0	3	2	4	5	1	1434	1604	1744	1890	1980	6000	5000	1	1	1	1	1	1
5	22	1	5	1000	128020	128020.01	128	974.012	3	2	4	5	1	32451	0	1000	760	392	0	3	2	4	5	1	1396	1564	1740	1880	1954	6000	5000	1	1	1	1	1	1
5	23	1	5	1000	133020	133021.982	133	973.979	1	3	2	5	4	13254	0	1000	736	380	0	1	3	2	5	4	1384	1516	1700	1842	1952	6000	5000	1	1	1	1	1	1
5	24	1	5	1000	138020	138021.981	138	971.967	3	5	1	2	4	35124	0	1000	650	360	0	3	5	1	2	4	1364	1514	1628	1734	1868	6000	5000	1	1	1	1	1	1
5	25	0	5	1000	143020	143021.979	143	970.001	3	5	1	2	4	35124	0	1000	684	348	0	3	5	1	2	4	1352	1516	1666	1720	1886	6000	5000	1	1	1	1	1	1
5	26	1	5	1000	148020	148020.006	148	966.006	3	2	4	5	1	32451	0	1000	724	428	0	3	2	4	5	1	1432	1592	1754	1936	2000	6000	5000	1	1	1	1	1	1
5	27	1	5	1000	153020	153020.016	153	965.984	1	4	5	2	3	14523	0	1000	758	404	0	1	4	5	2	3	1408	1594	1712	1892	2002	6000	5000	1	1	1	1	1	1
5	28	1	5	1000	158020	158021.981	158	965.981	1	4	5	2	3	14523	0	1000	748	812	0	1	4	5	2	3	1816	1914	2116	2262	2422	6000	5000	1	1	1	1	1	1
5	29	1	5	1000	163020	163020.007	163	962.025	3	2	4	5	1	32451	0	1000	776	436	0	3	2	4	5	1	1440	1590	1752	1906	1984	6000	5000	1	1	1	1	1	1
5	30	0	5	1000	168020	168020.005	168	960.025	1	4	5	2	3	14523	0	1000	774	368	0	1	4	5	2	3	1372	1558	1684	1854	1974	6000	5000	1	1	1	1	1	1
5	31	0	5	1000	173020	173021.999	173	959.993	1	3	2	5	4	13254	0	1000	772	368	0	1	3	2	5	4	1372	1554	1722	1852	1976	6000	5000	1	1	1	1	1	1
5	32	1	5	1000	178020	178021.993	178	958.012	3	5	1	2	4	35124	0	1000	696	378	0	3	5	1	2	4	1382	1564	1678	1822	1958	6000	5000	1	1	1	1	1	1
5	33	1	5	1000	183020	183021.979	183	955.977	1	3	2	5	4	13254	0	1000	1372	366	0	1	3	2	5	4	1370	1498	1656	1800	1912	6000	5000	1	1	1	1	1	1
5	34	1	5	1000	188020	188020.11	188	954.089	3	2	4	5	1	32451	0	16000	800	466	0	3	2	4	5	1	1470	1640	1790	1946	2030	6000	5000	1	1	1	1	1	1
5	35	1	5	1000	208020	208020.01	208	946.01	3	2	4	5	1	32451	0	1000	1996	482	0	3	2	4	5	1	1486	1696	1864	2042	2128	6000	5000	1	1	1	1	1	1
5	36	0	5	1000	213020	213021.981	213	945.982	3	2	4	5	1	32451	0	1000	926	458	0	3	2	4	5	1	1462	1666	1790	1958	2044	6000	5000	1	1	1	1	1	1
5	37	0	5	1000	218020	218021.999	218	944	3	2	4	5	1	32451	0	1000	752	462	0	3	2	4	5	1	1466	1644	1788	1952	2048	6000	5000	1	1	1	1	1	1
5	38	1	5	1000	223020	223020.047	223	942.046	1	3	2	5	4	13254	0	1000	658	442	0	1	3	2	5	4	1446	1590	1754	1864	1958	6000	5000	1	1	1	1	1	1
5	39	0	5	1000	228020	228020.01	228	940.01	3	2	4	5	1	32451	0	1000	728	384	0	3	2	4	5	1	1388	1564	1696	1888	1930	6000	5000	1	1	1	1	1	1
5	40	0	5	1000	233020	233021.992	233	939.97	1	4	5	2	3	14523	0	1000	728	270	0	1	4	5	2	3	1274	1468	1584	1730	1810	6000	5000	1	1	1	1	1	1
5	41	1	5	1000	238020	238022.01	238	937.998	3	2	4	5	1	32451	0	1000	780	452	0	3	2	4	5	1	1456	1622	1786	1968	2022	6000	5000	1	1	1	1	1	1
5	42	1	5	1000	243020	243021.992	243	935.993	3	2	4	5	1	32451	0	1000	866	414	0	3	2	4	5	1	1418	1584	1768	1952	1998	6000	5000	1	1	1	1	1	1
5	43	0	5	1000	248020	248020.012	248	931.984	1	3	2	5	4	13254	0	1000	1576	388	0	1	3	2	5	4	1392	1620	1788	1960	2082	6000	5000	1	1	1	1	1	1
5	44	1	5	1000	253020	253020.016	253	930.018	1	3	2	5	4	13254	0	1000	888	402	0	1	3	2	5	4	1406	1604	1792	1982	2112	6000	5000	1	1	1	1	1	1
5	45	0	5	1000	258020	258020.016	258	930.015	1	3	2	5	4	13254	0	1000	1540	378	0	1	3	2	5	4	1382	1552	1750	1888	1966	6000	5000	1	1	1	1	1	1
5	46	0	5	1000	263020	263021.999	263	930.004	1	4	5	2	3	14523	0	1000	1438	438	0	1	4	5	2	3	1442	1640	1752	1948	2054	6000	5000	1	1	1	1	1	1
5	47	0	5	1000	268020	268021.999	268	927.995	1	4	5	2	3	14523	0	1000	796	346	0	1	4	5	2	3	1350	1556	1710	1898	1992	6000	5000	1	1	1	1	1	1
5	48	1	5	1000	273020	273022.008	273	926.007	1	3	2	5	4	13254	0	1000	762	376	0	1	3	2	5	4	1380	1550	1712	1848	1938	6000	5000	1	1	1	1	1	1
5	49	1	5	1000	278020	278020.013	278	921.975	1	3	2	5	4	13254	0	1000	0	382	0	1	3	2	5	4	1386	1532	1720	1862	1942	6000	5000	0	1	1	1	1	1
5	50	0	5	1000	283020	283020.01	283	919.999	3	5	1	2	4	35124	0	1000	0	768	1	3	5	2	0	0	3140	3502	3740	0	0	6000	5000	0	1	1	1	1	1
5	51	0	5	1000	288020	288022.009	288	920.015	3	5	1	2	4	35124	0	16000	0	418	0	3	5	1	2	4	1442	1572	1698	1854	1976	6000	5000	0	1	1	1	1	1
5	52	0	5	1000	308020	308020.002	308	912	3	5	1	2	4	35124	0	1000	1538	372	0	3	5	1	2	4	1376	1526	1694	1812	1960	6000	5000	1	1	1	1	1	1
5	53	1	5	1000	313020	313020.01	313	909.996	1	4	5	2	3	14523	0	1000	764	374	0	1	4	5	2	3	1378	1568	1686	1850	1958	6000	5000	1	1	1	1	1	1
5	54	1	5	1000	318020	318020.005	318	908.005	1	3	2	5	4	13254	0	1000	1830	386	0	1	3	2	5	4	1390	1574	1744	1880	1968	6000	5000	1	1	1	1	1	1
5	55	1	5	1000	323020	323020.03	323	906.019	1	4	5	2	3	14523	0	1000	758	366	0	1	4	5	2	3	1944	2146	2296	2430	2532	6000	5000	1	1	1	1	1	1
5	56	0	5	1000	328020	328020.001	328	905.985	3	2	4	5	1	32451	0	1000	770	436	0	3	2	4	5	1	1440	1580	1734	1888	1956	6000	5000	1	1	1	1	1	1
5	57	0	5	1000	333020	333020.012	333	903.988	3	5	1	2	4	35124	0	1000	926	828	0	3	5	1	2	4	1832	2000	2384	2464	2600	6000	5000	1	1	1	1	1	1
5	58	1	5	1000	338020	338020.055	338	902.058	1	3	2	5	4	13254	0	1000	862	506	0	1	3	2	5	4	1510	1668	1830	1978	2052	6000	5000	1	1	1	1	1	1
5	59	0	5	1000	343020	343020	343	900.021	1	4	5	2	3	14523	0	1000	708	262	0	1	4	5	2	3	1266	1446	1614	1730	1830	6000	5000	1	1	1	1	1	1
5	60	0	5	1000	348020	348020	348	897.978	3	5	1	2	4	35124	0	1000	662	590	0	3	5	1	2	4	1594	1740	1896	1970	2108	6000	5000	1	1	1	1	1	1
5	61	1	5	1000	353020	353022.009	353	898	3	5	1	2	4	35124	0	1000	670	410	0	3	5	1	2	4	1414	1578	1668	1784	1934	6000	5000	1	1	1	1	1	1
5	62	1	5	1000	358020	358020.009	358	894.006	1	4	5	2	3	14523	0	1000	748	428	0	1	4	5	2	3	1432	1638	1764	1922	2028	6000	5000	1	1	1	1	1	1
5	63	0	5	1000	363020	363020	363	893.998	3	5	1	2	4	35124	0	1000	680	398	0	3	5	1	2	4	1402	1550	1688	1790	1912	6000	5000	1	1	1	1	1	1
5	64	0	5	1000	368020	368020.022	368	892.023	3	2	4	5	1	32451	0	1000	722	560	0	3	2	4	5	1	1564	1700	1904	2074	2140	6000	5000	1	1	1	1	1	1
5	65	1	5	1000	373020	373020.029	373	890.048	1	4	5	2	3	14523	0	1000	690	762	0	1	4	5	2	3	1766	1892	2048	2182	2314	6000	5000	1	1	1	1	1	1
5	66	0	5	1000	378020	378022.022	378	890.024	1	3	2	5	4	13254	0	1000	1418	1092	0	1	3	2	5	4	2096	2472	2928	3226	3336	6000	5000	1	1	1	1	1	1
5	67	0	5	1000	383020	383021.999	383	888.001	3	2	4	5	1	32451	0	1000	862	572	0	3	2	4	5	1	1576	1746	1934	2128	2248	6000	5000	1	1	1	1	1	1
5	68	0	5	1000	388020	388020.005	388	884.025	1	3	2	5	4	13254	0	16000	826	364	0	1	3	2	5	4	1368	1550	1714	1876	2002	6000	5000	1	1	1	1	1	1
6	1	1	5	1000	8020	8020.012	9	13.988	3	2	4	5	1	32451	0	1000	1066	398	0	3	2	4	5	1	1402	1606	1764	1926	2022	6000	5000	1	1	1	1	1	1
6	2	1	5	1000	13020	13020.015	14	12.002	1	3	2	5	4	13254	0	1000	772	326	0	1	3	2	5	4	1330	1504	1680	1822	1920	6000	5000	1	1	1	1	1	1
6	3	0	5	1000	18020	18020.001	19	11.997	3	2	4	5	1	32451	0	1000	720	398	0	3	2	4	5	1	1402	1576	1704	1856	1954	6000	5000	1	1	1	1	1	1
6	4	0	5	1000	23020	23021.998	24	11.974	3	2	4	5	1	32451	0	1000	768	424	0	3	2	4	5	1	1428	1618	1756	1900	2026	6000	5000	1	1	1	1	1	1
6	5	1	5	1000	28020	28021.982	29	9.97	3	5	1	2	4	35124	0	1000	698	354	0	3	5	1	2	4	1358	1528	1638	1752	1896	6000	5000	1	1	1	1	1	1
6	6	1	5	1000	33020	33021.979	34	7.995	1	4	5	2	3	14523	0	1000	720	344	0	1	4	5	2	3	1348	1524	1660	1808	1914	6000	5000	1	1	1	1	1	1
6	7	1	5	1000	38020	38020.008	39	4.001	1	4	5	2	3	14523	0	1000	748	368	0	1	4	5	2	3	1372	1552	1712	1836	1960	6000	5000	1	1	1	1	1	1
6	8	1	5	1000	43020	43020.05	44	2.039	3	5	1	2	4	35124	0	1000	744	380	0	3	5	1	2	4	1384	1552	1718	1810	1978	6000	5000	1	1	1	1	1	1
6	9	0	5	1000	48020	48020.016	49	0	3	2	4	5	1	32451	0	1000	830	404	0	3	2	4	5	1	1408	1604	1754	1910	2032	6000	5000	1	1	1	1	1	1
6	10	1	5	1000	53020	53021.98	54	2	1	4	5	2	3	14523	0	1000	804	388	0	1	4	5	2	3	1392	1628	1756	1916	2018	6000	5000	1	1	1	1	1	1
6	11	0	5	1000	58020	58021.981	59	0	1	4	5	2	3	14523	0	1000	676	446	0	1	4	5	2	3	1450	1620	1758	1878	1972	6000	5000	1	1	1	1	1	1
6	12	0	5	1000	63020	63020.001	63	995.989	3	5	1	2	4	35124	0	1000	1310	508	1	3	5	2	4	4	1512	1666	1880	2016	2626	6000	5000	0	1	1	1	1	1
6	13	1	5	1000	68020	68022.012	68	996.029	3	2	4	5	1	32451	0	1000	842	440	1	3	2	3	4	5	1444	1636	1806	1890	2030	6000	5000	0	1	1	1	1	1
6	14	1	5	1000	73020	73021.987	73	994.006	1	4	5	2	3	14523	0	1000	716	390	0	1	4	5	2	3	1394	1584	1736	1856	1964	6000	5000	1	1	1	1	1	1
6	15	0	5	1000	78020	78020.016	78	990.016	1	3	2	5	4	13254	0	1000	690	454	0	1	3	2	5	4	1458	1620	1780	1908	1994	6000	5000	1	1	1	1	1	1
6	16	1	5	1000	83020	83022.002	83	991.975	3	2	4	5	1	32451	0	1000	902	464	1	3	2	3	4	5	1468	1688	1860	1942	2082	6000	5000	0	1	1	1	1	1
6	17	0	5	1000	88020	88020.001	88	987.999	1	3	2	5	4	13254	0	16000	1008	374	0	1	3	2	5	4	1378	1552	1774	2160	2200	6000	5000	1	1	1	1	1	1
6	18	0	5	1000	108020	108020.004	108	979.99	1	3	2	5	4	13254	0	1000	828	430	0	1	3	2	5	4	1434	1634	1794	1962	2058	6000	5000	1	1	1	1	1	1
6	19	0	5	1000	113020	113021.981	113	979.998	1	4	5	2	3	14523	0	1000	694	382	0	1	4	5	2	3	1386	1540	1686	1810	1906	6000	5000	1	1	1	1	1	1
6	20	0	5	1000	118020	118020.004	118	978.021	3	2	4	5	1	32451	0	1000	716	434	0	3	2	4	5	1	1438	1588	1734	1890	1992	6000	5000	1	1	1	1	1	1
6	21	0	5	1000	123020	123020.015	123	976	1	3	2	5	4	13254	0	1000	728	338	0	1	3	2	5	4	1342	1478	1642	1772	1870	6000	5000	1	1	1	1	1	1
6	22	0	5	1000	128020	128020.001	128	973.988	3	5	1	2	4	35124	0	1000	698	444	0	3	5	1	2	4	1448	1608	1782	1844	1994	6000	5000	1	1	1	1	1	1
6	23	1	5	1000	133020	133020.002	133	972.022	3	5	1	2	4	35124	0	1000	690	442	0	3	5	1	2	4	1446	1612	1720	1832	1994	6000	5000	1	1	1	1	1	1
6	24	0	5	1000	138020	138022.018	138	972.036	1	4	5	2	3	14523	0	1000	754	396	0	1	4	5	2	3	1400	1570	1712	1834	1978	6000	5000	1	1	1	1	1	1
6	25	1	5	1000	143020	143022.016	143	970.017	1	3	2	5	4	13254	0	1000	1156	428	0	1	3	2	5	4	1432	1632	1802	1954	2038	6000	5000	1	1	1	1	1	1
6	26	0	5	1000	148020	148020.012	148	966.009	3	5	1	2	4	35124	0	1000	878	458	0	3	5	1	2	4	1462	1610	1742	1830	1978	6000	5000	1	1	1	1	1	1
6	27	0	5	1000	153020	153020.001	153	966.012	1	3	2	5	4	13254	0	1000	0	386	0	1	3	2	5	4	1390	1564	1762	2190	2262	6000	5000	0	1	1	1	1	1
6	28	1	5	1000	158020	158020.001	158	963.999	1	3	2	5	4	13254	0	1000	716	446	0	1	3	2	5	4	1450	1600	1766	1910	2008	6000	5000	1	1	1	1	1	1
6	29	1	5	1000	163020	163020.001	163	962.005	1	4	5	2	3	14523	0	1000	692	466	0	1	4	5	2	3	1470	1606	1788	1900	1990	6000	5000	1	1	1	1	1	1
6	30	0	5	1000	168020	168021.982	168	961.999	3	2	4	5	1	32451	0	1000	1690	618	0	3	2	4	5	1	1622	1792	1964	2112	2190	6000	5000	1	1	1	1	1	1
6	31	0	5	1000	173020	173020.001	173	958.018	3	5	1	2	4	35124	0	1000	726	464	1	3	5	1	2	3	1468	1630	1754	1850	1972	6000	5000	0	1	1	1	1	1
6	32	0	5	1000	178020	178020.01	178	956.01	3	5	1	2	4	35124	0	1000	668	560	0	3	5	1	2	4	1564	1732	1864	1920	2066	6000	5000	1	1	1	1	1	1
6	33	1	5	1000	183020	183020.013	183	954.013	1	4	5	2	3	14523	0	1000	694	496	0	1	4	5	2	3	1500	1702	1838	1984	2086	6000	5000	1	1	1	1	1	1
6	34	1	5	1000	188020	188020.012	188	953.988	1	3	2	5	4	13254	0	16000	1628	316	0	1	3	2	5	4	1320	1468	1646	1786	1856	6000	5000	1	1	1	1	1	1
6	35	1	5	1000	208020	208021.981	208	947.979	1	3	2	5	4	13254	0	1000	752	432	0	1	3	2	5	4	1436	1608	1802	1940	2042	6000	5000	1	1	1	1	1	1
6	36	0	5	1000	213020	213021.984	213	945.999	1	4	5	2	3	14523	0	1000	1094	412	0	1	4	5	2	3	1416	1584	1704	2276	2342	6000	5000	1	1	1	1	1	1
6	37	1	5	1000	218020	218021.984	218	944	1	4	5	2	3	14523	0	1000	638	428	0	1	4	5	2	3	1432	1574	1708	1822	1914	6000	5000	1	1	1	1	1	1
6	38	0	5	1000	223020	223020.013	223	942.029	3	5	1	2	4	35124	0	1000	670	500	0	3	5	1	2	4	1504	1664	1824	1872	2002	6000	5000	1	1	1	1	1	1
6	39	0	5	1000	228020	228020.002	228	939.998	1	4	5	2	3	14523	0	1000	776	490	0	1	4	5	2	3	1494	1704	1828	2030	2094	6000	5000	1	1	1	1	1	1
6	40	0	5	1000	233020	233021.999	233	940.018	1	4	5	2	3	14523	0	1000	736	376	0	1	4	5	2	3	1380	1610	1686	1868	1952	6000	5000	1	1	1	1	1	1
6	41	0	5	1000	238020	238020.014	238	936.033	1	3	2	5	4	13254	0	1000	754	410	0	1	3	2	5	4	1414	1556	1752	1916	1966	6000	5000	1	1	1	1	1	1
6	42	0	5	1000	243020	243020.038	243	934.027	1	3	2	5	4	13254	0	1000	874	446	0	1	3	2	5	4	1450	1688	1854	2072	2146	6000	5000	1	1	1	1	1	1
6	43	1	5	1000	248020	248020.013	248	931.998	1	4	5	2	3	14523	0	1000	708	418	0	1	4	5	2	3	1422	1558	1736	1838	1932	6000	5000	1	1	1	1	1	1
6	44	1	5	1000	253020	253021.982	253	931.978	3	2	4	5	1	32451	0	1000	0	374	0	3	2	4	5	1	2738	2918	3092	3254	3358	6000	5000	0	1	1	1	1	1
6	45	1	5	1000	258020	258020.006	258	930.007	3	2	4	5	1	32451	0	1000	2392	392	0	3	2	4	5	1	1396	1584	1764	1936	2000	6000	5000	1	1	1	1	1	1
6	46	0	5	1000	263020	263020.001	263	927.998	1	4	5	2	3	14523	0	1000	774	516	0	1	4	5	2	3	1520	1724	1870	2002	2098	6000	5000	1	1	1	1	1	1
6	47	1	5	1000	268020	268020.044	268	926.044	3	2	4	5	1	32451	0	1000	742	472	0	3	2	4	5	1	1476	1624	1768	1946	2004	6000	5000	1	1	1	1	1	1
6	48	0	5	1000	273020	273022.001	273	926.018	3	5	1	2	4	35124	0	1000	1184	426	0	3	5	1	2	4	1430	1576	1734	1776	1906	6000	5000	1	1	1	1	1	1
6	49	0	5	1000	278020	278020.001	278	921.999	3	2	4	5	1	32451	0	1000	772	440	0	3	2	4	5	1	1444	1618	1780	1930	2024	6000	5000	1	1	1	1	1	1
6	50	1	5	1000	283020	283021.984	283	921.983	1	3	2	5	4	13254	0	1000	1276	302	0	1	3	2	5	4	1306	1430	1632	1780	1852	6000	5000	1	1	1	1	1	1
6	51	1	5	1000	288020	288020.005	288	917.882	1	3	2	5	4	13254	0	16000	748	376	0	1	3	2	5	4	1380	1538	1734	1852	1938	6000	5000	1	1	1	1	1	1
6	52	1	5	1000	308020	308020	308	911.993	1	3	2	5	4	13254	0	1000	776	468	0	1	3	2	5	4	1472	1648	1846	1962	2040	6000	5000	1	1	1	1	1	1
6	53	1	5	1000	313020	313020.002	313	909.988	3	2	4	5	1	32451	0	1000	1814	366	0	3	2	4	5	1	1370	1546	1718	1856	1942	6000	5000	1	1	1	1	1	1
6	54	1	5	1000	318020	318020.006	318	908.005	3	5	1	2	4	35124	0	1000	700	452	0	3	5	1	2	4	1456	1628	1770	1858	1986	6000	5000	1	1	1	1	1	1
6	55	1	5	1000	323020	323020.015	323	906.009	3	5	1	2	4	35124	0	1000	612	446	0	3	5	1	2	4	1450	1584	1698	1778	1908	6000	5000	1	1	1	1	1	1
6	56	0	5	1000	328020	328021.979	328	905.964	3	5	1	2	4	35124	0	1000	654	514	0	3	5	1	2	4	1518	1688	1810	1876	2000	6000	5000	1	1	1	1	1	1
6	57	1	5	1000	333020	333020.003	333	903.977	1	3	2	5	4	13254	0	1000	0	460	0	1	3	2	5	4	1464	1638	1812	1938	2026	6000	5000	0	1	1	1	1	1
6	58	1	5	1000	338020	338020.012	338	902.012	3	5	1	2	4	35124	0	1000	1134	504	0	3	5	1	2	4	1508	1668	1782	1868	2002	6000	5000	1	1	1	1	1	1
6	59	1	5	1000	343020	343021.981	343	901.998	1	3	2	5	4	13254	0	1000	1292	452	0	1	3	2	5	4	1456	1618	1798	1922	2010	6000	5000	1	1	1	1	1	1
6	60	0	5	1000	348020	348021.995	348	899.994	1	3	2	5	4	13254	0	1000	980	302	0	1	3	2	5	4	1306	1464	1630	1760	1846	6000	5000	1	1	1	1	1	1
6	61	1	5	1000	353020	353021.984	353	897.982	3	5	1	2	4	35124	0	1000	1152	368	0	3	5	1	2	4	1372	1522	1626	1716	1834	6000	5000	1	1	1	1	1	1
6	62	0	5	1000	358020	358022.014	358	896.024	1	3	2	5	4	13254	0	1000	0	354	0	1	3	2	5	4	1358	1516	1686	1820	1894	6000	5000	0	1	1	1	1	1
6	63	0	5	1000	363020	363020.015	363	892.022	3	2	4	5	1	32451	0	1000	0	1100	0	3	2	4	5	1	2104	2544	2904	3074	3178	6000	5000	0	1	1	1	1	1
6	64	1	5	1000	368020	368021.981	368	893.976	3	2	4	5	1	32451	0	1000	0	0	0	0	0	0	0	0	0	0	0	0	0	6000	5000	0	1	1	1	1	1
6	65	0	5	1000	373020	373021.981	373	891.978	3	2	4	5	1	32451	0	1000	0	0	0	0	0	0	0	0	0	0	0	0	0	6000	5000	0	1	1	1	1	1
6	66	0	5	1000	378020	378021.981	378	889.981	1	4	5	2	3	14523	0	1000	0	0	0	0	0	0	0	0	0	0	0	0	0	6000	5000	0	1	1	1	1	1
6	67	1	5	1000	383020	383021.981	383	887.98	3	5	1	2	4	35124	0	1000	0	0	0	0	0	0	0	0	0	0	0	0	0	6000	5000	0	1	1	1	1	1
6	68	1	5	1000	388020	388020.004	388	884.023	3	2	4	5	1	32451	0	16000	0	0	0	0	0	0	0	0	0	0	0	0	0	6000	5000	0	1	1	1	1	1
7	1	1	5	1000	8020	8021.979	9	16.002	1	3	2	5	4	13254	0	1000	750	482	0	1	3	2	5	4	1486	1620	1824	1968	2068	6000	5000	1	1	1	1	1	1
7	2	1	5	1000	13020	13021.978	14	15.998	1	4	5	2	3	14523	0	1000	768	410	0	1	4	5	2	3	1414	1650	1748	1938	2046	6000	5000	1	1	1	1	1	1
7	3	1	5	1000	18020	18021.978	19	14.002	3	2	4	5	1	32451	0	1000	738	416	0	3	2	4	5	1	1420	1592	1758	1878	1992	6000	5000	1	1	1	1	1	1
7	4	0	5	1000	23020	23022.021	24	12.022	1	4	5	2	3	14523	0	1000	618	400	0	1	4	5	2	3	1404	1564	1680	1818	1918	6000	5000	1	1	1	1	1	1
7	5	0	5	1000	28020	28021.998	29	10.001	3	5	1	2	4	35124	0	1000	1362	444	1	3	5	2	4	4	1448	1582	1804	1938	2652	6000	5000	0	1	1	1	1	1
7	6	1	5	1000	33020	33020	34	6.005	1	4	5	2	3	14523	0	1000	720	446	0	1	4	5	2	3	1450	1628	1768	1910	2000	6000	5000	1	1	1	1	1	1
7	7	0	5	1000	38020	38021.999	39	5.987	1	3	2	5	4	13254	0	1000	728	382	0	1	3	2	5	4	1386	1508	1708	1830	1912	6000	5000	1	1	1	1	1	1
7	8	1	5	1000	43020	43020.025	44	2.014	3	5	1	2	4	35124	0	1000	648	334	0	3	5	1	2	4	1338	1474	1630	1706	1846	6000	5000	1	1	1	1	1	1
7	9	0	5	1000	48020	48021.995	49	3.971	3	2	4	5	1	32451	0	1000	642	452	0	3	2	4	5	1	1456	1602	1752	1876	1948	6000	5000	1	1	1	1	1	1
7	10	0	5	1000	53020	53021.993	54	1.995	3	5	1	2	4	35124	0	1000	614	476	0	3	5	1	2	4	1480	1636	1746	1812	1940	6000	5000	1	1	1	1	1	1
7	11	1	5	1000	58020	58021.999	59	0	3	5	1	2	4	35124	0	1000	642	410	0	3	5	1	2	4	1414	1558	1680	1750	1906	6000	5000	1	1	1	1	1	1
7	12	0	5	1000	63020	63020.012	63	996.033	1	4	5	2	3	14523	0	1000	662	380	0	1	4	5	2	3	1384	1554	1674	1812	1920	6000	5000	1	1	1	1	1	1
7	13	1	5	1000	68020	68022.002	68	996.022	1	3	2	5	4	13254	0	1000	682	410	0	1	3	2	5	4	1414	1544	1712	1836	1924	6000	5000	1	1	1	1	1	1
7	14	0	5	1000	73020	73022.002	73	994.027	3	2	4	5	1	32451	0	1000	688	550	0	3	2	4	5	1	1554	1712	1872	2044	2104	6000	5000	1	1	1	1	1	1
7	15	1	5	1000	78020	78022.006	78	994.004	1	4	5	2	3	14523	0	1000	636	462	0	1	4	5	2	3	1466	1604	1766	1878	1972	6000	5000	1	1	1	1	1	1
7	16	1	5	1000	83020	83021.994	83	992.015	3	5	1	2	4	35124	0	1000	630	364	0	3	5	1	2	4	1368	1520	1640	1722	1852	6000	5000	1	1	1	1	1	1
7	17	1	5	1000	88020	88020.007	88	988.027	1	3	2	5	4	13254	0	16000	744	596	0	1	3	2	5	4	1600	1756	1914	2034	2122	6000	5000	1	1	1	1	1	1
7	18	1	5	1000	108020	108021.98	108	982.004	1	3	2	5	4	13254	0	1000	704	400	0	1	3	2	5	4	1404	1550	1716	1840	1916	6000	5000	1	1	1	1	1	1
7	19	0	5	1000	113020	113021.997	113	981.999	3	5	1	2	4	35124	0	1000	610	334	0	3	5	1	2	4	1338	1486	1664	1678	1802	6000	5000	1	1	1	1	1	1
7	20	0	5	1000	118020	118020.006	118	978.008	1	3	2	5	4	13254	0	1000	988	422	0	1	3	2	5	4	1426	1568	1734	1848	1928	6000	5000	1	1	1	1	1	1
7	21	1	5	1000	123020	123020.026	123	976.03	1	3	2	5	4	13254	0	1000	1182	398	0	1	3	2	5	4	1402	1526	1712	1824	1912	6000	5000	1	1	1	1	1	1
7	22	0	5	1000	128020	128020.003	128	973.994	1	4	5	2	3	14523	0	1000	992	374	1	1	4	5	2	4	1378	1576	1672	1898	2042	6000	5000	0	1	1	1	1	1
7	23	0	5	1000	133020	133020	133	972.021	1	3	2	5	4	13254	0	1000	1508	368	1	1	3	2	4	4	1372	1550	1712	1916	2738	6000	5000	0	1	1	1	1	1
7	24	0	5	1000	138020	138021.98	138	971.959	1	4	5	2	3	14523	0	1000	730	446	0	1	4	5	2	3	1450	1618	1770	1984	2038	6000	5000	1	1	1	1	1	1
7	25	1	5	1000	143020	143021.975	143	969.964	3	5	1	2	4	35124	0	1000	660	360	0	3	5	1	2	4	1364	1504	1646	1744	1888	6000	5000	1	1	1	1	1	1
7	26	1	5	1000	148020	148021.997	148	969.989	3	2	4	5	1	32451	0	1000	690	586	0	3	2	4	5	1	1590	1706	1884	2046	2116	6000	5000	1	1	1	1	1	1
7	27	1	5	1000	153020	153020.022	153	966.024	3	2	4	5	1	32451	0	1000	1230	376	1	3	2	4	1	1	1380	1544	1704	1962	2460	6000	5000	0	1	1	1	1	1
7	28	1	5	1000	158020	158020.01	158	964.011	1	3	2	5	4	13254	0	1000	768	348	0	1	3	2	5	4	1352	1512	1696	1850	1956	6000	5000	1	1	1	1	1	1
7	29	0	5	1000	163020	163020.022	163	962.01	1	3	2	5	4	13254	0	1000	728	438	0	1	3	2	5	4	1442	1598	1774	1930	2010	6000	5000	1	1	1	1	1	1
7	30	1	5	1000	168020	168021.978	168	961.999	3	2	4	5	1	32451	0	1000	738	366	0	3	2	4	5	1	1370	1536	1686	1868	1936	6000	5000	1	1	1	1	1	1
7	31	1	5	1000	173020	173022.008	173	959.988	3	5	1	2	4	35124	0	1000	606	392	0	3	5	1	2	4	1396	1542	1650	1738	1860	6000	5000	1	1	1	1	1	1
7	32	0	5	1000	178020	178020.007	178	957.976	3	5	1	2	4	35124	0	1000	668	550	0	3	5	1	2	4	1554	1708	1860	1914	2046	6000	5000	1	1	1	1	1	1
7	33	1	5	1000	183020	183020.12	183	956.12	3	2	4	5	1	32451	0	1000	732	420	0	3	2	4	5	1	1424	1580	1726	1902	1970	6000	5000	1	1	1	1	1	1
7	34	0	5	1000	188020	188022.005	188	955.97	3	5	1	2	4	35124	0	16000	668	336	0	3	5	1	2	4	1340	1484	1674	1712	1854	6000	5000	1	1	1	1	1	1
7	35	0	5	1000	208020	208020.023	208	946.024	3	5	1	2	4	35124	0	1000	680	528	0	3	5	1	2	4	1532	1666	1844	1904	2048	6000	5000	1	1	1	1	1	1
7	36	0	5	1000	213020	213020	213	944.013	3	5	1	2	4	35124	0	1000	680	406	0	3	5	1	2	4	1410	1538	1702	1790	1928	6000	5000	1	1	1	1	1	1
7	37	0	5	1000	218020	218020.001	218	943.994	1	4	5	2	3	14523	0	1000	632	426	0	1	4	5	2	3	1430	1570	1690	1826	1874	6000	5000	1	1	1	1	1	1
7	38	0	5	1000	223020	223021.978	223	943.984	3	2	4	5	1	32451	0	1000	708	424	0	3	2	4	5	1	1428	1588	1756	1904	1974	6000	5000	1	1	1	1	1	1
7	39	0	5	1000	228020	228020.022	228	940.025	1	4	5	2	3	14523	0	1000	624	360	0	1	4	5	2	3	1364	1516	1644	1750	1842	6000	5000	1	1	1	1	1	1
7	40	0	5	1000	233020	233020.009	233	937.997	1	4	5	2	3	14523	0	1000	656	412	0	1	4	5	2	3	1416	1556	1704	1830	1920	6000	5000	1	1	1	1	1	1
7	41	1	5	1000	238020	238020.009	238	936.03	3	2	4	5	1	32451	0	1000	666	418	1	3	2	3	4	5	1422	1542	1708	1714	1888	6000	5000	0	1	1	1	1	1
7	42	1	5	1000	243020	243021.998	243	936.021	1	4	5	2	3	14523	0	1000	682	448	0	1	4	5	2	3	1452	1600	1798	1878	1990	6000	5000	1	1	1	1	1	1
7	43	1	5	1000	248020	248020.01	248	932.002	1	3	2	5	4	13254	0	1000	2290	526	0	1	3	2	5	4	1530	1678	1832	1976	2064	6000	5000	1	1	1	1	1	1
7	44	1	5	1000	253020	253022.012	253	934.017	1	3	2	5	4	13254	0	1000	740	428	0	1	3	2	5	4	1432	1568	1760	1892	1978	6000	5000	1	1	1	1	1	1
7	45	1	5	1000	258020	258020.009	258	930.009	3	5	1	2	4	35124	0	1000	624	400	0	3	5	1	2	4	1404	1534	1664	1754	1900	6000	5000	1	1	1	1	1	1
7	46	1	5	1000	263020	263021.998	263	929.998	1	4	5	2	3	14523	0	1000	768	436	0	1	4	5	2	3	1440	1606	1790	1894	2046	6000	5000	1	1	1	1	1	1
7	47	0	5	1000	268020	268021.995	268	928.016	3	2	4	5	1	32451	0	1000	690	564	0	3	2	4	5	1	1568	1720	1846	2038	2072	6000	5000	1	1	1	1	1	1
7	48	0	5	1000	273020	273021.978	273	925.995	3	2	4	5	1	32451	0	1000	688	422	0	3	2	4	5	1	1426	1582	1722	1900	1946	6000	5000	1	1	1	1	1	1
7	49	1	5	1000	278020	278020.007	278	921.99	3	2	4	5	1	32451	0	1000	1230	422	1	3	2	4	1	1	1426	1550	1728	1926	2450	6000	5000	0	1	1	1	1	1
7	50	0	5	1000	283020	283020	283	920.005	3	2	4	5	1	32451	0	1000	774	470	0	3	2	4	5	1	1474	1628	1784	1984	2044	6000	5000	1	1	1	1	1	1
7	51	0	5	1000	288020	288021.998	288	919.988	1	3	2	5	4	13254	0	16000	950	682	0	1	3	2	5	4	1686	1850	2060	2394	2452	6000	5000	1	1	1	1	1	1
7	52	0	5	1000	308020	308022.006	308	913.995	1	3	2	5	4	13254	0	1000	1508	474	1	1	3	2	4	4	1478	1602	1788	2282	2792	6000	5000	0	1	1	1	1	1
7	53	1	5	1000	313020	313020.013	313	910.01	1	4	5	2	3	14523	0	1000	896	430	0	1	4	5	2	3	1434	1680	1864	2006	2144	6000	5000	1	1	1	1	1	1
7	54	0	5	1000	318020	318021.978	318	909.981	1	4	5	2	3	14523	0	1000	690	354	0	1	4	5	2	3	1358	1490	1652	1768	1858	6000	5000	1	1	1	1	1	1
7	55	1	5	1000	323020	323020.001	323	906.005	1	4	5	2	3	14523	0	1000	678	394	0	1	4	5	2	3	1398	1538	1672	1800	1892	6000	5000	1	1	1	1	1	1
7	56	1	5	1000	328020	328020.004	328	906.005	1	4	5	2	3	14523	0	1000	640	476	0	1	4	5	2	3	1480	1620	1766	1878	1970	6000	5000	1	1	1	1	1	1
7	57	0	5	1000	333020	333021.995	333	905.998	3	5	1	2	4	35124	0	1000	672	382	0	3	5	1	2	4	1386	1504	1678	1746	1862	6000	5000	1	1	1	1	1	1
7	58	0	5	1000	338020	338022.014	338	904.014	3	2	4	5	1	32451	0	1000	790	586	0	3	2	4	5	1	1590	1738	1960	2098	2200	6000	5000	1	1	1	1	1	1
7	59	1	5	1000	343020	343021.998	343	902.007	1	3	2	5	4	13254	0	1000	704	346	0	1	3	2	5	4	1350	1488	1642	1780	1870	6000	5000	1	1	1	1	1	1
7	60	1	5	1000	348020	348020.013	348	898.019	3	2	4	5	1	32451	0	1000	702	356	0	3	2	4	5	1	1360	1490	1628	1794	1848	6000	5000	1	1	1	1	1	1
7	61	0	5	1000	353020	353022.008	353	898.01	1	3	2	5	4	13254	0	1000	722	426	0	1	3	2	5	4	1430	1576	1736	1860	1954	6000	5000	1	1	1	1	1	1
7	62	0	5	1000	358020	358020.008	358	893.996	1	3	2	5	4	13254	0	1000	646	542	0	1	3	2	5	4	1546	1672	1804	1942	2022	6000	5000	1	1	1	1	1	1
7	63	0	5	1000	363020	363022.001	363	896.004	3	2	4	5	1	32451	0	1000	698	460	0	3	2	4	5	1	1464	1602	1768	1926	2006	6000	5000	1	1	1	1	1	1
7	64	1	5	1000	368020	368022.001	368	893.995	3	5	1	2	4	35124	0	1000	630	472	0	3	5	1	2	4	1476	1602	1716	1800	1924	6000	5000	1	1	1	1	1	1
7	65	1	5	1000	373020	373021.995	373	891.995	3	5	1	2	4	35124	0	1000	654	440	0	3	5	1	2	4	1444	1578	1702	1776	1928	6000	5000	1	1	1	1	1	1
7	66	0	5	1000	378020	378020.008	378	888.002	1	3	2	5	4	13254	0	1000	1198	436	0	1	3	2	5	4	1440	1620	1790	1918	2018	6000	5000	1	1	1	1	1	1
7	67	0	5	1000	383020	383020	383	886.003	3	5	1	2	4	35124	0	1000	600	412	0	3	5	1	2	4	1416	1542	1680	1738	1864	6000	5000	1	1	1	1	1	1
7	68	1	5	1000	388020	388021.998	388	886.002	1	3	2	5	4	13254	0	16000	886	406	0	1	3	2	5	4	1410	1554	1724	1822	1892	6000	5000	1	1	1	1	1	1
8	1	1	5	1000	8020	8021.968	9	17.988	1	4	5	2	3	14523	0	1000	704	470	0	1	4	5	2	3	1474	1660	1758	1928	2028	6000	5000	1	1	1	1	1	1
8	2	1	5	1000	13020	13021.998	14	15.996	1	3	2	5	4	13254	0	1000	668	394	0	1	3	2	5	4	1398	1480	1672	1788	1910	6000	5000	1	1	1	1	1	1
8	3	1	5	1000	18020	18022.004	19	14.004	3	2	4	5	1	32451	0	1000	726	448	0	3	2	4	5	1	1452	1580	1750	1904	1974	6000	5000	1	1	1	1	1	1
8	4	0	5	1000	23020	23021.987	24	11.998	3	2	4	5	1	32451	0	1000	706	430	0	3	2	4	5	1	1434	1610	1736	1880	2004	6000	5000	1	1	1	1	1	1
8	5	0	5	1000	28020	28021.987	29	11.999	1	3	2	5	4	13254	0	1000	672	414	0	1	3	2	5	4	1418	1552	1708	1850	1936	6000	5000	1	1	1	1	1	1
8	6	1	5	1000	33020	33021.973	34	10.004	3	5	1	2	4	35124	0	1000	700	416	0	3	5	1	2	4	1420	1584	1724	1834	1984	6000	5000	1	1	1	1	1	1
8	7	1	5	1000	38020	38021.987	39	7.979	3	2	4	5	1	32451	0	1000	736	348	0	3	2	4	5	1	1352	1518	1668	1820	1926	6000	5000	1	1	1	1	1	1
8	8	0	5	1000	43020	43021.987	44	5.888	1	3	2	5	4	13254	0	1000	722	444	0	1	3	2	5	4	1448	1596	1762	1894	1992	6000	5000	1	1	1	1	1	1
8	9	0	5	1000	48020	48021.967	49	3.998	3	2	4	5	1	32451	0	1000	658	730	0	3	2	4	5	1	1734	1854	1980	2134	2218	6000	5000	1	1	1	1	1	1
8	10	1	5	1000	53020	53021.97	54	2.004	3	2	4	5	1	32451	0	1000	916	434	0	3	2	4	5	1	1438	1590	1834	1990	2074	6000	5000	1	1	1	1	1	1
8	11	1	5	1000	58020	58021.996	59	0	1	4	5	2	3	14523	0	1000	770	364	0	1	4	5	2	3	1368	1552	1692	1840	1948	6000	5000	1	1	1	1	1	1
8	12	0	5	1000	63020	63020.001	63	998.012	3	2	4	5	1	32451	0	1000	758	476	0	3	2	4	5	1	1480	1650	1782	1930	2044	6000	5000	1	1	1	1	1	1
8	13	1	5	1000	68020	68021.987	68	997.985	1	3	2	5	4	13254	0	1000	896	388	1	1	3	2	4	5	1392	1544	1710	1866	1880	6000	5000	0	1	1	1	1	1
8	14	1	5	1000	73020	73021.988	73	996	1	3	2	5	4	13254	0	1000	1630	320	0	1	3	2	5	4	1324	1488	1672	1786	1878	6000	5000	1	1	1	1	1	1
8	15	1	5	1000	78020	78021.989	78	993.941	3	5	1	2	4	35124	0	1000	656	268	0	3	5	1	2	4	1272	1404	1558	1618	1766	6000	5000	1	1	1	1	1	1
8	16	0	5	1000	83020	83022	83	992.013	1	3	2	5	4	13254	0	1000	988	296	0	1	3	2	5	4	1300	1454	1616	1734	1824	6000	5000	1	1	1	1	1	1
8	17	0	5	1000	88020	88020	88	988.011	3	5	1	2	4	35124	0	16000	1158	990	1	3	5	2	3	4	1994	2272	2678	2890	2984	6000	5000	0	1	1	1	1	1
8	18	0	5	1000	108020	108021.99	108	983.991	3	5	1	2	4	35124	0	1000	736	442	0	3	5	1	2	4	1446	1584	1764	1854	2006	6000	5000	1	1	1	1	1	1
8	19	0	5	1000	113020	113021.967	113	981.814	3	2	4	5	1	32451	0	1000	748	392	0	3	2	4	5	1	1396	1574	1732	1870	1976	6000	5000	1	1	1	1	1	1
8	20	1	5	1000	118020	118021.995	118	980.005	3	5	1	2	4	35124	0	1000	1154	404	1	3	5	2	4	4	1408	1554	1750	1902	2386	6000	5000	0	1	1	1	1	1
8	21	0	5	1000	123020	123021.989	123	978.001	1	4	5	2	3	14523	0	1000	1004	434	0	1	4	5	2	3	1438	1580	1726	1874	1974	6000	5000	1	1	1	1	1	1
8	22	1	5	1000	128020	128021.999	128	978.012	3	5	1	2	4	35124	0	1000	712	446	0	3	5	1	2	4	1450	1574	1734	1818	1986	6000	5000	1	1	1	1	1	1
8	23	0	5	1000	133020	133021.982	133	975.947	3	2	4	5	1	32451	0	1000	724	456	0	3	2	4	5	1	1460	1630	1770	1914	2028	6000	5000	1	1	1	1	1	1
8	24	0	5	1000	138020	138020.002	138	972	1	4	5	2	3	14523	0	1000	748	364	0	1	4	5	2	3	1368	1520	1640	1824	1940	6000	5000	1	1	1	1	1	1
8	25	0	5	1000	143020	143021.993	143	971.988	1	4	5	2	3	14523	0	1000	726	340	0	1	4	5	2	3	1344	1494	1610	1782	1890	6000	5000	1	1	1	1	1	1
8	26	1	5	1000	148020	148021.967	148	969.965	3	2	4	5	1	32451	0	1000	842	348	0	3	2	4	5	1	1352	1490	1678	1818	1934	6000	5000	1	1	1	1	1	1
8	27	0	5	1000	153020	153021.969	153	967.97	1	4	5	2	3	14523	0	1000	0	310	0	1	4	5	2	3	1314	1438	1588	1718	1802	6000	5000	0	1	1	1	1	1
8	28	0	5	1000	158020	158021.991	158	966.001	3	2	4	5	1	32451	0	1000	902	420	0	3	2	4	5	1	1756	1916	2104	2230	2374	6000	5000	1	1	1	1	1	1
8	29	0	5	1000	163020	163021.986	163	965.996	3	2	4	5	1	32451	0	1000	760	400	0	3	2	4	5	1	1404	1556	1720	1868	1976	6000	5000	1	1	1	1	1	1
8	30	1	5	1000	168020	168020	168	962.016	1	4	5	2	3	14523	0	1000	700	376	0	1	4	5	2	3	1380	1532	1680	1798	1918	6000	5000	1	1	1	1	1	1
8	31	1	5	1000	173020	173022	173	962.009	1	4	5	2	3	14523	0	1000	716	398	0	1	4	5	2	3	1402	1576	1720	1854	1952	6000	5000	1	1	1	1	1	1
8	32	0	5	1000	178020	178020.017	178	958.005	1	4	5	2	3	14523	0	1000	652	498	0	1	4	5	2	3	1502	1642	1780	1890	1980	6000	5000	1	1	1	1	1	1
8	33	0	5	1000	183020	183021.985	183	957.987	3	5	1	2	4	35124	0	1000	698	366	0	3	5	1	2	4	1370	1554	1664	1754	1888	6000	5000	1	1	1	1	1	1
8	34	1	5	1000	188020	188020.021	188	954.029	1	4	5	2	3	14523	0	16000	674	420	0	1	4	5	2	3	1424	1590	1716	1836	1922	6000	5000	1	1	1	1	1	1
8	35	1	5	1000	208020	208021.969	208	949.966	1	4	5	2	3	14523	0	1000	708	480	0	1	4	5	2	3	1484	1662	1796	1942	2022	6000	5000	1	1	1	1	1	1
8	36	0	5	1000	213020	213021.988	213	947.99	1	3	2	5	4	13254	0	1000	1894	448	0	1	3	2	5	4	1674	1852	2034	2220	2322	6000	5000	1	1	1	1	1	1
8	37	1	5	1000	218020	218022	218	946.004	1	4	5	2	3	14523	0	1000	654	420	0	1	4	5	2	3	1424	1596	1712	1850	1938	6000	5000	1	1	1	1	1	1
8	38	1	5	1000	223020	223021.988	223	944.003	3	5	1	2	4	35124	0	1000	606	326	0	3	5	1	2	4	1330	1432	1584	1648	1780	6000	5000	1	1	1	1	1	1
8	39	1	5	1000	228020	228021.987	228	941.995	1	3	2	5	4	13254	0	1000	932	398	0	1	3	2	5	4	1402	1540	1730	1856	1948	6000	5000	1	1	1	1	1	1
8	40	0	5	1000	233020	233020.003	233	937.987	1	3	2	5	4	13254	0	1000	992	448	0	1	3	2	5	4	1452	1626	1788	1902	1998	6000	5000	1	1	1	1	1	1
8	41	1	5	1000	238020	238021.985	238	939.989	3	2	4	5	1	32451	0	1000	776	410	0	3	2	4	5	1	1414	1558	1726	1892	1978	6000	5000	1	1	1	1	1	1
8	42	1	5	1000	243020	243021.988	243	938.006	3	5	1	2	4	35124	0	1000	642	348	0	3	5	1	2	4	1352	1488	1594	1702	1834	6000	5000	1	1	1	1	1	1
8	43	1	5	1000	248020	248020.002	248	934.004	3	5	1	2	4	35124	0	1000	614	364	0	3	5	1	2	4	1368	1498	1620	1704	1830	6000	5000	1	1	1	1	1	1
8	44	1	5	1000	253020	253020.011	253	931.998	1	4	5	2	3	14523	0	1000	718	448	1	1	4	5	2	4	1452	1640	1748	1906	2040	6000	5000	0	1	1	1	1	1
8	45	0	5	1000	258020	258021.968	258	933.98	3	5	1	2	4	35124	0	1000	718	490	0	3	5	1	2	4	1494	1602	1764	1804	1948	6000	5000	1	1	1	1	1	1
8	46	1	5	1000	263020	263021.987	263	930.017	3	2	4	5	1	32451	0	1000	808	448	0	3	2	4	5	1	1452	1628	1766	1934	2018	6000	5000	1	1	1	1	1	1
8	47	1	5	1000	268020	268021.987	268	928	3	2	4	5	1	32451	0	1000	776	442	0	3	2	4	5	1	1446	1628	1780	1938	2020	6000	5000	1	1	1	1	1	1
8	48	0	5	1000	273020	273021.996	273	928.007	3	5	1	2	4	35124	0	1000	688	372	0	3	5	1	2	4	1376	1496	1654	1742	1884	6000	5000	1	1	1	1	1	1
8	49	1	5	1000	278020	278021.994	278	925.988	3	5	1	2	4	35124	0	1000	636	466	0	3	5	1	2	4	1470	1622	1726	1800	1950	6000	5000	1	1	1	1	1	1
8	50	0	5	1000	283020	283020.007	283	921.992	3	5	1	2	4	35124	0	1000	570	466	0	3	5	1	2	4	1470	1598	1708	1758	1894	6000	5000	1	1	1	1	1	1
8	51	0	5	1000	288020	288020.006	288	920.009	1	4	5	2	3	14523	0	16000	896	424	0	1	4	5	2	3	1428	1646	1810	1976	2094	6000	5000	1	1	1	1	1	1
8	52	0	5	1000	308020	308021.998	308	915.97	1	4	5	2	3	14523	0	1000	682	440	0	1	4	5	2	3	1444	1606	1718	1866	1948	6000	5000	1	1	1	1	1	1
8	53	1	5	1000	313020	313021.99	313	914.022	1	3	2	5	4	13254	0	1000	0	426	0	1	3	2	5	4	1430	1580	1766	1866	1952	6000	5000	0	1	1	1	1	1
8	54	0	5	1000	318020	318021.989	318	911.99	3	5	1	2	4	35124	0	1000	0	348	0	3	5	1	2	4	2960	3094	3234	3316	3454	6000	5000	0	1	1	1	1	1
8	55	1	5	1000	323020	323021.987	323	910.019	1	3	2	5	4	13254	0	1000	0	476	0	1	3	2	5	4	1480	1600	1770	1894	1980	6000	5000	0	1	1	1	1	1
8	56	0	5	1000	328020	328021.998	328	907.997	1	4	5	2	3	14523	0	1000	688	330	0	1	4	5	2	3	1334	1514	1622	1776	1848	6000	5000	1	1	1	1	1	1
8	57	0	5	1000	333020	333021.99	333	906.022	1	3	2	5	4	13254	0	1000	1146	336	0	1	3	2	5	4	1340	1462	1612	1732	1810	6000	5000	1	1	1	1	1	1
8	58	0	5	1000	338020	338021.995	338	904.025	1	3	2	5	4	13254	0	1000	1266	372	1	1	3	2	4	4	1376	1486	1640	1916	2434	6000	5000	0	1	1	1	1	1
8	59	1	5	1000	343020	343020.019	343	902.039	1	3	2	5	4	13254	0	1000	752	434	0	1	3	2	5	4	1438	1604	1768	1918	2002	6000	5000	1	1	1	1	1	1
8	60	0	5	1000	348020	348021.968	348	901.978	3	2	4	5	1	32451	0	1000	630	484	0	3	2	4	5	1	1488	1622	1780	1942	1982	6000	5000	1	1	1	1	1	1
8	61	0	5	1000	353020	353020.018	353	898.016	3	5	1	2	4	35124	0	1000	680	556	0	3	5	1	2	4	1560	1692	1818	1908	2068	6000	5000	1	1	1	1	1	1
8	62	0	5	1000	358020	358021.989	358	897.999	3	5	1	2	4	35124	0	1000	660	358	0	3	5	1	2	4	1362	1548	1618	1696	1830	6000	5000	1	1	1	1	1	1
8	63	0	5	1000	363020	363021.968	363	895.977	1	3	2	5	4	13254	0	1000	902	538	0	1	3	2	5	4	1542	1758	1930	2190	2262	6000	5000	1	1	1	1	1	1
8	64	0	5	1000	368020	368022.007	368	893.998	1	4	5	2	3	14523	0	1000	640	344	0	1	4	5	2	3	1348	1482	1624	1746	1816	6000	5000	1	1	1	1	1	1
8	65	1	5	1000	373020	373021.985	373	891.969	1	4	5	2	3	14523	0	1000	616	338	0	1	4	5	2	3	1342	1506	1614	1708	1798	6000	5000	1	1	1	1	1	1
8	66	1	5	1000	378020	378021.97	378	891.952	3	2	4	5	1	32451	0	1000	788	346	0	3	2	4	5	1	1350	1470	1686	1834	1902	6000	5000	1	1	1	1	1	1
8	67	1	5	1000	383020	383021.969	383	889.982	1	3	2	5	4	13254	0	1000	660	380	0	1	3	2	5	4	1384	1510	1652	1774	1858	6000	5000	1	1	1	1	1	1
8	68	1	5	1000	388020	388021.999	388	888.004	1	4	5	2	3	14523	0	16000	754	338	0	1	4	5	2	3	1342	1480	1608	1730	1806	6000	5000	1	1	1	1	1	1
9	1	0	5	1000	8020	8020.005	9	15.973	3	2	4	5	1	32451	0	15000	928	568	0	3	2	4	5	1	1572	1788	1952	2102	2230	6000	5000	1	1	1	1	1	1
9	2	1	5	1000	27020	27020.027	28	7.992	3	5	1	2	4	35124	0	30000	720	452	0	3	5	1	2	4	1456	1624	1756	1862	2022	6000	5000	1	1	1	1	1	1
9	3	0	5	1000	61020	61020.024	61	998.021	1	3	2	5	4	13254	0	21000	814	442	0	1	3	2	5	4	1446	1670	1832	1982	2074	6000	5000	1	1	1	1	1	1
9	4	1	5	1000	86020	86020.029	86	989.975	1	4	5	2	3	14523	0	12000	738	472	0	1	4	5	2	3	1476	1672	1766	1926	2040	6000	5000	1	1	1	1	1	1
9	5	0	5	1000	102020	102020.032	102	984.001	3	5	1	2	4	35124	0	18000	652	566	0	3	5	1	2	4	1570	1692	1862	1928	2072	6000	5000	1	1	1	1	1	1
9	6	1	5	1000	124020	124020.025	124	976.024	3	2	4	5	1	32451	0	27000	824	380	0	3	2	4	5	1	1384	1550	1718	1872	1958	6000	5000	1	1	1	1	1	1
9	7	0	5	1000	155020	155020.025	155	966.022	1	4	5	2	3	14523	0	24000	676	418	0	1	4	5	2	3	1422	1584	1674	1828	1930	6000	5000	1	1	1	1	1	1
9	8	1	5	1000	183020	183020.02	183	956.021	1	3	2	5	4	13254	0	9000	1166	470	0	1	3	2	5	4	1474	1618	1770	1918	2024	6000	5000	1	1	1	1	1	1
9	9	0	5	1000	196020	196020.031	196	952.031	3	2	4	5	1	32451	0	18000	742	476	0	3	2	4	5	1	1480	1640	1798	1942	2028	6000	5000	1	1	1	1	1	1
9	10	1	5	1000	218020	218020.021	218	944	3	5	1	2	4	35124	0	27000	664	458	0	3	5	1	2	4	1462	1584	1720	1816	1976	6000	5000	1	1	1	1	1	1
9	11	0	5	1000	249020	249020.033	249	932.029	1	3	2	5	4	13254	0	21000	1366	542	0	1	3	2	5	4	1546	1756	1892	2066	2196	6000	5000	1	1	1	1	1	1
9	12	1	5	1000	274020	274020.027	274	924.008	1	4	5	2	3	14523	0	15000	676	424	0	1	4	5	2	3	1428	1594	1722	1866	1966	6000	5000	1	1	1	1	1	1
9	13	0	5	1000	293020	293020.021	293	917.999	3	5	1	2	4	35124	0	24000	618	402	0	3	5	1	2	4	1406	1522	1662	1736	1850	6000	5000	1	1	1	1	1	1
9	14	1	5	1000	321020	321020.002	321	908.003	3	2	4	5	1	32451	0	9000	788	444	0	3	2	4	5	1	1448	1614	1780	1936	2008	6000	5000	1	1	1	1	1	1
9	15	0	5	1000	334020	334020.023	334	904.001	1	4	5	2	3	14523	0	12000	638	418	0	1	4	5	2	3	1422	1572	1660	1810	1886	6000	5000	1	1	1	1	1	1
9	16	1	5	1000	350020	350020.002	350	897.968	1	3	2	5	4	13254	0	30000	672	452	0	1	3	2	5	4	1456	1582	1744	1872	1982	6000	5000	1	1	1	1	1	1