BN	TN	seqType	Horizon	PrepTime	startTime	startTimeReal	startTRReal	startTRtime	press0	press1	press2	press3	press4	cueP	complete	iti	MT	RT	isError	response0	response1	response2	response3	response4	pressTime0	pressTime1	pressTime2	pressTime3	pressTime4	timeThreshold	timeThresholdSuper	points	Gain1	Gain2	Gain3	Gain4	Gain5	
1	1	1	5	1000	8020.000	8020.996	9	20.996	1	3	2	5	4	13254	0	1000	1436.000	938.000	0	1	3	2	5	4	1942.000	2348.000	2652.000	2910.000	3184.000	6000.000	5000.000	1	1.000	1.000	1.000	1.000	1.000	-842150451	
1	2	0	5	1000	13020.000	13021.014	14	21.014	1	3	2	5	4	13254	0	1000	1480.000	428.000	0	1	3	2	5	4	1432.000	1928.000	2222.000	2438.000	2694.000	6000.000	5000.000	1	1.000	1.000	1.000	1.000	1.000	-842150451	
1	3	0	5	1000	18020.000	18021.004	19	21.004	1	4	5	2	3	14523	0	1000	1346.000	334.000	0	1	4	5	2	3	1832.000	2148.000	2462.000	2770.000	2966.000	6000.000	5000.000	1	1.000	1.000	1.000	1.000	1.000	-842150451	
1	4	0	5	1000	23020.000	23021.006	24	21.006	1	3	2	5	4	13254	0	1000	1264.000	280.000	0	1	3	2	5	4	1284.000	1604.000	1888.000	2118.000	2370.000	6000.000	5000.000	1	1.000	1.000	1.000	1.000	1.000	-842150451	
1	5	1	5	1000	28020.000	28021.001	29	21.001	1	4	5	2	3	14523	0	1000	1230.000	580.000	0	1	4	5	2	3	1584.000	1858.000	2100.000	2380.000	2648.000	6000.000	5000.000	1	1.000	1.000	1.000	1.000	1.000	-842150451	
1	6	0	5	1000	33020.000	33020.983	34	20.983	3	5	1	2	4	35124	0	1000	1378.000	514.000	0	3	5	1	2	4	1518.000	1828.000	2104.000	2408.000	2686.000	6000.000	5000.000	1	1.000	1.000	1.000	1.000	1.000	-842150451	
1	7	1	5	1000	38020.000	38020.981	39	20.981	1	4	5	2	3	14523	0	1000	1240.000	302.000	0	1	4	5	2	3	1306.000	1600.000	1836.000	2108.000	2386.000	6000.000	5000.000	1	1.000	1.000	1.000	1.000	1.000	-842150451	
1	8	1	5	1000	43020.000	43021.000	44	21.000	3	2	4	5	1	32451	0	1000	1234.000	290.000	0	3	2	4	5	1	1294.000	1552.000	1806.000	2052.000	2276.000	6000.000	5000.000	1	1.000	1.000	1.000	1.000	1.000	-842150451	
1	9	1	5	1000	48020.000	48021.013	49	21.013	3	5	1	2	4	35124	0	1000	1242.000	322.000	0	3	5	1	2	4	1326.000	1556.000	1806.000	2092.000	2354.000	6000.000	5000.000	1	1.000	1.000	1.000	1.000	1.000	-842150451	
1	10	1	5	1000	53020.000	53021.002	54	21.002	3	5	1	2	4	35124	0	1000	1144.000	292.000	0	3	5	1	2	4	1296.000	1508.000	1730.000	1976.000	2198.000	6000.000	5000.000	1	1.000	1.000	1.000	1.000	1.000	-842150451	
1	11	0	5	1000	58020.000	58021.006	59	21.006	1	4	5	2	3	14523	0	1000	1208.000	394.000	0	1	4	5	2	3	1398.000	1670.000	1920.000	2158.000	2436.000	6000.000	5000.000	1	1.000	1.000	1.000	1.000	1.000	-842150451	
1	12	1	5	1000	63020.000	63021.001	64	21.001	1	3	2	5	4	13254	0	1000	1270.000	396.000	0	1	3	2	5	4	1400.000	1674.000	1936.000	2198.000	2480.000	6000.000	5000.000	1	1.000	1.000	1.000	1.000	1.000	-842150451	
1	13	1	5	1000	68020.000	68020.998	69	20.998	3	5	1	2	4	35124	0	1000	1268.000	294.000	0	3	5	1	2	4	1298.000	1544.000	1788.000	2056.000	2354.000	6000.000	5000.000	1	1.000	1.000	1.000	1.000	1.000	-842150451	
1	14	1	5	1000	73020.000	73020.999	74	20.999	1	3	2	5	4	13254	0	1000	1322.000	348.000	0	1	3	2	5	4	1352.000	1618.000	1866.000	2160.000	2432.000	6000.000	5000.000	1	1.000	1.000	1.000	1.000	1.000	-842150451	
1	15	0	5	1000	78020.000	78020.999	79	20.999	3	2	4	5	1	32451	0	1000	1292.000	358.000	0	3	2	4	5	1	1362.000	1624.000	1878.000	2124.000	2386.000	6000.000	5000.000	1	1.000	1.000	1.000	1.000	1.000	-842150451	
1	16	1	5	1000	83020.000	83021.015	84	21.015	3	2	4	5	1	32451	0	1000	1200.000	348.000	0	3	2	4	5	1	1352.000	1592.000	1826.000	2076.000	2292.000	6000.000	5000.000	1	1.000	1.000	1.000	1.000	1.000	-842150451	
1	17	1	5	1000	88020.000	88021.000	89	21.000	3	2	4	5	1	32451	0	16000	1136.000	308.000	0	3	2	4	5	1	1312.000	1548.000	1768.000	2008.000	2220.000	6000.000	5000.000	1	1.000	1.000	1.000	1.000	1.000	-842150451	
1	18	1	5	1000	108020.000	108020.991	109	20.991	3	2	4	5	1	32451	0	1000	1160.000	624.000	0	3	2	4	5	1	1628.000	1852.000	2076.000	2310.000	2554.000	6000.000	5000.000	1	1.000	1.000	1.000	1.000	1.000	-842150451	
1	19	0	5	1000	113020.000	113020.999	114	20.999	3	5	1	2	4	35124	0	1000	1120.000	418.000	0	3	5	1	2	4	1422.000	1656.000	1878.000	2132.000	2366.000	6000.000	5000.000	1	1.000	1.000	1.000	1.000	1.000	-842150451	
1	20	0	5	1000	118020.000	118020.997	119	20.997	3	5	1	2	4	35124	0	1000	1154.000	348.000	0	3	5	1	2	4	1352.000	1570.000	1812.000	2088.000	2332.000	6000.000	5000.000	1	1.000	1.000	1.000	1.000	1.000	-842150451	
1	21	0	5	1000	123020.000	123020.999	124	20.999	1	3	2	5	4	13254	0	1000	1170.000	264.000	0	1	3	2	5	4	1268.000	1568.000	1806.000	2030.000	2262.000	6000.000	5000.000	1	1.000	1.000	1.000	1.000	1.000	-842150451	
1	22	1	5	1000	128020.000	128021.011	129	21.011	1	3	2	5	4	13254	0	1000	1088.000	382.000	0	1	3	2	5	4	1386.000	1628.000	1870.000	2080.000	2296.000	6000.000	5000.000	1	1.000	1.000	1.000	1.000	1.000	-842150451	
1	23	0	5	1000	133020.000	133021.001	134	21.001	1	4	5	2	3	14523	0	1000	1062.000	344.000	0	1	4	5	2	3	1348.000	1576.000	1800.000	2036.000	2280.000	6000.000	5000.000	1	1.000	1.000	1.000	1.000	1.000	-842150451	
1	24	0	5	1000	138020.000	138020.999	139	20.999	3	2	4	5	1	32451	0	1000	1166.000	342.000	0	3	2	4	5	1	1346.000	1592.000	1832.000	2052.000	2278.000	6000.000	5000.000	1	1.000	1.000	1.000	1.000	1.000	-842150451	
1	25	0	5	1000	143020.000	143020.997	144	20.997	1	4	5	2	3	14523	0	1000	1078.000	308.000	0	1	4	5	2	3	1312.000	1550.000	1764.000	2032.000	2266.000	6000.000	5000.000	1	1.000	1.000	1.000	1.000	1.000	-842150451	
1	26	1	5	1000	148020.000	148021.001	149	21.001	3	2	4	5	1	32451	0	1000	1074.000	308.000	0	3	2	4	5	1	1312.000	1528.000	1732.000	1972.000	2150.000	6000.000	5000.000	1	1.000	1.000	1.000	1.000	1.000	-842150451	
1	27	0	5	1000	153020.000	153020.988	154	20.988	1	3	2	5	4	13254	0	1000	1352.000	352.000	0	1	3	2	5	4	1356.000	1656.000	1938.000	2282.000	2522.000	6000.000	5000.000	1	1.000	1.000	1.000	1.000	1.000	-842150451	
1	28	1	5	1000	158020.000	158020.999	159	20.999	3	5	1	2	4	35124	0	1000	1104.000	332.000	0	3	5	1	2	4	1336.000	1538.000	1778.000	2032.000	2268.000	6000.000	5000.000	1	1.000	1.000	1.000	1.000	1.000	-842150451	
1	29	0	5	1000	163020.000	163021.008	164	21.008	3	5	1	2	4	35124	0	1000	1156.000	322.000	0	3	5	1	2	4	1326.000	1582.000	1814.000	2064.000	2298.000	6000.000	5000.000	1	1.000	1.000	1.000	1.000	1.000	-842150451	
1	30	1	5	1000	168020.000	168021.000	169	21.000	1	3	2	5	4	13254	0	1000	1138.000	330.000	0	1	3	2	5	4	1334.000	1602.000	1832.000	2076.000	2316.000	6000.000	5000.000	1	1.000	1.000	1.000	1.000	1.000	-842150451	
1	31	1	5	1000	173020.000	173021.010	174	21.010	3	2	4	5	1	32451	0	1000	1184.000	312.000	0	3	2	4	5	1	1316.000	1540.000	1784.000	2016.000	2246.000	6000.000	5000.000	1	1.000	1.000	1.000	1.000	1.000	-842150451	
1	32	0	5	1000	178020.000	178021.020	179	21.020	1	4	5	2	3	14523	0	1000	1156.000	338.000	0	1	4	5	2	3	1342.000	1624.000	1886.000	2120.000	2354.000	6000.000	5000.000	1	1.000	1.000	1.000	1.000	1.000	-842150451	
1	33	0	5	1000	183020.000	183020.999	184	20.999	1	4	5	2	3	14523	0	1000	1196.000	346.000	0	1	4	5	2	3	1350.000	1656.000	1908.000	2140.000	2416.000	6000.000	5000.000	1	1.000	1.000	1.000	1.000	1.000	-842150451	
1	34	1	5	1000	188020.000	188021.030	189	21.030	3	5	1	2	4	35124	0	16000	1162.000	312.000	0	3	5	1	2	4	1316.000	1538.000	1776.000	2066.000	2302.000	6000.000	5000.000	1	1.000	1.000	1.000	1.000	1.000	-842150451	
1	35	1	5	1000	208020.000	208021.001	209	21.001	3	5	1	2	4	35124	0	1000	1098.000	384.000	0	3	5	1	2	4	1388.000	1602.000	1824.000	2084.000	2298.000	6000.000	5000.000	1	1.000	1.000	1.000	1.000	1.000	-842150451	
1	36	1	5	1000	213020.000	213021.031	214	21.031	1	4	5	2	3	14523	0	1000	1056.000	308.000	0	1	4	5	2	3	1312.000	1548.000	1762.000	2002.000	2234.000	6000.000	5000.000	1	1.000	1.000	1.000	1.000	1.000	-842150451	
1	37	0	5	1000	218020.000	218020.996	219	20.996	1	4	5	2	3	14523	0	1000	1054.000	372.000	0	1	4	5	2	3	1376.000	1622.000	1836.000	2060.000	2282.000	6000.000	5000.000	1	1.000	1.000	1.000	1.000	1.000	-842150451	
1	38	0	5	1000	223020.000	223021.013	224	21.013	3	5	1	2	4	35124	0	1000	1100.000	342.000	0	3	5	1	2	4	1346.000	1570.000	1798.000	2042.000	2266.000	6000.000	5000.000	1	1.000	1.000	1.000	1.000	1.000	-842150451	
