BN	TN	seqType	Horizon	PrepTime	startTime	startTimeReal	startTRReal	startTRtime	press0	press1	press2	press3	press4	cueP	complete	iti	MT	RT	isError	response0	response1	response2	response3	response4	pressTime0	pressTime1	pressTime2	pressTime3	pressTime4	timeThreshold	timeThresholdSuper	points	Gain1	Gain2	Gain3	Gain4	Gain5
1	1	1	5	1000	8020	8020.003	9	16.003	1	3	2	5	4	13254	0	1000	998	366	0	1	3	2	5	4	1370	1576	1796	1986	2168	6000	5000	1	1	1	1	1	1
1	2	1	5	1000	13020	13020.083	14	14.061	3	5	1	2	4	35124	0	1000	866	538	0	3	5	1	2	4	1542	1708	1874	2088	2172	6000	5000	1	1	1	1	1	1
1	3	1	5	1000	18020	18020.034	19	12.044	3	5	1	2	4	35124	0	1000	830	458	0	3	5	1	2	4	1462	1610	1774	1958	2072	6000	5000	1	1	1	1	1	1
1	4	1	5	1000	23020	23020.021	24	10.02	3	2	4	5	1	32451	0	1000	944	480	0	3	2	4	5	1	1484	1714	1858	2052	2236	6000	5000	1	1	1	1	1	1
1	5	1	5	1000	28020	28020.004	29	9.982	1	3	2	5	4	13254	0	1000	926	502	0	1	3	2	5	4	1506	1712	1906	2070	2200	6000	5000	1	1	1	1	1	1
1	6	0	5	1000	33020	33020.084	34	8.083	3	2	4	5	1	32451	0	1000	978	478	0	3	2	4	5	1	1482	1702	1824	2054	2252	6000	5000	1	1	1	1	1	1
1	7	1	5	1000	38020	38021.989	39	7.998	3	5	1	2	4	35124	0	1000	720	472	0	3	5	1	2	4	1476	1598	1746	1924	2020	6000	5000	1	1	1	1	1	1
1	8	0	5	1000	43020	43020.001	44	3.997	1	4	5	2	3	14523	0	1000	698	412	0	1	4	5	2	3	1416	1536	1674	1814	1966	6000	5000	1	1	1	1	1	1
1	9	1	5	1000	48020	48020.002	49	1.998	1	4	5	2	3	14523	0	1000	762	454	0	1	4	5	2	3	1458	1616	1772	1946	2094	6000	5000	1	1	1	1	1	1
1	10	0	5	1000	53020	53020.007	54	0	3	2	4	5	1	32451	0	1000	830	416	0	3	2	4	5	1	1420	1596	1728	1886	2062	6000	5000	1	1	1	1	1	1
1	11	1	5	1000	58020	58020.032	58	999.946	3	2	4	5	1	32451	0	1000	798	466	0	3	2	4	5	1	1470	1640	1756	1904	2076	6000	5000	1	1	1	1	1	1
1	12	1	5	1000	63020	63020.02	63	998.021	3	5	1	2	4	35124	0	1000	758	472	0	3	5	1	2	4	1476	1600	1746	1934	2044	6000	5000	1	1	1	1	1	1
1	13	0	5	1000	68020	68020.013	68	996.024	1	3	2	5	4	13254	0	1000	774	450	0	1	3	2	5	4	1454	1616	1762	1910	2028	6000	5000	1	1	1	1	1	1
1	14	1	5	1000	73020	73020.002	73	993.958	1	4	5	2	3	14523	0	1000	732	528	0	1	4	5	2	3	1532	1674	1830	1992	2138	6000	5000	1	1	1	1	1	1
1	15	1	5	1000	78020	78020.067	78	992.066	3	5	1	2	4	35124	0	1000	786	466	0	3	5	1	2	4	1470	1610	1736	1916	2034	6000	5000	1	1	1	1	1	1
1	16	1	5	1000	83020	83020	83	990.011	1	3	2	5	4	13254	0	1000	818	614	0	1	3	2	5	4	1618	1772	1936	2064	2282	6000	5000	1	1	1	1	1	1
1	17	0	5	1000	88020	88020.002	88	988.001	1	4	5	2	3	14523	0	16000	784	518	0	1	4	5	2	3	1522	1662	1818	1966	2100	6000	5000	1	1	1	1	1	1
1	18	0	5	1000	108020	108020.001	108	981.998	1	4	5	2	3	14523	0	1000	764	490	0	1	4	5	2	3	1494	1652	1804	1964	2124	6000	5000	1	1	1	1	1	1
1	19	1	5	1000	113020	113020.001	113	980.01	3	5	1	2	4	35124	0	1000	732	486	0	3	5	1	2	4	1490	1608	1736	1914	2032	6000	5000	1	1	1	1	1	1
1	20	0	5	1000	118020	118020.002	118	978.001	3	2	4	5	1	32451	0	1000	742	502	0	3	2	4	5	1	1506	1624	1758	1920	2034	6000	5000	1	1	1	1	1	1
1	21	0	5	1000	123020	123020.001	123	975.998	3	2	4	5	1	32451	0	1000	776	498	0	3	2	4	5	1	1502	1670	1772	1956	2016	6000	5000	1	1	1	1	1	1
1	22	0	5	1000	128020	128021.98	128	977.988	1	4	5	2	3	14523	0	1000	656	442	0	1	4	5	2	3	1446	1582	1692	1816	1956	6000	5000	1	1	1	1	1	1
1	23	0	5	1000	133020	133022.006	133	976.006	3	5	1	2	4	35124	0	1000	628	424	0	3	5	1	2	4	1428	1530	1638	1778	1888	6000	5000	1	1	1	1	1	1
1	24	0	5	1000	138020	138020.002	138	972.003	3	2	4	5	1	32451	0	1000	760	526	0	3	2	4	5	1	1530	1656	1768	1936	2060	6000	5000	1	1	1	1	1	1
1	25	1	5	1000	143020	143021.991	143	972.008	1	3	2	5	4	13254	0	1000	732	496	0	1	3	2	5	4	1500	1646	1790	1914	2032	6000	5000	1	1	1	1	1	1
1	26	1	5	1000	148020	148020.003	148	970.014	1	4	5	2	3	14523	0	1000	700	444	0	1	4	5	2	3	1448	1570	1720	1834	1978	6000	5000	1	1	1	1	1	1
1	27	1	5	1000	153020	153020.001	153	965.978	3	2	4	5	1	32451	0	1000	758	568	0	3	2	4	5	1	1572	1722	1852	2008	2146	6000	5000	1	1	1	1	1	1
1	28	1	5	1000	158020	158020.084	158	964.083	3	2	4	5	1	32451	0	1000	786	468	0	3	2	4	5	1	1472	1636	1758	1900	2050	6000	5000	1	1	1	1	1	1
1	29	0	5	1000	163020	163020.001	163	964.002	3	2	4	5	1	32451	0	1000	854	448	0	3	2	4	5	1	1452	1600	1714	1874	2014	6000	5000	1	1	1	1	1	1
1	30	0	5	1000	168020	168021.989	168	963.988	1	3	2	5	4	13254	0	1000	792	594	0	1	3	2	5	4	1598	1732	1884	2036	2184	6000	5000	1	1	1	1	1	1
1	31	0	5	1000	173020	173022	173	961.998	1	3	2	5	4	13254	0	1000	752	480	0	1	3	2	5	4	1484	1614	1764	1908	2030	6000	5000	1	1	1	1	1	1
1	32	0	5	1000	178020	178020.003	178	957.984	3	2	4	5	1	32451	0	1000	786	462	0	3	2	4	5	1	1466	1612	1740	1902	2054	6000	5000	1	1	1	1	1	1
1	33	0	5	1000	183020	183020.001	183	955.998	3	5	1	2	4	35124	0	1000	776	468	0	3	5	1	2	4	1472	1590	1704	1902	2016	6000	5000	1	1	1	1	1	1
1	34	1	5	1000	188020	188020.002	188	953.999	3	5	1	2	4	35124	0	16000	790	454	0	3	5	1	2	4	1458	1586	1708	1888	2016	6000	5000	1	1	1	1	1	1
1	35	1	5	1000	208020	208020.002	208	948	3	5	1	2	4	35124	0	1000	728	578	0	3	5	1	2	4	1582	1722	1848	2012	2132	6000	5000	1	1	1	1	1	1
1	36	1	5	1000	213020	213020.015	213	946.013	1	4	5	2	3	14523	0	1000	764	382	0	1	4	5	2	3	1386	1514	1672	1808	1960	6000	5000	1	1	1	1	1	1
1	37	1	5	1000	218020	218020.003	218	944.005	1	3	2	5	4	13254	0	1000	824	406	0	1	3	2	5	4	1410	1556	1712	1862	1992	6000	5000	1	1	1	1	1	1
1	38	0	5	1000	223020	223020.001	223	942	3	5	1	2	4	35124	0	1000	752	418	0	3	5	1	2	4	1422	1546	1682	1858	1984	6000	5000	1	1	1	1	1	1
1	39	0	5	1000	228020	228020	228	940.011	1	4	5	2	3	14523	0	1000	716	514	0	1	4	5	2	3	1518	1642	1792	1912	2024	6000	5000	1	1	1	1	1	1
1	40	0	5	1000	233020	233020	233	940.01	1	3	2	5	4	13254	0	1000	752	526	0	1	3	2	5	4	1530	1668	1798	1920	2034	6000	5000	1	1	1	1	1	1
1	41	1	5	1000	238020	238021.995	238	939.995	3	2	4	5	1	32451	0	1000	780	470	0	3	2	4	5	1	1474	1610	1718	1866	1988	6000	5000	1	1	1	1	1	1
1	42	0	5	1000	243020	243020.002	243	936	1	4	5	2	3	14523	0	1000	696	404	0	1	4	5	2	3	1408	1518	1672	1790	1912	6000	5000	1	1	1	1	1	1
1	43	0	5	1000	248020	248020.003	248	934.001	1	4	5	2	3	14523	0	1000	654	348	0	1	4	5	2	3	1352	1450	1572	1706	1832	6000	5000	1	1	1	1	1	1
1	44	0	5	1000	253020	253020.003	253	932.003	3	2	4	5	1	32451	0	1000	774	430	0	3	2	4	5	1	1434	1566	1690	1872	1988	6000	5000	1	1	1	1	1	1
1	45	1	5	1000	258020	258021.979	258	933.993	1	4	5	2	3	14523	0	1000	780	426	0	1	4	5	2	3	1430	1562	1716	1852	1988	6000	5000	1	1	1	1	1	1
1	46	0	5	1000	263020	263021.971	263	929.983	1	4	5	2	3	14523	0	1000	718	380	0	1	4	5	2	3	1384	1496	1644	1782	1896	6000	5000	1	1	1	1	1	1
1	47	1	5	1000	268020	268021.97	268	929.985	1	3	2	5	4	13254	0	1000	872	452	0	1	3	2	5	4	1456	1586	1732	1886	2104	6000	5000	1	1	1	1	1	1
1	48	1	5	1000	273020	273021.985	273	928.01	1	3	2	5	4	13254	0	1000	788	448	0	1	3	2	5	4	1452	1598	1746	1866	2052	6000	5000	1	1	1	1	1	1
1	49	1	5	1000	278020	278021.975	278	925.99	3	2	4	5	1	32451	0	1000	790	408	0	3	2	4	5	1	1412	1570	1696	1868	2014	6000	5000	1	1	1	1	1	1
1	50	0	5	1000	283020	283021.988	283	924.012	1	3	2	5	4	13254	0	1000	790	432	0	1	3	2	5	4	1436	1578	1718	1872	1992	6000	5000	1	1	1	1	1	1
1	51	0	5	1000	288020	288021.977	288	921.995	1	4	5	2	3	14523	0	16000	722	554	0	1	4	5	2	3	1558	1686	1856	1982	2108	6000	5000	1	1	1	1	1	1
1	52	0	5	1000	308020	308021.989	308	917.998	1	4	5	2	3	14523	0	1000	738	520	0	1	4	5	2	3	1524	1654	1816	1982	2122	6000	5000	1	1	1	1	1	1
1	53	1	5	1000	313020	313021.995	313	914.023	3	2	4	5	1	32451	0	1000	778	478	0	3	2	4	5	1	1482	1630	1764	1940	2066	6000	5000	1	1	1	1	1	1
1	54	1	5	1000	318020	318021.977	318	912.005	1	4	5	2	3	14523	0	1000	730	408	0	1	4	5	2	3	1412	1534	1708	1852	1992	6000	5000	1	1	1	1	1	1
1	55	0	5	1000	323020	323021.973	323	909.998	3	5	1	2	4	35124	0	1000	738	422	0	3	5	1	2	4	1426	1540	1648	1822	1922	6000	5000	1	1	1	1	1	1
1	56	1	5	1000	328020	328021.991	328	910.01	3	2	4	5	1	32451	0	1000	838	450	0	3	2	4	5	1	1454	1598	1710	1904	2060	6000	5000	1	1	1	1	1	1
1	57	0	5	1000	333020	333021.973	333	905.999	3	5	1	2	4	35124	0	1000	770	318	0	3	5	1	2	4	1322	1466	1586	1756	1876	6000	5000	1	1	1	1	1	1
1	58	1	5	1000	338020	338021.989	338	904.017	1	4	5	2	3	14523	0	1000	732	498	0	1	4	5	2	3	1502	1626	1788	1902	2052	6000	5000	1	1	1	1	1	1
1	59	1	5	1000	343020	343021.984	343	903.997	1	4	5	2	3	14523	0	1000	684	356	0	1	4	5	2	3	1360	1484	1636	1748	1866	6000	5000	1	1	1	1	1	1
1	60	0	5	1000	348020	348021.979	348	902.002	1	3	2	5	4	13254	0	1000	720	450	0	1	3	2	5	4	1454	1578	1722	1842	1966	6000	5000	1	1	1	1	1	1
1	61	1	5	1000	353020	353021.978	353	900.004	3	5	1	2	4	35124	0	1000	634	468	0	3	5	1	2	4	1472	1578	1694	1826	1940	6000	5000	1	1	1	1	1	1
1	62	0	5	1000	358020	358021.989	358	897.983	3	5	1	2	4	35124	0	1000	654	482	0	3	5	1	2	4	1486	1604	1718	1856	1954	6000	5000	1	1	1	1	1	1
1	63	0	5	1000	363020	363021.974	363	896.004	3	5	1	2	4	35124	0	1000	708	494	0	3	5	1	2	4	1498	1598	1726	1900	1968	6000	5000	1	1	1	1	1	1
1	64	1	5	1000	368020	368021.974	368	893.98	1	3	2	5	4	13254	0	1000	788	450	0	1	3	2	5	4	1454	1568	1752	1902	2042	6000	5000	1	1	1	1	1	1
1	65	0	5	1000	373020	373022.002	373	892.022	1	3	2	5	4	13254	0	1000	752	422	0	1	3	2	5	4	1426	1562	1718	1856	1968	6000	5000	1	1	1	1	1	1
1	66	0	5	1000	378020	378021.988	378	892.016	3	5	1	2	4	35124	0	1000	742	538	0	3	5	1	2	4	1542	1666	1788	1972	2106	6000	5000	1	1	1	1	1	1
1	67	0	5	1000	383020	383021.977	383	890.002	1	3	2	5	4	13254	0	1000	694	540	0	1	3	2	5	4	1544	1678	1810	1940	2054	6000	5000	1	1	1	1	1	1
1	68	1	5	1000	388020	388021.98	388	887.986	1	3	2	5	4	13254	0	16000	704	442	0	1	3	2	5	4	1446	1566	1704	1844	1946	6000	5000	1	1	1	1	1	1
2	1	1	5	1000	8020	8020.022	9	16.011	1	4	5	2	3	14523	0	1000	688	458	0	1	4	5	2	3	1462	1586	1742	1878	2016	6000	5000	1	1	1	1	1	1
2	2	1	5	1000	13020	13020.002	14	14.011	1	3	2	5	4	13254	0	1000	662	460	0	1	3	2	5	4	1464	1586	1716	1834	1924	6000	5000	1	1	1	1	1	1
2	3	1	5	1000	18020	18021.993	19	13.994	1	4	5	2	3	14523	0	1000	638	416	0	1	4	5	2	3	1420	1526	1668	1766	1890	6000	5000	1	1	1	1	1	1
2	4	0	5	1000	23020	23020.002	24	9.989	3	2	4	5	1	32451	0	1000	772	364	0	3	2	4	5	1	1368	1496	1620	1776	1894	6000	5000	1	1	1	1	1	1
2	5	1	5	1000	28020	28022	29	10	3	2	4	5	1	32451	0	1000	714	380	0	3	2	4	5	1	1384	1504	1590	1776	1892	6000	5000	1	1	1	1	1	1
2	6	1	5	1000	33020	33022	34	8.009	3	5	1	2	4	35124	0	1000	638	476	0	3	5	1	2	4	1480	1592	1692	1810	1928	6000	5000	1	1	1	1	1	1
2	7	0	5	1000	38020	38020.003	39	4.001	3	2	4	5	1	32451	0	1000	710	462	0	3	2	4	5	1	1466	1596	1710	1840	1966	6000	5000	1	1	1	1	1	1
2	8	0	5	1000	43020	43021.99	44	5.999	3	5	1	2	4	35124	0	1000	642	388	0	3	5	1	2	4	1392	1490	1588	1708	1826	6000	5000	1	1	1	1	1	1
2	9	0	5	1000	48020	48022.005	49	3.995	1	4	5	2	3	14523	0	1000	668	502	0	1	4	5	2	3	1506	1628	1766	1866	2002	6000	5000	1	1	1	1	1	1
2	10	0	5	1000	53020	53020.001	54	0	3	2	4	5	1	32451	0	1000	710	488	0	3	2	4	5	1	1492	1614	1716	1880	1994	6000	5000	1	1	1	1	1	1
2	11	0	5	1000	58020	58020.002	58	998.002	1	4	5	2	3	14523	0	1000	666	438	0	1	4	5	2	3	1442	1554	1690	1808	1940	6000	5000	1	1	1	1	1	1
2	12	1	5	1000	63020	63021.988	63	997.957	1	3	2	5	4	13254	0	1000	716	442	0	1	3	2	5	4	1446	1574	1702	1846	1970	6000	5000	1	1	1	1	1	1
2	13	0	5	1000	68020	68020.023	68	994.02	3	5	1	2	4	35124	0	1000	690	418	0	3	5	1	2	4	1422	1540	1654	1782	1888	6000	5000	1	1	1	1	1	1
2	14	0	5	1000	73020	73022.001	73	995.999	3	2	4	5	1	32451	0	1000	758	384	0	3	2	4	5	1	1388	1516	1648	1824	1916	6000	5000	1	1	1	1	1	1
2	15	1	5	1000	78020	78020.011	78	992.008	1	3	2	5	4	13254	0	1000	722	482	0	1	3	2	5	4	1486	1594	1726	1868	1994	6000	5000	1	1	1	1	1	1
2	16	1	5	1000	83020	83021.989	83	991.979	3	2	4	5	1	32451	0	1000	734	462	0	3	2	4	5	1	1466	1598	1696	1874	1998	6000	5000	1	1	1	1	1	1
2	17	0	5	1000	88020	88021.989	88	989.986	1	4	5	2	3	14523	0	16000	656	404	0	1	4	5	2	3	1408	1524	1668	1788	1910	6000	5000	1	1	1	1	1	1
2	18	0	5	1000	108020	108022	108	984.007	1	4	5	2	3	14523	0	1000	768	468	0	1	4	5	2	3	1472	1594	1758	1914	2072	6000	5000	1	1	1	1	1	1
2	19	0	5	1000	113020	113021.999	113	981.998	1	4	5	2	3	14523	0	1000	642	436	0	1	4	5	2	3	1440	1546	1678	1788	1890	6000	5000	1	1	1	1	1	1
2	20	1	5	1000	118020	118021.998	118	979.998	3	5	1	2	4	35124	0	1000	684	388	0	3	5	1	2	4	1392	1512	1626	1760	1874	6000	5000	1	1	1	1	1	1
2	21	0	5	1000	123020	123020.031	123	976.039	1	3	2	5	4	13254	0	1000	696	414	0	1	3	2	5	4	1418	1534	1658	1784	1904	6000	5000	1	1	1	1	1	1
2	22	0	5	1000	128020	128020.001	128	973.986	1	3	2	5	4	13254	0	1000	650	424	0	1	3	2	5	4	1428	1528	1664	1786	1878	6000	5000	1	1	1	1	1	1
2	23	1	5	1000	133020	133021.999	133	974.002	1	3	2	5	4	13254	0	1000	680	388	0	1	3	2	5	4	1392	1508	1642	1760	1878	6000	5000	1	1	1	1	1	1
2	24	0	5	1000	138020	138020.001	138	971.981	1	3	2	5	4	13254	0	1000	694	356	0	1	3	2	5	4	1360	1444	1586	1718	1830	6000	5000	1	1	1	1	1	1
2	25	1	5	1000	143020	143022	143	971.989	3	2	4	5	1	32451	0	1000	778	482	0	3	2	4	5	1	1486	1614	1728	1884	2014	6000	5000	1	1	1	1	1	1
2	26	1	5	1000	148020	148020.003	148	967.983	3	2	4	5	1	32451	0	1000	772	504	0	3	2	4	5	1	1508	1662	1780	1964	2082	6000	5000	1	1	1	1	1	1
2	27	0	5	1000	153020	153021.999	153	967.995	3	5	1	2	4	35124	0	1000	728	518	0	3	5	1	2	4	1522	1676	1784	1928	2070	6000	5000	1	1	1	1	1	1
2	28	0	5	1000	158020	158022	158	966.002	3	5	1	2	4	35124	0	1000	680	516	0	3	5	1	2	4	1520	1654	1734	1856	1990	6000	5000	1	1	1	1	1	1
2	29	0	5	1000	163020	163020	163	962.011	1	3	2	5	4	13254	0	1000	688	612	0	1	3	2	5	4	1616	1752	1890	2000	2108	6000	5000	1	1	1	1	1	1
2	30	0	5	1000	168020	168020.001	168	960.002	3	2	4	5	1	32451	0	1000	678	496	0	3	2	4	5	1	1500	1622	1734	1880	1990	6000	5000	1	1	1	1	1	1
2	31	0	5	1000	173020	173021.989	173	961.998	1	3	2	5	4	13254	0	1000	674	438	0	1	3	2	5	4	1442	1584	1718	1830	1946	6000	5000	1	1	1	1	1	1
2	32	1	5	1000	178020	178020.003	178	958.014	1	4	5	2	3	14523	0	1000	666	614	0	1	4	5	2	3	1618	1738	1894	1998	2106	6000	5000	1	1	1	1	1	1
2	33	1	5	1000	183020	183020	183	956.01	1	4	5	2	3	14523	0	1000	680	448	0	1	4	5	2	3	1452	1576	1754	1828	1954	6000	5000	1	1	1	1	1	1
2	34	0	5	1000	188020	188020.012	188	954.013	1	3	2	5	4	13254	0	16000	732	528	0	1	3	2	5	4	1532	1662	1796	1930	2030	6000	5000	1	1	1	1	1	1
2	35	0	5	1000	208020	208020.002	208	947.968	1	3	2	5	4	13254	0	1000	778	518	0	1	3	2	5	4	1522	1682	1814	1962	2078	6000	5000	1	1	1	1	1	1
2	36	1	5	1000	213020	213020.001	213	945.997	3	5	1	2	4	35124	0	1000	692	426	0	3	5	1	2	4	1430	1540	1658	1794	1920	6000	5000	1	1	1	1	1	1
2	37	1	5	1000	218020	218022.019	218	946.001	1	3	2	5	4	13254	0	1000	742	562	0	1	3	2	5	4	1566	1710	1846	1974	2116	6000	5000	1	1	1	1	1	1
2	38	0	5	1000	223020	223021.989	223	943.982	1	4	5	2	3	14523	0	1000	640	452	0	1	4	5	2	3	1456	1570	1690	1812	1918	6000	5000	1	1	1	1	1	1
2	39	0	5	1000	228020	228021.991	228	941.999	3	5	1	2	4	35124	0	1000	630	392	0	3	5	1	2	4	1396	1512	1596	1714	1808	6000	5000	1	1	1	1	1	1
2	40	1	5	1000	233020	233021.989	233	939.969	1	4	5	2	3	14523	0	1000	664	386	0	1	4	5	2	3	1390	1504	1650	1768	1870	6000	5000	1	1	1	1	1	1
2	41	1	5	1000	238020	238020.005	238	938.016	3	2	4	5	1	32451	0	1000	658	448	0	3	2	4	5	1	1452	1564	1662	1820	1924	6000	5000	1	1	1	1	1	1
2	42	1	5	1000	243020	243021.976	243	937.992	1	4	5	2	3	14523	0	1000	638	418	0	1	4	5	2	3	1422	1540	1666	1784	1904	6000	5000	1	1	1	1	1	1
2	43	0	5	1000	248020	248021.971	248	935.98	3	5	1	2	4	35124	0	1000	594	486	0	3	5	1	2	4	1490	1616	1684	1816	1922	6000	5000	1	1	1	1	1	1
2	44	1	5	1000	253020	253021.976	253	934.001	1	3	2	5	4	13254	0	1000	678	576	0	1	3	2	5	4	1580	1724	1846	1956	2056	6000	5000	1	1	1	1	1	1
2	45	0	5	1000	258020	258021.972	258	931.998	3	2	4	5	1	32451	0	1000	674	522	0	3	2	4	5	1	1526	1644	1752	1912	2012	6000	5000	1	1	1	1	1	1
2	46	0	5	1000	263020	263021.972	263	929.997	3	2	4	5	1	32451	0	1000	678	436	0	3	2	4	5	1	1440	1548	1646	1816	1896	6000	5000	1	1	1	1	1	1
2	47	1	5	1000	268020	268021.973	268	927.999	1	4	5	2	3	14523	0	1000	634	472	0	1	4	5	2	3	1476	1588	1724	1832	1940	6000	5000	1	1	1	1	1	1
2	48	1	5	1000	273020	273021.974	273	928.001	3	5	1	2	4	35124	0	1000	626	532	0	3	5	1	2	4	1536	1636	1752	1878	1978	6000	5000	1	1	1	1	1	1
2	49	1	5	1000	278020	278021.972	278	925.997	3	5	1	2	4	35124	0	1000	588	480	0	3	5	1	2	4	1484	1590	1682	1794	1900	6000	5000	1	1	1	1	1	1
2	50	1	5	1000	283020	283021.973	283	923.997	1	4	5	2	3	14523	0	1000	628	394	0	1	4	5	2	3	1398	1510	1628	1754	1862	6000	5000	1	1	1	1	1	1
2	51	0	5	1000	288020	288021.978	288	922.004	1	4	5	2	3	14523	0	16000	600	414	0	1	4	5	2	3	1418	1532	1658	1770	1852	6000	5000	1	1	1	1	1	1
2	52	0	5	1000	308020	308021.974	308	916.002	1	4	5	2	3	14523	0	1000	676	478	0	1	4	5	2	3	1482	1600	1730	1858	1950	6000	5000	1	1	1	1	1	1
2	53	0	5	1000	313020	313021.977	313	914.002	1	3	2	5	4	13254	0	1000	1066	452	0	1	3	2	5	4	1456	1622	1760	2138	2334	6000	5000	1	1	1	1	1	1
2	54	0	5	1000	318020	318021.972	318	911.981	3	5	1	2	4	35124	0	1000	704	442	0	3	5	1	2	4	1446	1572	1674	1832	1952	6000	5000	1	1	1	1	1	1
2	55	1	5	1000	323020	323021.97	323	909.999	3	5	1	2	4	35124	0	1000	666	390	0	3	5	1	2	4	1394	1516	1638	1760	1874	6000	5000	1	1	1	1	1	1
2	56	0	5	1000	328020	328021.975	328	908.004	3	5	1	2	4	35124	0	1000	632	390	0	3	5	1	2	4	1394	1512	1604	1752	1848	6000	5000	1	1	1	1	1	1
2	57	1	5	1000	333020	333021.988	333	905.997	3	2	4	5	1	32451	0	1000	806	442	0	3	2	4	5	1	1446	1604	1704	1866	1980	6000	5000	1	1	1	1	1	1
2	58	0	5	1000	338020	338022.002	338	906.011	3	2	4	5	1	32451	0	1000	784	448	0	3	2	4	5	1	1452	1608	1700	1862	1982	6000	5000	1	1	1	1	1	1
2	59	1	5	1000	343020	343021.992	343	904.002	3	5	1	2	4	35124	0	1000	652	422	0	3	5	1	2	4	1426	1540	1654	1794	1896	6000	5000	1	1	1	1	1	1
2	60	1	5	1000	348020	348022.026	348	902.039	3	2	4	5	1	32451	0	1000	730	414	0	3	2	4	5	1	1418	1540	1628	1818	1902	6000	5000	1	1	1	1	1	1
2	61	1	5	1000	353020	353021.986	353	899.99	1	3	2	5	4	13254	0	1000	704	382	0	1	3	2	5	4	1386	1526	1658	1766	1890	6000	5000	1	1	1	1	1	1
2	62	1	5	1000	358020	358022.013	358	898.036	1	3	2	5	4	13254	0	1000	776	542	0	1	3	2	5	4	1546	1686	1834	1942	2092	6000	5000	1	1	1	1	1	1
2	63	1	5	1000	363020	363021.993	363	895.991	3	5	1	2	4	35124	0	1000	658	372	0	3	5	1	2	4	1376	1476	1600	1748	1846	6000	5000	1	1	1	1	1	1
2	64	0	5	1000	368020	368021.989	368	894.002	1	4	5	2	3	14523	0	1000	668	406	0	1	4	5	2	3	1410	1536	1676	1812	1936	6000	5000	1	1	1	1	1	1
2	65	1	5	1000	373020	373022.003	373	893.993	3	2	4	5	1	32451	0	1000	718	424	0	3	2	4	5	1	1428	1552	1656	1816	1942	6000	5000	1	1	1	1	1	1
2	66	0	5	1000	378020	378021.99	378	891.998	1	3	2	5	4	13254	0	1000	736	378	0	1	3	2	5	4	1382	1536	1692	1812	1928	6000	5000	1	1	1	1	1	1
2	67	0	5	1000	383020	383021.994	383	889.992	1	4	5	2	3	14523	0	1000	660	418	0	1	4	5	2	3	1422	1560	1674	1826	1946	6000	5000	1	1	1	1	1	1
2	68	1	5	1000	388020	388021.986	388	887.996	1	4	5	2	3	14523	0	16000	668	466	0	1	4	5	2	3	1470	1600	1746	1892	2002	6000	5000	1	1	1	1	1	1
3	1	0	5	1000	8020	8021.985	9	17.989	1	4	5	2	3	14523	0	1000	706	418	0	1	4	5	2	3	1422	1558	1710	1878	1980	6000	5000	1	1	1	1	1	1
3	2	1	5	1000	13020	13022.077	14	16.092	1	3	2	5	4	13254	0	1000	778	482	0	1	3	2	5	4	1486	1636	1784	1916	2048	6000	5000	1	1	1	1	1	1
3	3	0	5	1000	18020	18021.974	19	13.937	3	2	4	5	1	32451	0	1000	756	484	0	3	2	4	5	1	1488	1594	1708	1908	2022	6000	5000	1	1	1	1	1	1
3	4	1	5	1000	23020	23021.986	24	11.999	1	3	2	5	4	13254	0	1000	724	484	0	1	3	2	5	4	1488	1632	1768	1896	2018	6000	5000	1	1	1	1	1	1
3	5	0	5	1000	28020	28021.985	29	9.999	1	4	5	2	3	14523	0	1000	738	426	0	1	4	5	2	3	1430	1534	1696	1866	1978	6000	5000	1	1	1	1	1	1
3	6	0	5	1000	33020	33021.987	34	7.983	3	2	4	5	1	32451	0	1000	754	498	0	3	2	4	5	1	1502	1642	1776	1934	2066	6000	5000	1	1	1	1	1	1
3	7	1	5	1000	38020	38021.986	39	6.002	3	5	1	2	4	35124	0	1000	640	388	0	3	5	1	2	4	1392	1510	1624	1762	1856	6000	5000	1	1	1	1	1	1
3	8	1	5	1000	43020	43021.987	44	5.991	1	4	5	2	3	14523	0	1000	704	378	0	1	4	5	2	3	1382	1492	1648	1772	1878	6000	5000	1	1	1	1	1	1
3	9	1	5	1000	48020	48021.986	49	4.01	1	3	2	5	4	13254	0	1000	766	398	0	1	3	2	5	4	1402	1540	1688	1844	1974	6000	5000	1	1	1	1	1	1
3	10	1	5	1000	53020	53021.983	54	2.008	3	2	4	5	1	32451	0	1000	808	404	0	3	2	4	5	1	1408	1536	1660	1840	1980	6000	5000	1	1	1	1	1	1
3	11	1	5	1000	58020	58021.986	59	0	3	2	4	5	1	32451	0	1000	704	448	0	3	2	4	5	1	1452	1576	1698	1856	1976	6000	5000	1	1	1	1	1	1
3	12	1	5	1000	63020	63021.989	63	997.917	1	3	2	5	4	13254	0	1000	760	440	0	1	3	2	5	4	1444	1572	1734	1882	2024	6000	5000	1	1	1	1	1	1
3	13	1	5	1000	68020	68022	68	998.012	1	4	5	2	3	14523	0	1000	670	420	0	1	4	5	2	3	1424	1526	1676	1824	1922	6000	5000	1	1	1	1	1	1
3	14	1	5	1000	73020	73021.975	73	995.903	3	2	4	5	1	32451	0	1000	668	638	0	3	2	4	5	1	1642	1756	1858	2008	2128	6000	5000	1	1	1	1	1	1
3	15	0	5	1000	78020	78021.987	78	994.001	1	3	2	5	4	13254	0	1000	700	508	0	1	3	2	5	4	1512	1668	1808	1922	2036	6000	5000	1	1	1	1	1	1
3	16	0	5	1000	83020	83021.987	83	992.002	3	2	4	5	1	32451	0	1000	782	428	0	3	2	4	5	1	1432	1592	1732	1876	2028	6000	5000	1	1	1	1	1	1
3	17	1	5	1000	88020	88021.985	88	989.998	3	2	4	5	1	32451	0	16000	736	420	0	3	2	4	5	1	1424	1558	1674	1842	1974	6000	5000	1	1	1	1	1	1
3	18	1	5	1000	108020	108021.977	108	983.992	3	2	4	5	1	32451	0	1000	786	534	0	3	2	4	5	1	1538	1678	1838	2006	2154	6000	5000	1	1	1	1	1	1
3	19	0	5	1000	113020	113021.989	113	982.017	3	5	1	2	4	35124	0	1000	748	424	0	3	5	1	2	4	1428	1564	1682	1862	1988	6000	5000	1	1	1	1	1	1
3	20	0	5	1000	118020	118022.004	118	980.016	3	5	1	2	4	35124	0	1000	666	546	0	3	5	1	2	4	1550	1692	1796	1940	2048	6000	5000	1	1	1	1	1	1
3	21	1	5	1000	123020	123021.985	123	977.998	1	4	5	2	3	14523	0	1000	720	440	0	1	4	5	2	3	1444	1594	1766	1906	2044	6000	5000	1	1	1	1	1	1
3	22	0	5	1000	128020	128020.012	128	974.028	1	3	2	5	4	13254	0	1000	836	596	0	1	3	2	5	4	1600	1808	1948	2112	2260	6000	5000	1	1	1	1	1	1
3	23	0	5	1000	133020	133021.975	133	975.899	1	4	5	2	3	14523	0	1000	638	426	0	1	4	5	2	3	1430	1552	1688	1824	1926	6000	5000	1	1	1	1	1	1
3	24	0	5	1000	138020	138021.986	138	973.998	1	4	5	2	3	14523	0	1000	668	408	0	1	4	5	2	3	1412	1546	1674	1818	1924	6000	5000	1	1	1	1	1	1
3	25	1	5	1000	143020	143021.978	143	971.991	1	4	5	2	3	14523	0	1000	614	450	0	1	4	5	2	3	1454	1586	1704	1822	1918	6000	5000	1	1	1	1	1	1
3	26	0	5	1000	148020	148021.975	148	969.986	3	2	4	5	1	32451	0	1000	682	426	0	3	2	4	5	1	1430	1548	1680	1808	1924	6000	5000	1	1	1	1	1	1
3	27	0	5	1000	153020	153020.005	153	966.031	1	4	5	2	3	14523	0	1000	644	458	0	1	4	5	2	3	1462	1604	1742	1860	1958	6000	5000	1	1	1	1	1	1
3	28	1	5	1000	158020	158021.986	158	965.988	3	2	4	5	1	32451	0	1000	770	436	0	3	2	4	5	1	1440	1578	1718	1862	1958	6000	5000	1	1	1	1	1	1
3	29	1	5	1000	163020	163021.983	163	963.995	1	4	5	2	3	14523	0	1000	670	464	0	1	4	5	2	3	1468	1598	1744	1870	1976	6000	5000	1	1	1	1	1	1
3	30	1	5	1000	168020	168021.987	168	964	1	4	5	2	3	14523	0	1000	706	478	0	1	4	5	2	3	1482	1616	1760	1910	2020	6000	5000	1	1	1	1	1	1
3	31	0	5	1000	173020	173021.982	173	962.005	3	5	1	2	4	35124	0	1000	638	448	0	3	5	1	2	4	1452	1578	1678	1804	1912	6000	5000	1	1	1	1	1	1
3	32	1	5	1000	178020	178020.002	178	958.015	3	2	4	5	1	32451	0	1000	780	354	0	3	2	4	5	1	1358	1494	1624	1796	1934	6000	5000	1	1	1	1	1	1
3	33	0	5	1000	183020	183020.024	183	956.029	3	2	4	5	1	32451	0	1000	704	384	0	3	2	4	5	1	1388	1518	1638	1788	1862	6000	5000	1	1	1	1	1	1
3	34	0	5	1000	188020	188021.986	188	956.002	1	3	2	5	4	13254	0	16000	756	496	0	1	3	2	5	4	1500	1662	1794	1936	2070	6000	5000	1	1	1	1	1	1
3	35	0	5	1000	208020	208020.022	208	948.047	1	3	2	5	4	13254	0	1000	908	446	0	1	3	2	5	4	1450	1636	1776	1978	2194	6000	5000	1	1	1	1	1	1
3	36	1	5	1000	213020	213021.985	213	948.009	3	5	1	2	4	35124	0	1000	738	422	0	3	5	1	2	4	1426	1564	1686	1844	1982	6000	5000	1	1	1	1	1	1
3	37	0	5	1000	218020	218020.009	218	944.022	3	5	1	2	4	35124	0	1000	758	472	0	3	5	1	2	4	1476	1622	1748	1916	2052	6000	5000	1	1	1	1	1	1
3	38	1	5	1000	223020	223021.987	223	943.997	3	5	1	2	4	35124	0	1000	712	422	0	3	5	1	2	4	1426	1552	1668	1830	1956	6000	5000	1	1	1	1	1	1
3	39	1	5	1000	228020	228021.978	228	942.015	3	2	4	5	1	32451	0	1000	794	432	0	3	2	4	5	1	1436	1574	1718	1882	2030	6000	5000	1	1	1	1	1	1
3	40	0	5	1000	233020	233021.983	233	942.009	1	4	5	2	3	14523	0	1000	770	436	0	1	4	5	2	3	1440	1582	1746	1918	2084	6000	5000	1	1	1	1	1	1
3	41	1	5	1000	238020	238021.988	238	940.009	3	5	1	2	4	35124	0	1000	694	460	0	3	5	1	2	4	1464	1590	1704	1844	1972	6000	5000	1	1	1	1	1	1
3	42	0	5	1000	243020	243021.976	243	938.001	3	2	4	5	1	32451	0	1000	742	420	0	3	2	4	5	1	1424	1556	1700	1854	1964	6000	5000	1	1	1	1	1	1
3	43	0	5	1000	248020	248021.989	248	936.011	3	2	4	5	1	32451	0	1000	762	428	0	3	2	4	5	1	1432	1574	1706	1872	1990	6000	5000	1	1	1	1	1	1
3	44	0	5	1000	253020	253022.01	253	934.013	3	5	1	2	4	35124	0	1000	734	552	0	3	5	1	2	4	1556	1686	1812	1968	2102	6000	5000	1	1	1	1	1	1
3	45	0	5	1000	258020	258021.978	258	932.003	1	3	2	5	4	13254	0	1000	836	552	0	1	3	2	5	4	1556	1740	1904	2052	2202	6000	5000	1	1	1	1	1	1
3	46	0	5	1000	263020	263021.997	263	930.022	3	5	1	2	4	35124	0	1000	712	446	0	3	5	1	2	4	1450	1584	1716	1870	1994	6000	5000	1	1	1	1	1	1
3	47	0	5	1000	268020	268021.975	268	929.985	1	4	5	2	3	14523	0	1000	678	404	0	1	4	5	2	3	1408	1550	1680	1820	1942	6000	5000	1	1	1	1	1	1
3	48	0	5	1000	273020	273021.978	273	927.992	1	3	2	5	4	13254	0	1000	812	520	0	1	3	2	5	4	1524	1692	1852	1986	2128	6000	5000	1	1	1	1	1	1
3	49	1	5	1000	278020	278021.972	278	925.987	1	3	2	5	4	13254	0	1000	782	484	0	1	3	2	5	4	1488	1660	1816	1956	2092	6000	5000	1	1	1	1	1	1
3	50	0	5	1000	283020	283021.975	283	924	3	5	1	2	4	35124	0	1000	718	432	0	3	5	1	2	4	1436	1560	1690	1860	1974	6000	5000	1	1	1	1	1	1
3	51	1	5	1000	288020	288021.98	288	921.975	1	3	2	5	4	13254	0	16000	824	398	0	1	3	2	5	4	1402	1574	1710	1856	2008	6000	5000	1	1	1	1	1	1
3	52	1	5	1000	308020	308021.976	308	916.015	1	3	2	5	4	13254	0	1000	808	436	0	1	3	2	5	4	1440	1626	1768	1910	2040	6000	5000	1	1	1	1	1	1
3	53	1	5	1000	313020	313021.978	313	914.003	1	3	2	5	4	13254	0	1000	792	514	0	1	3	2	5	4	1518	1686	1826	1970	2088	6000	5000	1	1	1	1	1	1
3	54	0	5	1000	318020	318021.98	318	912.003	1	3	2	5	4	13254	0	1000	762	476	0	1	3	2	5	4	1480	1668	1780	1916	2028	6000	5000	1	1	1	1	1	1
3	55	1	5	1000	323020	323021.975	323	910.001	3	2	4	5	1	32451	0	1000	718	446	0	3	2	4	5	1	1450	1556	1692	1848	1976	6000	5000	1	1	1	1	1	1
3	56	1	5	1000	328020	328021.988	328	908.012	3	5	1	2	4	35124	0	1000	658	494	0	3	5	1	2	4	1498	1616	1734	1858	1974	6000	5000	1	1	1	1	1	1
3	57	0	5	1000	333020	333021.974	333	907.992	1	3	2	5	4	13254	0	1000	722	476	0	1	3	2	5	4	1480	1652	1776	1902	2008	6000	5000	1	1	1	1	1	1
3	58	0	5	1000	338020	338021.977	338	906.001	1	3	2	5	4	13254	0	1000	746	586	0	1	3	2	5	4	1590	1756	1884	2004	2134	6000	5000	1	1	1	1	1	1
3	59	1	5	1000	343020	343021.988	343	904.018	1	4	5	2	3	14523	0	1000	732	414	0	1	4	5	2	3	1418	1548	1696	1848	1992	6000	5000	1	1	1	1	1	1
3	60	0	5	1000	348020	348021.99	348	902.015	1	4	5	2	3	14523	0	1000	720	418	0	1	4	5	2	3	1422	1558	1690	1860	1990	6000	5000	1	1	1	1	1	1
3	61	0	5	1000	353020	353021.988	353	900.012	3	5	1	2	4	35124	0	1000	674	430	0	3	5	1	2	4	1434	1556	1668	1806	1928	6000	5000	1	1	1	1	1	1
3	62	0	5	1000	358020	358021.976	358	897.977	3	2	4	5	1	32451	0	1000	732	492	0	3	2	4	5	1	1496	1618	1746	1884	2012	6000	5000	1	1	1	1	1	1
3	63	1	5	1000	363020	363021.972	363	895.986	1	4	5	2	3	14523	0	1000	736	450	0	1	4	5	2	3	1454	1596	1728	1878	1996	6000	5000	1	1	1	1	1	1
3	64	1	5	1000	368020	368022.006	368	896.029	3	5	1	2	4	35124	0	1000	692	454	0	3	5	1	2	4	1458	1576	1686	1826	1936	6000	5000	1	1	1	1	1	1
3	65	1	5	1000	373020	373021.995	373	894.021	1	3	2	5	4	13254	0	1000	752	414	0	1	3	2	5	4	1418	1580	1722	1864	1992	6000	5000	1	1	1	1	1	1
3	66	1	5	1000	378020	378020.003	378	890.028	3	5	1	2	4	35124	0	1000	630	538	0	3	5	1	2	4	1542	1660	1772	1898	2002	6000	5000	1	1	1	1	1	1
3	67	1	5	1000	383020	383022.022	383	890.047	3	5	1	2	4	35124	0	1000	624	444	0	3	5	1	2	4	1448	1556	1664	1794	1896	6000	5000	1	1	1	1	1	1
3	68	0	5	1000	388020	388021.976	388	888	1	4	5	2	3	14523	0	16000	722	516	0	1	4	5	2	3	1520	1654	1794	1938	2066	6000	5000	1	1	1	1	1	1
4	1	0	5	1000	8020	8022.002	9	18.001	3	5	1	2	4	35124	0	1000	740	424	0	3	5	1	2	4	1428	1572	1686	1848	1970	6000	5000	1	1	1	1	1	1
4	2	0	5	1000	13020	13020.002	14	14	1	4	5	2	3	14523	0	1000	698	462	0	1	4	5	2	3	1466	1596	1758	1912	2018	6000	5000	1	1	1	1	1	1
4	3	1	5	1000	18020	18021.998	19	13.973	1	3	2	5	4	13254	0	1000	766	468	0	1	3	2	5	4	1472	1628	1774	1912	2024	6000	5000	1	1	1	1	1	1
4	4	0	5	1000	23020	23021.988	24	13.999	3	2	4	5	1	32451	0	1000	768	488	0	3	2	4	5	1	1492	1632	1748	1926	2038	6000	5000	1	1	1	1	1	1
4	5	0	5	1000	28020	28020.014	29	10.017	1	3	2	5	4	13254	0	1000	724	376	0	1	3	2	5	4	1380	1528	1662	1770	1882	6000	5000	1	1	1	1	1	1
4	6	1	5	1000	33020	33022.085	34	10.086	1	4	5	2	3	14523	0	1000	798	442	0	1	4	5	2	3	1446	1570	1734	1938	2084	6000	5000	1	1	1	1	1	1
4	7	0	5	1000	38020	38021.989	39	8.019	3	5	1	2	4	35124	0	1000	648	414	0	3	5	1	2	4	1418	1538	1670	1800	1914	6000	5000	1	1	1	1	1	1
4	8	1	5	1000	43020	43022.034	44	6.033	3	5	1	2	4	35124	0	1000	688	480	0	3	5	1	2	4	1484	1624	1748	1890	1994	6000	5000	1	1	1	1	1	1
4	9	0	5	1000	48020	48020	49	2	1	4	5	2	3	14523	0	1000	692	504	0	1	4	5	2	3	1508	1640	1796	1940	2044	6000	5000	1	1	1	1	1	1
4	10	1	5	1000	53020	53022	54	2.012	3	5	1	2	4	35124	0	1000	682	464	0	3	5	1	2	4	1468	1602	1732	1858	1954	6000	5000	1	1	1	1	1	1
4	11	1	5	1000	58020	58020.009	59	0	3	2	4	5	1	32451	0	1000	748	422	0	3	2	4	5	1	1426	1564	1684	1866	1968	6000	5000	1	1	1	1	1	1
4	12	1	5	1000	63020	63020.006	63	998.017	1	4	5	2	3	14523	0	1000	698	482	0	1	4	5	2	3	1486	1614	1766	1910	2026	6000	5000	1	1	1	1	1	1
4	13	1	5	1000	68020	68021.997	68	998.003	1	3	2	5	4	13254	0	1000	734	510	0	1	3	2	5	4	1514	1652	1794	1918	2050	6000	5000	1	1	1	1	1	1
4	14	1	5	1000	73020	73022.001	73	995.896	3	5	1	2	4	35124	0	1000	678	406	0	3	5	1	2	4	1410	1538	1640	1778	1890	6000	5000	1	1	1	1	1	1
4	15	0	5	1000	78020	78022	78	994.012	3	2	4	5	1	32451	0	1000	812	544	0	3	2	4	5	1	1548	1698	1808	1994	2100	6000	5000	1	1	1	1	1	1
4	16	0	5	1000	83020	83022	83	994.009	1	4	5	2	3	14523	0	1000	704	538	0	1	4	5	2	3	1542	1668	1814	1976	2078	6000	5000	1	1	1	1	1	1
4	17	0	5	1000	88020	88022.003	88	991.977	1	4	5	2	3	14523	0	16000	692	516	0	1	4	5	2	3	1520	1646	1790	1948	2048	6000	5000	1	1	1	1	1	1
4	18	0	5	1000	108020	108020.002	108	981.987	1	4	5	2	3	14523	0	1000	708	460	0	1	4	5	2	3	1464	1608	1756	1920	1986	6000	5000	1	1	1	1	1	1
4	19	0	5	1000	113020	113022.029	113	982.029	3	5	1	2	4	35124	0	1000	674	418	0	3	5	1	2	4	1422	1552	1670	1798	1908	6000	5000	1	1	1	1	1	1
4	20	0	5	1000	118020	118021.999	118	982.013	3	5	1	2	4	35124	0	1000	1186	622	0	3	5	1	2	4	1626	2040	2248	2486	2624	6000	5000	1	1	1	1	1	1
4	21	1	5	1000	123020	123020.002	123	978.002	3	2	4	5	1	32451	0	1000	784	512	0	3	2	4	5	1	1516	1640	1774	1942	2064	6000	5000	1	1	1	1	1	1
4	22	1	5	1000	128020	128022.003	128	978.013	3	2	4	5	1	32451	0	1000	786	528	0	3	2	4	5	1	1532	1680	1804	1990	2118	6000	5000	1	1	1	1	1	1
4	23	0	5	1000	133020	133020.017	133	974.016	3	5	1	2	4	35124	0	1000	712	456	0	3	5	1	2	4	1460	1606	1718	1876	1992	6000	5000	1	1	1	1	1	1
4	24	1	5	1000	138020	138020.002	138	972.01	1	4	5	2	3	14523	0	1000	758	434	0	1	4	5	2	3	1438	1570	1742	1908	2044	6000	5000	1	1	1	1	1	1
4	25	0	5	1000	143020	143021.987	143	971.988	3	2	4	5	1	32451	0	1000	812	430	0	3	2	4	5	1	1434	1578	1720	1894	2008	6000	5000	1	1	1	1	1	1
4	26	1	5	1000	148020	148020.003	148	970.013	1	3	2	5	4	13254	0	1000	784	466	0	1	3	2	5	4	1470	1632	1776	1910	2064	6000	5000	1	1	1	1	1	1
4	27	1	5	1000	153020	153021.989	153	969.98	1	4	5	2	3	14523	0	1000	774	442	0	1	4	5	2	3	1446	1604	1760	1954	2076	6000	5000	1	1	1	1	1	1
4	28	0	5	1000	158020	158020.002	158	966.001	1	3	2	5	4	13254	0	1000	832	424	0	1	3	2	5	4	1428	1600	1772	1928	2066	6000	5000	1	1	1	1	1	1
4	29	0	5	1000	163020	163021.989	163	965.99	3	5	1	2	4	35124	0	1000	766	424	0	3	5	1	2	4	1428	1570	1716	1876	2014	6000	5000	1	1	1	1	1	1
4	30	0	5	1000	168020	168020.034	168	962.034	3	2	4	5	1	32451	0	1000	884	416	0	3	2	4	5	1	1420	1564	1724	1932	2070	6000	5000	1	1	1	1	1	1
4	31	0	5	1000	173020	173020.037	173	960.037	3	5	1	2	4	35124	0	1000	762	376	0	3	5	1	2	4	1380	1524	1668	1828	1960	6000	5000	1	1	1	1	1	1
4	32	0	5	1000	178020	178020	178	959.976	1	3	2	5	4	13254	0	1000	806	508	0	1	3	2	5	4	1512	1678	1832	1996	2144	6000	5000	1	1	1	1	1	1
4	33	0	5	1000	183020	183021.986	183	959.997	1	3	2	5	4	13254	0	1000	892	638	0	1	3	2	5	4	1642	1834	1986	2154	2306	6000	5000	1	1	1	1	1	1
4	34	1	5	1000	188020	188020.002	188	956.001	1	3	2	5	4	13254	0	16000	828	528	0	1	3	2	5	4	1532	1732	1872	2028	2180	6000	5000	1	1	1	1	1	1
4	35	1	5	1000	208020	208022.017	208	950.018	1	3	2	5	4	13254	0	1000	810	426	0	1	3	2	5	4	1430	1606	1760	1904	2050	6000	5000	1	1	1	1	1	1
4	36	0	5	1000	213020	213022.066	213	950.065	1	4	5	2	3	14523	0	1000	794	562	0	1	4	5	2	3	1566	1740	1896	2090	2216	6000	5000	1	1	1	1	1	1
4	37	0	5	1000	218020	218021.997	218	947.883	1	3	2	5	4	13254	0	1000	784	596	0	1	3	2	5	4	1600	1772	1920	2074	2208	6000	5000	1	1	1	1	1	1
4	38	1	5	1000	223020	223021.998	223	945.998	3	2	4	5	1	32451	0	1000	768	372	0	3	2	4	5	1	1376	1500	1640	1808	1944	6000	5000	1	1	1	1	1	1
4	39	0	5	1000	228020	228020.003	228	942.013	3	2	4	5	1	32451	0	1000	742	290	0	3	2	4	5	1	1294	1414	1550	1696	1822	6000	5000	1	1	1	1	1	1
4	40	1	5	1000	233020	233021.991	233	941.973	3	5	1	2	4	35124	0	1000	730	360	0	3	5	1	2	4	1364	1508	1644	1816	1940	6000	5000	1	1	1	1	1	1
4	41	1	5	1000	238020	238020.001	238	938.001	3	5	1	2	4	35124	0	1000	694	410	0	3	5	1	2	4	1414	1550	1702	1852	1962	6000	5000	1	1	1	1	1	1
4	42	0	5	1000	243020	243022.001	243	938.01	1	3	2	5	4	13254	0	1000	774	456	0	1	3	2	5	4	1460	1636	1786	1932	2060	6000	5000	1	1	1	1	1	1
4	43	0	5	1000	248020	248020.017	248	936.016	3	2	4	5	1	32451	0	1000	728	352	0	3	2	4	5	1	1356	1480	1604	1762	1888	6000	5000	1	1	1	1	1	1
4	44	0	5	1000	253020	253020.002	253	934.013	3	2	4	5	1	32451	0	1000	772	416	0	3	2	4	5	1	1420	1546	1684	1848	1974	6000	5000	1	1	1	1	1	1
4	45	1	5	1000	258020	258020.002	258	931.99	3	2	4	5	1	32451	0	1000	760	288	0	3	2	4	5	1	1292	1426	1552	1720	1862	6000	5000	1	1	1	1	1	1
4	46	1	5	1000	263020	263021.974	263	931.985	1	3	2	5	4	13254	0	1000	742	404	0	1	3	2	5	4	1408	1562	1714	1844	1986	6000	5000	1	1	1	1	1	1
4	47	0	5	1000	268020	268021.99	268	929.985	3	5	1	2	4	35124	0	1000	746	476	0	3	5	1	2	4	1480	1630	1752	1922	2030	6000	5000	1	1	1	1	1	1
4	48	1	5	1000	273020	273022.002	273	928.012	1	3	2	5	4	13254	0	1000	804	522	0	1	3	2	5	4	1526	1692	1852	1982	2132	6000	5000	1	1	1	1	1	1
4	49	0	5	1000	278020	278021.994	278	927.993	1	3	2	5	4	13254	0	1000	802	500	0	1	3	2	5	4	1504	1686	1804	1958	2106	6000	5000	1	1	1	1	1	1
4	50	1	5	1000	283020	283021.993	283	926.004	3	5	1	2	4	35124	0	1000	722	378	0	3	5	1	2	4	1382	1510	1666	1818	1948	6000	5000	1	1	1	1	1	1
4	51	1	5	1000	288020	288021.995	288	923.993	1	4	5	2	3	14523	0	16000	744	626	0	1	4	5	2	3	1630	1776	1934	2100	2220	6000	5000	1	1	1	1	1	1
4	52	1	5	1000	308020	308021.991	308	915.996	1	4	5	2	3	14523	0	1000	774	412	0	1	4	5	2	3	1416	1602	1746	1916	2026	6000	5000	1	1	1	1	1	1
4	53	1	5	1000	313020	313021.989	313	916.001	3	2	4	5	1	32451	0	1000	782	340	0	3	2	4	5	1	1344	1470	1612	1768	1908	6000	5000	1	1	1	1	1	1
4	54	0	5	1000	318020	318022.001	318	913.998	1	3	2	5	4	13254	0	1000	784	458	0	1	3	2	5	4	1462	1632	1776	1922	2040	6000	5000	1	1	1	1	1	1
4	55	0	5	1000	323020	323020.002	323	909.97	1	4	5	2	3	14523	0	1000	728	422	0	1	4	5	2	3	1426	1578	1732	1890	1998	6000	5000	1	1	1	1	1	1
4	56	1	5	1000	328020	328022.007	328	910.021	3	2	4	5	1	32451	0	1000	756	510	0	3	2	4	5	1	1514	1654	1790	1950	2084	6000	5000	1	1	1	1	1	1
4	57	0	5	1000	333020	333020.002	333	906.013	1	4	5	2	3	14523	0	1000	684	446	0	1	4	5	2	3	1450	1598	1730	1868	1974	6000	5000	1	1	1	1	1	1
4	58	1	5	1000	338020	338022.023	338	906.034	1	4	5	2	3	14523	0	1000	672	472	0	1	4	5	2	3	1476	1610	1754	1894	1992	6000	5000	1	1	1	1	1	1
4	59	1	5	1000	343020	343020.002	343	904.008	1	4	5	2	3	14523	0	1000	742	500	0	1	4	5	2	3	1504	1652	1808	1964	2062	6000	5000	1	1	1	1	1	1
4	60	0	5	1000	348020	348021.993	348	904.004	1	4	5	2	3	14523	0	1000	680	392	0	1	4	5	2	3	1396	1534	1662	1814	1902	6000	5000	1	1	1	1	1	1
4	61	0	5	1000	353020	353021.995	353	902.007	3	2	4	5	1	32451	0	1000	718	260	0	3	2	4	5	1	1264	1394	1516	1676	1800	6000	5000	1	1	1	1	1	1
4	62	1	5	1000	358020	358022	358	900.012	1	4	5	2	3	14523	0	1000	680	372	0	1	4	5	2	3	1376	1492	1634	1788	1880	6000	5000	1	1	1	1	1	1
4	63	1	5	1000	363020	363020.002	363	896.012	3	5	1	2	4	35124	0	1000	692	396	0	3	5	1	2	4	1400	1526	1680	1830	1940	6000	5000	1	1	1	1	1	1
4	64	1	5	1000	368020	368020.003	368	894.011	1	3	2	5	4	13254	0	1000	750	428	0	1	3	2	5	4	1432	1598	1742	1872	2008	6000	5000	1	1	1	1	1	1
4	65	1	5	1000	373020	373021.991	373	894.003	1	3	2	5	4	13254	0	1000	770	560	0	1	3	2	5	4	1564	1742	1878	2030	2154	6000	5000	1	1	1	1	1	1
4	66	1	5	1000	378020	378021.989	378	893.988	3	2	4	5	1	32451	0	1000	730	476	0	3	2	4	5	1	1480	1618	1740	1882	2024	6000	5000	1	1	1	1	1	1
4	67	1	5	1000	383020	383021.988	383	892.002	3	5	1	2	4	35124	0	1000	716	318	0	3	5	1	2	4	1322	1448	1598	1768	1878	6000	5000	1	1	1	1	1	1
4	68	0	5	1000	388020	388021.989	388	889.968	3	5	1	2	4	35124	0	16000	668	448	0	3	5	1	2	4	1452	1574	1704	1866	1974	6000	5000	1	1	1	1	1	1
5	1	0	5	1000	8020	14986.634	7	8982.637	3	2	4	5	1	32451	0	1000	788	492	0	3	2	4	5	1	1496	1654	1778	1956	2058	6000	5000	1	1	1	1	1	1
5	2	0	5	1000	13020	13021.992	14	15.999	1	4	5	2	3	14523	0	1000	754	564	0	1	4	5	2	3	1568	1726	1850	2020	2138	6000	5000	1	1	1	1	1	1
5	3	0	5	1000	18020	18020.029	19	12.028	1	3	2	5	4	13254	0	1000	744	514	0	1	3	2	5	4	1518	1696	1824	1950	2076	6000	5000	1	1	1	1	1	1
5	4	1	5	1000	23020	23021.988	24	11.988	1	3	2	5	4	13254	0	1000	790	540	0	1	3	2	5	4	1544	1740	1872	1992	2134	6000	5000	1	1	1	1	1	1
5	5	0	5	1000	28020	28020.014	29	10.025	1	4	5	2	3	14523	0	1000	702	476	0	1	4	5	2	3	1480	1644	1758	1930	2024	6000	5000	1	1	1	1	1	1
5	6	1	5	1000	33020	33021.987	34	9.985	1	4	5	2	3	14523	0	1000	686	344	0	1	4	5	2	3	1348	1486	1636	1784	1888	6000	5000	1	1	1	1	1	1
5	7	0	5	1000	38020	38022.001	39	8.002	1	4	5	2	3	14523	0	1000	668	422	0	1	4	5	2	3	1426	1556	1676	1832	1940	6000	5000	1	1	1	1	1	1
5	8	1	5	1000	43020	43020.013	44	4.01	1	3	2	5	4	13254	0	1000	694	462	0	1	3	2	5	4	1466	1604	1740	1852	1974	6000	5000	1	1	1	1	1	1
5	9	1	5	1000	48020	48022.021	49	3.937	3	2	4	5	1	32451	0	1000	812	414	0	3	2	4	5	1	1418	1544	1660	1832	1968	6000	5000	1	1	1	1	1	1
5	10	1	5	1000	53020	53021.999	54	2.001	1	4	5	2	3	14523	0	1000	660	500	0	1	4	5	2	3	1504	1664	1792	1948	2042	6000	5000	1	1	1	1	1	1
5	11	1	5	1000	58020	58021.989	59	0	1	3	2	5	4	13254	0	1000	762	410	0	1	3	2	5	4	1414	1572	1726	1856	1990	6000	5000	1	1	1	1	1	1
5	12	0	5	1000	63020	63020.001	63	997.999	1	3	2	5	4	13254	0	1000	780	506	0	1	3	2	5	4	1510	1700	1834	1964	2090	6000	5000	1	1	1	1	1	1
5	13	1	5	1000	68020	68022	68	998.001	1	4	5	2	3	14523	0	1000	758	576	0	1	4	5	2	3	1580	1716	1844	2034	2158	6000	5000	1	1	1	1	1	1
5	14	0	5	1000	73020	73020.02	73	994.027	1	3	2	5	4	13254	0	1000	802	488	0	1	3	2	5	4	1492	1672	1820	1968	2100	6000	5000	1	1	1	1	1	1
5	15	0	5	1000	78020	78022.015	78	994.016	3	2	4	5	1	32451	0	1000	834	296	0	3	2	4	5	1	1300	1448	1578	1738	1878	6000	5000	1	1	1	1	1	1
5	16	0	5	1000	83020	83021.997	83	991.998	3	2	4	5	1	32451	0	1000	824	468	0	3	2	4	5	1	1472	1596	1742	1920	2056	6000	5000	1	1	1	1	1	1
5	17	1	5	1000	88020	88022	88	990.011	3	5	1	2	4	35124	0	16000	716	572	0	3	5	1	2	4	1576	1702	1844	1994	2128	6000	5000	1	1	1	1	1	1
5	18	1	5	1000	108020	108020	108	982.003	3	5	1	2	4	35124	0	1000	986	550	0	3	5	1	2	4	1554	1748	1932	2162	2320	6000	5000	1	1	1	1	1	1
5	19	1	5	1000	113020	113021.999	113	981.998	3	5	1	2	4	35124	0	1000	804	500	0	3	5	1	2	4	1504	1662	1820	2002	2130	6000	5000	1	1	1	1	1	1
5	20	1	5	1000	118020	118020.002	118	977.999	1	4	5	2	3	14523	0	1000	782	454	0	1	4	5	2	3	1458	1646	1796	1982	2114	6000	5000	1	1	1	1	1	1
5	21	1	5	1000	123020	123021.998	123	980.001	3	2	4	5	1	32451	0	1000	950	396	0	3	2	4	5	1	1400	1568	1724	1924	2086	6000	5000	1	1	1	1	1	1
5	22	0	5	1000	128020	128020	128	975.965	1	4	5	2	3	14523	0	1000	760	418	0	1	4	5	2	3	1422	1546	1704	1898	1992	6000	5000	1	1	1	1	1	1
5	23	0	5	1000	133020	133020.018	133	974.03	1	4	5	2	3	14523	0	1000	714	358	0	1	4	5	2	3	1362	1480	1624	1802	1910	6000	5000	1	1	1	1	1	1
5	24	0	5	1000	138020	138021.988	138	973.988	3	5	1	2	4	35124	0	1000	780	346	0	3	5	1	2	4	1350	1480	1622	1770	1918	6000	5000	1	1	1	1	1	1
5	25	0	5	1000	143020	143022.003	143	972.004	1	3	2	5	4	13254	0	1000	910	434	0	1	3	2	5	4	1438	1606	1756	1948	2122	6000	5000	1	1	1	1	1	1
5	26	1	5	1000	148020	148021.998	148	969.998	3	2	4	5	1	32451	0	1000	802	380	0	3	2	4	5	1	1384	1508	1642	1796	1928	6000	5000	1	1	1	1	1	1
5	27	0	5	1000	153020	153020	153	968.014	3	5	1	2	4	35124	0	1000	754	444	0	3	5	1	2	4	1448	1578	1718	1862	1990	6000	5000	1	1	1	1	1	1
5	28	0	5	1000	158020	158020.007	158	966.007	3	2	4	5	1	32451	0	1000	812	376	0	3	2	4	5	1	1380	1522	1644	1808	1930	6000	5000	1	1	1	1	1	1
5	29	1	5	1000	163020	163020.089	163	964.081	3	2	4	5	1	32451	0	1000	782	560	0	3	2	4	5	1	1564	1724	1840	1990	2110	6000	5000	1	1	1	1	1	1
5	30	0	5	1000	168020	168020.001	168	962.001	1	3	2	5	4	13254	0	1000	834	524	0	1	3	2	5	4	1528	1690	1842	1966	2134	6000	5000	1	1	1	1	1	1
5	31	0	5	1000	173020	173020	173	960.002	1	3	2	5	4	13254	0	1000	996	476	0	1	3	2	5	4	1480	1730	1946	2100	2254	6000	5000	1	1	1	1	1	1
5	32	0	5	1000	178020	178021.987	178	959.986	3	5	1	2	4	35124	0	1000	702	390	0	3	5	1	2	4	1394	1524	1654	1802	1918	6000	5000	1	1	1	1	1	1
5	33	1	5	1000	183020	183020.04	183	956.039	3	5	1	2	4	35124	0	1000	672	382	0	3	5	1	2	4	1386	1492	1624	1750	1864	6000	5000	1	1	1	1	1	1
5	34	1	5	1000	188020	188021.992	188	955.992	1	3	2	5	4	13254	0	16000	756	464	0	1	3	2	5	4	1468	1622	1770	1894	2034	6000	5000	1	1	1	1	1	1
5	35	1	5	1000	208020	208022.002	208	950.004	1	3	2	5	4	13254	0	1000	756	480	0	1	3	2	5	4	1484	1628	1780	1908	2034	6000	5000	1	1	1	1	1	1
5	36	1	5	1000	213020	213020.108	213	946.094	1	4	5	2	3	14523	0	1000	708	520	0	1	4	5	2	3	1524	1638	1774	1950	2042	6000	5000	1	1	1	1	1	1
5	37	0	5	1000	218020	218020.001	218	944.01	3	2	4	5	1	32451	0	1000	798	550	0	3	2	4	5	1	1554	1682	1822	1984	2102	6000	5000	1	1	1	1	1	1
5	38	1	5	1000	223020	223022.001	223	946	1	4	5	2	3	14523	0	1000	730	372	0	1	4	5	2	3	1376	1490	1644	1824	1952	6000	5000	1	1	1	1	1	1
5	39	0	5	1000	228020	228021.989	228	943.97	3	5	1	2	4	35124	0	1000	724	412	0	3	5	1	2	4	1416	1532	1668	1808	1936	6000	5000	1	1	1	1	1	1
5	40	1	5	1000	233020	233021.99	233	941.971	1	3	2	5	4	13254	0	1000	782	470	0	1	3	2	5	4	1474	1638	1792	1940	2062	6000	5000	1	1	1	1	1	1
5	41	1	5	1000	238020	238021.986	238	941.997	3	5	1	2	4	35124	0	1000	698	432	0	3	5	1	2	4	1436	1538	1668	1822	1936	6000	5000	1	1	1	1	1	1
5	42	1	5	1000	243020	243022.001	243	937.993	3	2	4	5	1	32451	0	1000	808	482	0	3	2	4	5	1	1486	1616	1750	1928	2028	6000	5000	1	1	1	1	1	1
5	43	1	5	1000	248020	248020.005	248	933.988	3	2	4	5	1	32451	0	1000	812	494	0	3	2	4	5	1	1498	1600	1740	1916	2046	6000	5000	1	1	1	1	1	1
5	44	0	5	1000	253020	253020.012	253	932.021	3	2	4	5	1	32451	0	1000	752	496	0	3	2	4	5	1	1500	1616	1742	1916	2024	6000	5000	1	1	1	1	1	1
5	45	0	5	1000	258020	258021.998	258	934.007	1	3	2	5	4	13254	0	1000	808	556	0	1	3	2	5	4	1560	1734	1872	2014	2160	6000	5000	1	1	1	1	1	1
5	46	0	5	1000	263020	263021.991	263	931.948	1	4	5	2	3	14523	0	1000	736	468	0	1	4	5	2	3	1472	1616	1768	1948	2060	6000	5000	1	1	1	1	1	1
5	47	1	5	1000	268020	268020.019	268	928.021	3	2	4	5	1	32451	0	1000	752	514	0	3	2	4	5	1	1518	1632	1734	1922	2044	6000	5000	1	1	1	1	1	1
5	48	1	5	1000	273020	273022.004	273	928.015	1	3	2	5	4	13254	0	1000	756	404	0	1	3	2	5	4	1408	1584	1704	1826	1972	6000	5000	1	1	1	1	1	1
5	49	0	5	1000	278020	278021.99	278	925.999	3	5	1	2	4	35124	0	1000	716	498	0	3	5	1	2	4	1502	1622	1764	1914	2046	6000	5000	1	1	1	1	1	1
5	50	0	5	1000	283020	283021.992	283	924.003	3	5	1	2	4	35124	0	1000	690	640	0	3	5	1	2	4	1644	1750	1886	2032	2138	6000	5000	1	1	1	1	1	1
5	51	1	5	1000	288020	288020.021	288	922.029	3	2	4	5	1	32451	0	16000	772	634	0	3	2	4	5	1	1638	1754	1896	2054	2156	6000	5000	1	1	1	1	1	1
5	52	1	5	1000	308020	308021.988	308	915.991	3	2	4	5	1	32451	0	1000	794	388	0	3	2	4	5	1	1392	1498	1638	1804	1938	6000	5000	1	1	1	1	1	1
5	53	1	5	1000	313020	313020.026	313	912.026	3	5	1	2	4	35124	0	1000	688	436	0	3	5	1	2	4	1440	1564	1692	1844	1960	6000	5000	1	1	1	1	1	1
5	54	0	5	1000	318020	318020.001	318	910.001	1	3	2	5	4	13254	0	1000	728	442	0	1	3	2	5	4	1446	1594	1736	1860	1990	6000	5000	1	1	1	1	1	1
5	55	1	5	1000	323020	323021.988	323	911.996	3	5	1	2	4	35124	0	1000	682	484	0	3	5	1	2	4	1488	1610	1748	1896	2002	6000	5000	1	1	1	1	1	1
5	56	0	5	1000	328020	328021.992	328	910.001	3	5	1	2	4	35124	0	1000	694	418	0	3	5	1	2	4	1422	1540	1664	1836	1948	6000	5000	1	1	1	1	1	1
5	57	1	5	1000	333020	333021.972	333	907.972	1	4	5	2	3	14523	0	1000	660	454	0	1	4	5	2	3	1458	1570	1704	1868	1972	6000	5000	1	1	1	1	1	1
5	58	1	5	1000	338020	338021.99	338	906.002	1	4	5	2	3	14523	0	1000	658	332	0	1	4	5	2	3	1336	1428	1568	1728	1856	6000	5000	1	1	1	1	1	1
5	59	1	5	1000	343020	343020.002	343	902.013	3	5	1	2	4	35124	0	1000	688	390	0	3	5	1	2	4	1394	1504	1638	1776	1898	6000	5000	1	1	1	1	1	1
5	60	0	5	1000	348020	348020	348	900.008	3	2	4	5	1	32451	0	1000	704	326	0	3	2	4	5	1	1330	1446	1548	1704	1794	6000	5000	1	1	1	1	1	1
5	61	0	5	1000	353020	353020	353	900.011	3	5	1	2	4	35124	0	1000	662	340	0	3	5	1	2	4	1344	1452	1574	1722	1828	6000	5000	1	1	1	1	1	1
5	62	0	5	1000	358020	358021.99	358	900.001	1	4	5	2	3	14523	0	1000	716	326	0	1	4	5	2	3	1330	1440	1594	1770	1908	6000	5000	1	1	1	1	1	1
5	63	1	5	1000	363020	363021.993	363	898.001	3	5	1	2	4	35124	0	1000	610	314	0	3	5	1	2	4	1318	1416	1536	1672	1784	6000	5000	1	1	1	1	1	1
5	64	0	5	1000	368020	368021.998	368	896.008	1	4	5	2	3	14523	0	1000	704	316	0	1	4	5	2	3	1320	1446	1582	1756	1872	6000	5000	1	1	1	1	1	1
5	65	0	5	1000	373020	373020.002	373	892.013	3	2	4	5	1	32451	0	1000	748	476	0	3	2	4	5	1	1480	1612	1730	1898	2002	6000	5000	1	1	1	1	1	1
5	66	1	5	1000	378020	378022.01	378	892.013	1	3	2	5	4	13254	0	1000	768	362	0	1	3	2	5	4	1366	1526	1672	1820	1962	6000	5000	1	1	1	1	1	1
5	67	1	5	1000	383020	383021.989	383	889.988	1	3	2	5	4	13254	0	1000	766	498	0	1	3	2	5	4	1502	1656	1800	1948	2088	6000	5000	1	1	1	1	1	1
5	68	0	5	1000	388020	388020.001	388	888	3	2	4	5	1	32451	0	16000	768	398	0	3	2	4	5	1	1402	1526	1652	1822	1922	6000	5000	1	1	1	1	1	1
6	1	0	5	1000	8020	8020.006	9	16	1	3	2	5	4	13254	0	1000	870	570	0	1	3	2	5	4	1574	1730	1876	2080	2344	6000	5000	1	1	1	1	1	1
6	2	0	5	1000	13020	13022.012	14	16.002	1	3	2	5	4	13254	0	1000	716	436	0	1	3	2	5	4	1440	1598	1728	1852	1952	6000	5000	1	1	1	1	1	1
6	3	1	5	1000	18020	18020.004	19	11.996	3	2	4	5	1	32451	0	1000	750	358	0	3	2	4	5	1	1362	1458	1582	1754	1848	6000	5000	1	1	1	1	1	1
6	4	0	5	1000	23020	23020.01	24	11.985	1	3	2	5	4	13254	0	1000	750	336	0	1	3	2	5	4	1340	1506	1640	1770	1888	6000	5000	1	1	1	1	1	1
6	5	1	5	1000	28020	28020.004	29	9.994	1	4	5	2	3	14523	0	1000	734	340	0	1	4	5	2	3	1344	1456	1590	1774	1906	6000	5000	1	1	1	1	1	1
6	6	1	5	1000	33020	33021.999	34	9.96	3	2	4	5	1	32451	0	1000	704	280	0	3	2	4	5	1	1284	1388	1508	1642	1760	6000	5000	1	1	1	1	1	1
6	7	1	5	1000	38020	38020.01	39	6	3	5	1	2	4	35124	0	1000	662	360	0	3	5	1	2	4	1364	1476	1610	1744	1856	6000	5000	1	1	1	1	1	1
6	8	0	5	1000	43020	43020.008	44	3.975	3	5	1	2	4	35124	0	1000	604	484	0	3	5	1	2	4	1488	1604	1734	1850	1946	6000	5000	1	1	1	1	1	1
6	9	1	5	1000	48020	48021.998	49	4.001	3	2	4	5	1	32451	0	1000	730	368	0	3	2	4	5	1	1372	1488	1598	1754	1884	6000	5000	1	1	1	1	1	1
6	10	0	5	1000	53020	53020.015	54	0	1	4	5	2	3	14523	0	1000	664	456	0	1	4	5	2	3	1460	1586	1720	1872	1974	6000	5000	1	1	1	1	1	1
6	11	0	5	1000	58020	58020.009	59	0	3	2	4	5	1	32451	0	1000	730	600	0	3	2	4	5	1	1604	1742	1860	2004	2140	6000	5000	1	1	1	1	1	1
6	12	0	5	1000	63020	63020.011	63	998.001	3	2	4	5	1	32451	0	1000	750	432	0	3	2	4	5	1	1436	1574	1690	1844	1976	6000	5000	1	1	1	1	1	1
6	13	1	5	1000	68020	68020.008	68	995.999	1	4	5	2	3	14523	0	1000	730	784	0	1	4	5	2	3	1788	1904	2050	2226	2368	6000	5000	1	1	1	1	1	1
6	14	1	5	1000	73020	73020.008	73	993.999	1	4	5	2	3	14523	0	1000	674	464	0	1	4	5	2	3	1468	1588	1688	1876	2016	6000	5000	1	1	1	1	1	1
6	15	1	5	1000	78020	78022.011	78	994.002	1	3	2	5	4	13254	0	1000	728	396	0	1	3	2	5	4	1400	1546	1686	1800	1930	6000	5000	1	1	1	1	1	1
6	16	0	5	1000	83020	83021.995	83	993.988	3	5	1	2	4	35124	0	1000	670	466	0	3	5	1	2	4	1470	1600	1736	1838	1958	6000	5000	1	1	1	1	1	1
6	17	0	5	1000	88020	88020.007	88	989.999	3	2	4	5	1	32451	0	16000	760	384	0	3	2	4	5	1	1388	1532	1648	1796	1930	6000	5000	1	1	1	1	1	1
6	18	0	5	1000	108020	108020.008	108	981.999	3	2	4	5	1	32451	0	1000	782	430	0	3	2	4	5	1	1434	1576	1712	1864	2000	6000	5000	1	1	1	1	1	1
6	19	1	5	1000	113020	113020.012	113	980.014	3	2	4	5	1	32451	0	1000	868	346	0	3	2	4	5	1	1350	1508	1642	1802	1964	6000	5000	1	1	1	1	1	1
6	20	1	5	1000	118020	118020.022	118	980.022	3	2	4	5	1	32451	0	1000	852	392	0	3	2	4	5	1	1396	1534	1668	1838	1982	6000	5000	1	1	1	1	1	1
6	21	1	5	1000	123020	123020.022	123	978.013	1	3	2	5	4	13254	0	1000	750	358	0	1	3	2	5	4	1362	1496	1644	1772	1898	6000	5000	1	1	1	1	1	1
6	22	1	5	1000	128020	128020.023	128	975.9	3	2	4	5	1	32451	0	1000	782	350	0	3	2	4	5	1	1354	1466	1608	1762	1904	6000	5000	1	1	1	1	1	1
6	23	0	5	1000	133020	133020.013	133	974.002	3	2	4	5	1	32451	0	1000	756	316	0	3	2	4	5	1	1320	1438	1570	1726	1856	6000	5000	1	1	1	1	1	1
6	24	0	5	1000	138020	138020.021	138	972.013	1	3	2	5	4	13254	0	1000	726	410	0	1	3	2	5	4	1414	1558	1688	1818	1928	6000	5000	1	1	1	1	1	1
6	25	1	5	1000	143020	143022.023	143	972.026	1	3	2	5	4	13254	0	1000	714	368	0	1	3	2	5	4	1372	1514	1644	1738	1862	6000	5000	1	1	1	1	1	1
6	26	0	5	1000	148020	148020.011	148	970.004	3	2	4	5	1	32451	0	1000	690	406	0	3	2	4	5	1	1410	1524	1644	1776	1904	6000	5000	1	1	1	1	1	1
6	27	1	5	1000	153020	153020.018	153	968.008	1	3	2	5	4	13254	0	1000	698	382	0	1	3	2	5	4	1386	1520	1658	1762	1864	6000	5000	1	1	1	1	1	1
6	28	1	5	1000	158020	158020	158	965.979	1	4	5	2	3	14523	0	1000	796	554	0	1	4	5	2	3	1558	1718	1852	2044	2194	6000	5000	1	1	1	1	1	1
6	29	0	5	1000	163020	163020.007	163	963.998	3	5	1	2	4	35124	0	1000	654	486	0	3	5	1	2	4	1490	1612	1740	1856	1962	6000	5000	1	1	1	1	1	1
6	30	0	5	1000	168020	168021.998	168	963.974	1	4	5	2	3	14523	0	1000	672	432	0	1	4	5	2	3	1436	1562	1700	1846	1956	6000	5000	1	1	1	1	1	1
6	31	0	5	1000	173020	173022.001	173	961.99	1	4	5	2	3	14523	0	1000	650	392	0	1	4	5	2	3	1396	1502	1644	1792	1890	6000	5000	1	1	1	1	1	1
6	32	0	5	1000	178020	178020.007	178	957.998	1	3	2	5	4	13254	0	1000	754	486	0	1	3	2	5	4	1490	1674	1802	1936	2032	6000	5000	1	1	1	1	1	1
6	33	0	5	1000	183020	183022.02	183	960.013	3	2	4	5	1	32451	0	1000	744	312	0	3	2	4	5	1	1316	1434	1554	1702	1820	6000	5000	1	1	1	1	1	1
6	34	0	5	1000	188020	188020.005	188	955.984	3	5	1	2	4	35124	0	16000	634	404	0	3	5	1	2	4	1408	1534	1640	1756	1870	6000	5000	1	1	1	1	1	1
6	35	0	5	1000	208020	208022.039	208	950.027	3	5	1	2	4	35124	0	1000	730	384	0	3	5	1	2	4	1388	1522	1664	1798	1920	6000	5000	1	1	1	1	1	1
6	36	0	5	1000	213020	213022.01	213	950.012	1	3	2	5	4	13254	0	1000	792	424	0	1	3	2	5	4	1428	1592	1722	1860	1952	6000	5000	1	1	1	1	1	1
6	37	0	5	1000	218020	218020.002	218	945.992	3	5	1	2	4	35124	0	1000	644	378	0	3	5	1	2	4	1382	1502	1624	1730	1844	6000	5000	1	1	1	1	1	1
6	38	0	5	1000	223020	223020.028	223	944.03	3	5	1	2	4	35124	0	1000	624	382	0	3	5	1	2	4	1386	1492	1606	1728	1836	6000	5000	1	1	1	1	1	1
6	39	1	5	1000	228020	228020.001	228	942.004	1	3	2	5	4	13254	0	1000	816	454	0	1	3	2	5	4	1458	1626	1772	1920	2060	6000	5000	1	1	1	1	1	1
6	40	0	5	1000	233020	233022	233	941.997	1	3	2	5	4	13254	0	1000	762	310	0	1	3	2	5	4	1314	1458	1592	1732	1842	6000	5000	1	1	1	1	1	1
6	41	1	5	1000	238020	238021.992	238	939.992	3	5	1	2	4	35124	0	1000	620	374	0	3	5	1	2	4	1378	1484	1604	1702	1804	6000	5000	1	1	1	1	1	1
6	42	1	5	1000	243020	243021.996	243	937.996	3	2	4	5	1	32451	0	1000	834	350	0	3	2	4	5	1	1354	1474	1592	1762	1900	6000	5000	1	1	1	1	1	1
6	43	0	5	1000	248020	248020.066	248	936.055	3	5	1	2	4	35124	0	1000	646	374	0	3	5	1	2	4	1378	1492	1602	1728	1844	6000	5000	1	1	1	1	1	1
6	44	1	5	1000	253020	253020.009	253	934.012	3	5	1	2	4	35124	0	1000	646	470	0	3	5	1	2	4	1474	1578	1706	1824	1934	6000	5000	1	1	1	1	1	1
6	45	0	5	1000	258020	258021.998	258	933.971	3	2	4	5	1	32451	0	1000	798	462	0	3	2	4	5	1	1466	1594	1712	1888	1998	6000	5000	1	1	1	1	1	1
6	46	1	5	1000	263020	263020.01	263	929.999	3	5	1	2	4	35124	0	1000	600	440	0	3	5	1	2	4	1444	1564	1684	1794	1892	6000	5000	1	1	1	1	1	1
6	47	1	5	1000	268020	268022.019	268	932.022	3	5	1	2	4	35124	0	1000	568	410	0	3	5	1	2	4	1414	1512	1616	1728	1820	6000	5000	1	1	1	1	1	1
6	48	1	5	1000	273020	273021.995	273	928	1	4	5	2	3	14523	0	1000	760	534	0	1	4	5	2	3	1538	1674	1858	2020	2152	6000	5000	1	1	1	1	1	1
6	49	1	5	1000	278020	278020.018	278	926.023	3	5	1	2	4	35124	0	1000	556	488	0	3	5	1	2	4	1492	1588	1702	1816	1920	6000	5000	1	1	1	1	1	1
6	50	0	5	1000	283020	283022.021	283	926.022	1	3	2	5	4	13254	0	1000	756	402	0	1	3	2	5	4	1406	1562	1698	1816	1924	6000	5000	1	1	1	1	1	1
6	51	0	5	1000	288020	288021.998	288	923.988	1	4	5	2	3	14523	0	16000	648	390	0	1	4	5	2	3	1394	1506	1636	1764	1858	6000	5000	1	1	1	1	1	1
6	52	0	5	1000	308020	308021.996	308	917.999	1	4	5	2	3	14523	0	1000	712	322	0	1	4	5	2	3	1326	1446	1592	1738	1830	6000	5000	1	1	1	1	1	1
6	53	1	5	1000	313020	313022.01	313	916.004	1	3	2	5	4	13254	0	1000	780	448	0	1	3	2	5	4	1452	1602	1748	1856	1968	6000	5000	1	1	1	1	1	1
6	54	1	5	1000	318020	318022.001	318	913.991	3	5	1	2	4	35124	0	1000	642	336	0	3	5	1	2	4	1340	1462	1592	1676	1792	6000	5000	1	1	1	1	1	1
6	55	0	5	1000	323020	323021.995	323	911.986	1	4	5	2	3	14523	0	1000	718	432	0	1	4	5	2	3	1436	1582	1714	1850	1946	6000	5000	1	1	1	1	1	1
6	56	0	5	1000	328020	328021.996	328	909.988	3	5	1	2	4	35124	0	1000	624	466	0	3	5	1	2	4	1470	1570	1694	1798	1896	6000	5000	1	1	1	1	1	1
6	57	1	5	1000	333020	333021.999	333	907.992	1	4	5	2	3	14523	0	1000	674	438	0	1	4	5	2	3	1442	1564	1700	1838	1934	6000	5000	1	1	1	1	1	1
6	58	0	5	1000	338020	338021.996	338	907.966	3	2	4	5	1	32451	0	1000	740	482	0	3	2	4	5	1	1486	1610	1710	1846	1970	6000	5000	1	1	1	1	1	1
6	59	0	5	1000	343020	343020.009	343	904.008	1	4	5	2	3	14523	0	1000	720	378	0	1	4	5	2	3	1382	1524	1650	1814	1910	6000	5000	1	1	1	1	1	1
6	60	1	5	1000	348020	348020.013	348	902.012	3	5	1	2	4	35124	0	1000	632	338	0	3	5	1	2	4	1342	1456	1570	1676	1780	6000	5000	1	1	1	1	1	1
6	61	1	5	1000	353020	353020.01	353	900.001	1	3	2	5	4	13254	0	1000	752	416	0	1	3	2	5	4	1420	1566	1724	1804	1932	6000	5000	1	1	1	1	1	1
6	62	1	5	1000	358020	358022.012	358	900.016	1	3	2	5	4	13254	0	1000	704	412	0	1	3	2	5	4	1416	1548	1704	1742	1864	6000	5000	1	1	1	1	1	1
6	63	0	5	1000	363020	363020.024	363	896.015	1	4	5	2	3	14523	0	1000	676	320	0	1	4	5	2	3	1324	1432	1570	1728	1824	6000	5000	1	1	1	1	1	1
6	64	1	5	1000	368020	368020.001	368	896.001	1	4	5	2	3	14523	0	1000	646	462	0	1	4	5	2	3	1466	1584	1726	1876	1962	6000	5000	1	1	1	1	1	1
6	65	0	5	1000	373020	373022.058	373	896.064	1	4	5	2	3	14523	0	1000	660	502	0	1	4	5	2	3	1506	1628	1770	1912	1988	6000	5000	1	1	1	1	1	1
6	66	1	5	1000	378020	378022.01	378	894.013	3	2	4	5	1	32451	0	1000	708	428	0	3	2	4	5	1	1432	1552	1664	1816	1956	6000	5000	1	1	1	1	1	1
6	67	1	5	1000	383020	383020.014	383	890.013	1	4	5	2	3	14523	0	1000	698	486	0	1	4	5	2	3	1490	1630	1774	1940	2040	6000	5000	1	1	1	1	1	1
6	68	0	5	1000	388020	388020.001	388	887.999	1	3	2	5	4	13254	0	16000	738	530	0	1	3	2	5	4	1534	1692	1828	1950	2060	6000	5000	1	1	1	1	1	1
7	1	1	5	1000	8020	8020.001	9	15.992	3	5	1	2	4	35124	0	1000	752	512	0	3	5	1	2	4	1516	1654	1790	1938	2064	6000	5000	1	1	1	1	1	1
7	2	0	5	1000	13020	13021.995	14	15.998	1	3	2	5	4	13254	0	1000	794	494	0	1	3	2	5	4	1498	1680	1822	1966	2088	6000	5000	1	1	1	1	1	1
7	3	0	5	1000	18020	18020.006	19	11.962	3	2	4	5	1	32451	0	1000	858	372	0	3	2	4	5	1	1376	1528	1638	1828	1968	6000	5000	1	1	1	1	1	1
7	4	1	5	1000	23020	23022.007	24	12.011	3	2	4	5	1	32451	0	1000	790	338	0	3	2	4	5	1	1342	1478	1582	1748	1862	6000	5000	1	1	1	1	1	1
7	5	0	5	1000	28020	28021.999	29	10.001	1	4	5	2	3	14523	0	1000	748	394	0	1	4	5	2	3	1398	1532	1674	1834	1946	6000	5000	1	1	1	1	1	1
7	6	0	5	1000	33020	33022.005	34	7.994	1	3	2	5	4	13254	0	1000	790	448	0	1	3	2	5	4	1452	1610	1754	1884	2008	6000	5000	1	1	1	1	1	1
7	7	1	5	1000	38020	38020	39	4	1	4	5	2	3	14523	0	1000	694	376	0	1	4	5	2	3	1380	1500	1644	1798	1896	6000	5000	1	1	1	1	1	1
7	8	0	5	1000	43020	43020.007	44	4.01	3	5	1	2	4	35124	0	1000	680	386	0	3	5	1	2	4	1390	1496	1632	1742	1840	6000	5000	1	1	1	1	1	1
7	9	1	5	1000	48020	48022.012	49	4.012	1	4	5	2	3	14523	0	1000	742	384	0	1	4	5	2	3	1388	1514	1642	1822	1962	6000	5000	1	1	1	1	1	1
7	10	0	5	1000	53020	53020.01	54	0	3	2	4	5	1	32451	0	1000	808	358	0	3	2	4	5	1	1362	1494	1604	1764	1876	6000	5000	1	1	1	1	1	1
7	11	0	5	1000	58020	58020.008	58	997.999	1	3	2	5	4	13254	0	1000	796	862	0	1	3	2	5	4	1866	2016	2158	2296	2418	6000	5000	1	1	1	1	1	1
7	12	0	5	1000	63020	63022.002	63	998.005	1	3	2	5	4	13254	0	1000	724	544	0	1	3	2	5	4	1548	1682	1812	1914	2020	6000	5000	1	1	1	1	1	1
7	13	1	5	1000	68020	68020.001	68	994.002	3	5	1	2	4	35124	0	1000	630	348	0	3	5	1	2	4	1352	1470	1580	1678	1790	6000	5000	1	1	1	1	1	1
7	14	0	5	1000	73020	73022	73	995.994	1	4	5	2	3	14523	0	1000	712	432	0	1	4	5	2	3	1436	1562	1694	1850	1934	6000	5000	1	1	1	1	1	1
7	15	1	5	1000	78020	78020.027	78	992.026	1	4	5	2	3	14523	0	1000	684	384	0	1	4	5	2	3	1388	1484	1630	1776	1868	6000	5000	1	1	1	1	1	1
7	16	1	5	1000	83020	83020.017	83	990.023	1	4	5	2	3	14523	0	1000	736	360	0	1	4	5	2	3	1364	1470	1628	1792	1912	6000	5000	1	1	1	1	1	1
7	17	0	5	1000	88020	88020.006	88	987.987	1	3	2	5	4	13254	0	16000	712	294	0	1	3	2	5	4	1298	1424	1558	1676	1766	6000	5000	1	1	1	1	1	1
7	18	0	5	1000	108020	108022.003	108	984.025	1	3	2	5	4	13254	0	1000	790	422	0	1	3	2	5	4	1426	1592	1740	1880	2002	6000	5000	1	1	1	1	1	1
7	19	1	5	1000	113020	113020.022	113	980.025	1	3	2	5	4	13254	0	1000	996	346	0	1	3	2	5	4	1350	1504	1678	1848	2176	6000	5000	1	1	1	1	1	1
7	20	0	5	1000	118020	118021.998	118	980.004	3	2	4	5	1	32451	0	1000	768	370	0	3	2	4	5	1	1374	1516	1654	1810	1936	6000	5000	1	1	1	1	1	1
7	21	0	5	1000	123020	123020.01	123	975.985	1	4	5	2	3	14523	0	1000	724	352	0	1	4	5	2	3	1356	1488	1636	1802	1906	6000	5000	1	1	1	1	1	1
7	22	1	5	1000	128020	128020.004	128	974.021	3	2	4	5	1	32451	0	1000	800	320	0	3	2	4	5	1	1324	1462	1584	1756	1892	6000	5000	1	1	1	1	1	1
7	23	1	5	1000	133020	133020.008	133	972.01	3	5	1	2	4	35124	0	1000	694	366	0	3	5	1	2	4	1370	1496	1618	1754	1874	6000	5000	1	1	1	1	1	1
7	24	1	5	1000	138020	138021.983	138	971.984	3	2	4	5	1	32451	0	1000	754	426	0	3	2	4	5	1	1430	1548	1718	1854	2006	6000	5000	1	1	1	1	1	1
7	25	0	5	1000	143020	143020.014	143	970.003	3	5	1	2	4	35124	0	1000	630	454	0	3	5	1	2	4	1458	1576	1682	1794	1896	6000	5000	1	1	1	1	1	1
7	26	0	5	1000	148020	148021.996	148	970.001	3	2	4	5	1	32451	0	1000	764	326	0	3	2	4	5	1	1330	1448	1606	1756	1900	6000	5000	1	1	1	1	1	1
7	27	0	5	1000	153020	153022.029	153	968.016	3	2	4	5	1	32451	0	1000	708	452	0	3	2	4	5	1	1456	1576	1698	1846	1960	6000	5000	1	1	1	1	1	1
7	28	1	5	1000	158020	158020.003	158	965.999	1	4	5	2	3	14523	0	1000	694	474	0	1	4	5	2	3	1478	1610	1752	1912	2016	6000	5000	1	1	1	1	1	1
7	29	1	5	1000	163020	163020.02	163	962.023	3	2	4	5	1	32451	0	1000	734	426	0	3	2	4	5	1	1430	1560	1688	1846	1980	6000	5000	1	1	1	1	1	1
7	30	1	5	1000	168020	168022.001	168	962.003	1	3	2	5	4	13254	0	1000	762	440	0	1	3	2	5	4	1444	1604	1734	1862	1988	6000	5000	1	1	1	1	1	1
7	31	1	5	1000	173020	173021.986	173	959.989	3	2	4	5	1	32451	0	1000	708	416	0	3	2	4	5	1	1420	1536	1658	1800	1918	6000	5000	1	1	1	1	1	1
7	32	0	5	1000	178020	178021.996	178	959.999	1	3	2	5	4	13254	0	1000	794	286	0	1	3	2	5	4	1290	1456	1598	1724	1862	6000	5000	1	1	1	1	1	1
7	33	1	5	1000	183020	183020.018	183	956.009	3	2	4	5	1	32451	0	1000	736	366	0	3	2	4	5	1	1370	1496	1604	1764	1914	6000	5000	1	1	1	1	1	1
7	34	1	5	1000	188020	188021.999	188	955.998	3	2	4	5	1	32451	0	16000	788	414	0	3	2	4	5	1	1418	1546	1676	1848	1960	6000	5000	1	1	1	1	1	1
7	35	1	5	1000	208020	208021.995	208	949.971	3	2	4	5	1	32451	0	1000	768	442	0	3	2	4	5	1	1446	1570	1690	1852	1994	6000	5000	1	1	1	1	1	1
7	36	1	5	1000	213020	213021.997	213	948	1	4	5	2	3	14523	0	1000	730	498	0	1	4	5	2	3	1502	1636	1782	1952	2068	6000	5000	1	1	1	1	1	1
7	37	1	5	1000	218020	218021.995	218	945.996	3	5	1	2	4	35124	0	1000	626	494	0	3	5	1	2	4	1498	1604	1738	1836	1936	6000	5000	1	1	1	1	1	1
7	38	0	5	1000	223020	223021.996	223	943.995	3	2	4	5	1	32451	0	1000	702	398	0	3	2	4	5	1	1402	1520	1624	1760	1870	6000	5000	1	1	1	1	1	1
7	39	0	5	1000	228020	228020.01	228	940.032	3	5	1	2	4	35124	0	1000	676	320	0	3	5	1	2	4	1324	1442	1566	1688	1798	6000	5000	1	1	1	1	1	1
7	40	0	5	1000	233020	233021.997	233	940.016	3	5	1	2	4	35124	0	1000	598	350	0	3	5	1	2	4	1354	1472	1596	1710	1798	6000	5000	1	1	1	1	1	1
7	41	0	5	1000	238020	238020.01	238	936.013	1	3	2	5	4	13254	0	1000	698	364	0	1	3	2	5	4	1368	1500	1632	1740	1840	6000	5000	1	1	1	1	1	1
7	42	0	5	1000	243020	243020.007	243	934.01	1	4	5	2	3	14523	0	1000	608	412	0	1	4	5	2	3	1416	1534	1660	1790	1878	6000	5000	1	1	1	1	1	1
7	43	0	5	1000	248020	248022.005	248	935.973	3	5	1	2	4	35124	0	1000	592	342	0	3	5	1	2	4	1346	1456	1544	1666	1760	6000	5000	1	1	1	1	1	1
7	44	1	5	1000	253020	253020.012	253	932.015	3	5	1	2	4	35124	0	1000	574	308	0	3	5	1	2	4	1312	1420	1524	1630	1722	6000	5000	1	1	1	1	1	1
7	45	0	5	1000	258020	258021.999	258	932.002	3	5	1	2	4	35124	0	1000	556	314	0	3	5	1	2	4	1318	1418	1534	1630	1724	6000	5000	1	1	1	1	1	1
7	46	0	5	1000	263020	263020.021	263	927.994	1	4	5	2	3	14523	0	1000	614	278	0	1	4	5	2	3	1282	1384	1506	1632	1708	6000	5000	1	1	1	1	1	1
7	47	1	5	1000	268020	268020.008	268	926.016	1	3	2	5	4	13254	0	1000	734	352	0	1	3	2	5	4	1356	1496	1634	1746	1872	6000	5000	1	1	1	1	1	1
7	48	0	5	1000	273020	273020.008	273	924.011	3	5	1	2	4	35124	0	1000	650	450	0	3	5	1	2	4	1454	1558	1696	1814	1910	6000	5000	1	1	1	1	1	1
7	49	1	5	1000	278020	278020.011	278	921.984	1	3	2	5	4	13254	0	1000	700	326	0	1	3	2	5	4	1330	1466	1592	1702	1828	6000	5000	1	1	1	1	1	1
7	50	0	5	1000	283020	283022.003	283	923.994	1	3	2	5	4	13254	0	1000	720	462	0	1	3	2	5	4	1466	1594	1718	1842	1948	6000	5000	1	1	1	1	1	1
7	51	0	5	1000	288020	288021.997	288	922.001	3	5	1	2	4	35124	0	16000	592	420	0	3	5	1	2	4	1424	1532	1648	1756	1852	6000	5000	1	1	1	1	1	1
7	52	0	5	1000	308020	308020.009	308	912.001	3	5	1	2	4	35124	0	1000	660	352	0	3	5	1	2	4	1356	1476	1596	1706	1808	6000	5000	1	1	1	1	1	1
7	53	1	5	1000	313020	313020.001	313	911.96	3	2	4	5	1	32451	0	1000	698	482	0	3	2	4	5	1	1486	1594	1714	1868	2002	6000	5000	1	1	1	1	1	1
7	54	0	5	1000	318020	318021.996	318	911.999	3	2	4	5	1	32451	0	1000	674	480	0	3	2	4	5	1	1484	1596	1704	1840	1976	6000	5000	1	1	1	1	1	1
7	55	1	5	1000	323020	323021.997	323	909.987	1	3	2	5	4	13254	0	1000	764	386	0	1	3	2	5	4	1390	1548	1680	1804	1926	6000	5000	1	1	1	1	1	1
7	56	0	5	1000	328020	328020.007	328	906.012	1	4	5	2	3	14523	0	1000	674	344	0	1	4	5	2	3	1348	1458	1624	1762	1856	6000	5000	1	1	1	1	1	1
7	57	0	5	1000	333020	333020.023	333	904.026	1	4	5	2	3	14523	0	1000	722	396	0	1	4	5	2	3	1400	1546	1728	1856	1970	6000	5000	1	1	1	1	1	1
7	58	1	5	1000	338020	338020.004	338	901.985	3	5	1	2	4	35124	0	1000	622	350	0	3	5	1	2	4	1354	1468	1594	1696	1796	6000	5000	1	1	1	1	1	1
7	59	1	5	1000	343020	343020.027	343	900.031	1	3	2	5	4	13254	0	1000	800	288	0	1	3	2	5	4	1292	1458	1598	1726	1838	6000	5000	1	1	1	1	1	1
7	60	1	5	1000	348020	348020	348	899.999	1	3	2	5	4	13254	0	1000	756	324	0	1	3	2	5	4	1328	1466	1614	1724	1844	6000	5000	1	1	1	1	1	1
7	61	1	5	1000	353020	353020.002	353	897.993	3	5	1	2	4	35124	0	1000	668	406	0	3	5	1	2	4	1410	1526	1654	1766	1864	6000	5000	1	1	1	1	1	1
7	62	1	5	1000	358020	358020.061	358	896.05	3	5	1	2	4	35124	0	1000	658	486	0	3	5	1	2	4	1490	1606	1738	1854	1954	6000	5000	1	1	1	1	1	1
7	63	1	5	1000	363020	363020.008	363	894.01	1	4	5	2	3	14523	0	1000	706	340	0	1	4	5	2	3	1344	1456	1608	1746	1836	6000	5000	1	1	1	1	1	1
7	64	1	5	1000	368020	368020	368	891.991	1	3	2	5	4	13254	0	1000	718	338	0	1	3	2	5	4	1342	1468	1614	1734	1838	6000	5000	1	1	1	1	1	1
7	65	1	5	1000	373020	373020.008	373	890.011	1	4	5	2	3	14523	0	1000	684	294	0	1	4	5	2	3	1298	1404	1548	1696	1786	6000	5000	1	1	1	1	1	1
7	66	0	5	1000	378020	378021.996	378	889.999	1	4	5	2	3	14523	0	1000	688	326	0	1	4	5	2	3	1330	1450	1596	1752	1860	6000	5000	1	1	1	1	1	1
7	67	0	5	1000	383020	383020	383	886.002	3	2	4	5	1	32451	0	1000	774	372	0	3	2	4	5	1	1376	1502	1622	1774	1904	6000	5000	1	1	1	1	1	1
7	68	1	5	1000	388020	388020.004	388	886.007	3	5	1	2	4	35124	0	16000	618	290	0	3	5	1	2	4	1294	1410	1518	1604	1708	6000	5000	1	1	1	1	1	1
8	1	1	5	1000	8020	8021.962	9	17.998	3	2	4	5	1	32451	0	1000	738	436	0	3	2	4	5	1	1440	1572	1688	1836	1944	6000	5000	1	1	1	1	1	1
8	2	0	5	1000	13020	13021.963	14	15.99	1	3	2	5	4	13254	0	1000	752	496	0	1	3	2	5	4	1500	1642	1766	1898	2004	6000	5000	1	1	1	1	1	1
8	3	0	5	1000	18020	18021.951	19	14	3	5	1	2	4	35124	0	1000	596	400	0	3	5	1	2	4	1404	1514	1620	1724	1822	6000	5000	1	1	1	1	1	1
8	4	0	5	1000	23020	23021.962	24	12.009	1	4	5	2	3	14523	0	1000	632	316	0	1	4	5	2	3	1320	1430	1556	1694	1790	6000	5000	1	1	1	1	1	1
8	5	0	5	1000	28020	28021.949	29	10.001	1	3	2	5	4	13254	0	1000	692	394	0	1	3	2	5	4	1398	1538	1658	1766	1852	6000	5000	1	1	1	1	1	1
8	6	0	5	1000	33020	33021.961	34	9.998	1	3	2	5	4	13254	0	1000	762	480	0	1	3	2	5	4	1484	1634	1778	1926	2022	6000	5000	1	1	1	1	1	1
8	7	0	5	1000	38020	38021.963	39	8.01	1	4	5	2	3	14523	0	1000	636	336	0	1	4	5	2	3	1340	1470	1598	1726	1820	6000	5000	1	1	1	1	1	1
8	8	0	5	1000	43020	43021.97	44	5.99	3	2	4	5	1	32451	0	1000	674	384	0	3	2	4	5	1	1388	1506	1624	1768	1880	6000	5000	1	1	1	1	1	1
8	9	0	5	1000	48020	48021.963	49	4.001	1	3	2	5	4	13254	0	1000	714	288	0	1	3	2	5	4	1292	1442	1568	1696	1772	6000	5000	1	1	1	1	1	1
8	10	1	5	1000	53020	53021.972	54	2.023	3	5	1	2	4	35124	0	1000	594	346	0	3	5	1	2	4	1350	1478	1588	1692	1792	6000	5000	1	1	1	1	1	1
8	11	0	5	1000	58020	58021.974	59	2.003	3	2	4	5	1	32451	0	1000	754	458	0	3	2	4	5	1	1462	1570	1682	1838	1956	6000	5000	1	1	1	1	1	1
8	12	1	5	1000	63020	63021.964	63	1000.002	1	4	5	2	3	14523	0	1000	658	470	0	1	4	5	2	3	1474	1606	1750	1888	1990	6000	5000	1	1	1	1	1	1
8	13	1	5	1000	68020	68021.964	68	997.974	1	3	2	5	4	13254	0	1000	696	382	0	1	3	2	5	4	1386	1514	1640	1768	1858	6000	5000	1	1	1	1	1	1
8	14	0	5	1000	73020	73021.951	73	995.991	3	5	1	2	4	35124	0	1000	578	388	0	3	5	1	2	4	1392	1508	1616	1726	1836	6000	5000	1	1	1	1	1	1
8	15	0	5	1000	78020	78021.948	78	993.99	3	2	4	5	1	32451	0	1000	838	428	0	3	2	4	5	1	1432	1570	1684	1860	2010	6000	5000	1	1	1	1	1	1
8	16	1	5	1000	83020	83021.963	83	992.001	3	5	1	2	4	35124	0	1000	642	278	0	3	5	1	2	4	1282	1400	1514	1624	1732	6000	5000	1	1	1	1	1	1
8	17	1	5	1000	88020	88021.96	88	989.996	1	4	5	2	3	14523	0	16000	700	416	0	1	4	5	2	3	1420	1550	1702	1854	1950	6000	5000	1	1	1	1	1	1
8	18	1	5	1000	108020	108021.963	108	984.011	1	4	5	2	3	14523	0	1000	680	354	0	1	4	5	2	3	1358	1494	1652	1782	1884	6000	5000	1	1	1	1	1	1
8	19	0	5	1000	113020	113020.047	113	980.083	3	5	1	2	4	35124	0	1000	580	334	0	3	5	1	2	4	1338	1454	1566	1658	1768	6000	5000	1	1	1	1	1	1
8	20	1	5	1000	118020	118022.003	118	980.036	1	3	2	5	4	13254	0	1000	742	326	0	1	3	2	5	4	1330	1464	1604	1748	1842	6000	5000	1	1	1	1	1	1
8	21	0	5	1000	123020	123021.976	123	978.018	1	4	5	2	3	14523	0	1000	622	374	0	1	4	5	2	3	1378	1476	1610	1748	1824	6000	5000	1	1	1	1	1	1
8	22	0	5	1000	128020	128020.044	128	976.103	3	5	1	2	4	35124	0	1000	588	350	0	3	5	1	2	4	1354	1460	1584	1678	1776	6000	5000	1	1	1	1	1	1
8	23	1	5	1000	133020	133021.961	133	975.911	1	4	5	2	3	14523	0	1000	678	300	0	1	4	5	2	3	1304	1410	1556	1716	1812	6000	5000	1	1	1	1	1	1
8	24	1	5	1000	138020	138021.965	138	974.016	3	2	4	5	1	32451	0	1000	738	392	0	3	2	4	5	1	1396	1508	1616	1774	1916	6000	5000	1	1	1	1	1	1
8	25	0	5	1000	143020	143021.959	143	971.997	3	2	4	5	1	32451	0	1000	716	376	0	3	2	4	5	1	1380	1480	1584	1732	1862	6000	5000	1	1	1	1	1	1
8	26	0	5	1000	148020	148022.004	148	970.043	3	5	1	2	4	35124	0	1000	570	458	0	3	5	1	2	4	1462	1572	1684	1774	1874	6000	5000	1	1	1	1	1	1
8	27	0	5	1000	153020	153022.044	153	970.093	3	5	1	2	4	35124	0	1000	630	396	0	3	5	1	2	4	1400	1502	1620	1732	1840	6000	5000	1	1	1	1	1	1
8	28	0	5	1000	158020	158021.964	158	967.995	1	3	2	5	4	13254	0	1000	724	296	0	1	3	2	5	4	1300	1444	1570	1692	1788	6000	5000	1	1	1	1	1	1
8	29	1	5	1000	163020	163021.988	163	966.037	1	4	5	2	3	14523	0	1000	664	332	0	1	4	5	2	3	1336	1456	1612	1754	1844	6000	5000	1	1	1	1	1	1
8	30	1	5	1000	168020	168021.978	168	964.012	3	5	1	2	4	35124	0	1000	624	388	0	3	5	1	2	4	1392	1518	1638	1710	1820	6000	5000	1	1	1	1	1	1
8	31	0	5	1000	173020	173021.941	173	961.979	3	5	1	2	4	35124	0	1000	594	442	0	3	5	1	2	4	1446	1560	1686	1778	1868	6000	5000	1	1	1	1	1	1
8	32	1	5	1000	178020	178022.047	178	960.087	3	5	1	2	4	35124	0	1000	618	338	0	3	5	1	2	4	1342	1444	1576	1654	1762	6000	5000	1	1	1	1	1	1
8	33	0	5	1000	183020	183021.962	183	958.01	1	4	5	2	3	14523	0	1000	648	402	0	1	4	5	2	3	1406	1520	1670	1806	1904	6000	5000	1	1	1	1	1	1
8	34	1	5	1000	188020	188021.958	188	957.996	1	4	5	2	3	14523	0	16000	664	402	0	1	4	5	2	3	1406	1536	1654	1818	1932	6000	5000	1	1	1	1	1	1
8	35	1	5	1000	208020	208021.964	208	950.007	1	4	5	2	3	14523	0	1000	770	372	0	1	4	5	2	3	1376	1508	1664	1852	1968	6000	5000	1	1	1	1	1	1
8	36	0	5	1000	213020	213021.948	213	947.984	3	2	4	5	1	32451	0	1000	672	376	0	3	2	4	5	1	1380	1482	1574	1728	1848	6000	5000	1	1	1	1	1	1
8	37	0	5	1000	218020	218021.964	218	948.013	1	4	5	2	3	14523	0	1000	710	332	0	1	4	5	2	3	1336	1454	1588	1768	1888	6000	5000	1	1	1	1	1	1
8	38	1	5	1000	223020	223021.963	223	946.013	1	3	2	5	4	13254	0	1000	740	318	0	1	3	2	5	4	1322	1440	1564	1676	1814	6000	5000	1	1	1	1	1	1
8	39	0	5	1000	228020	228021.964	228	944.01	3	2	4	5	1	32451	0	1000	726	294	0	3	2	4	5	1	1298	1406	1506	1678	1800	6000	5000	1	1	1	1	1	1
8	40	1	5	1000	233020	233021.952	233	941.969	3	2	4	5	1	32451	0	1000	706	328	0	3	2	4	5	1	1332	1442	1542	1704	1834	6000	5000	1	1	1	1	1	1
8	41	0	5	1000	238020	238021.951	238	940.001	1	4	5	2	3	14523	0	1000	656	292	0	1	4	5	2	3	1296	1378	1536	1692	1770	6000	5000	1	1	1	1	1	1
8	42	1	5	1000	243020	243021.955	243	938.018	3	2	4	5	1	32451	0	1000	752	358	0	3	2	4	5	1	1362	1476	1580	1742	1872	6000	5000	1	1	1	1	1	1
8	43	1	5	1000	248020	248021.931	248	937.975	3	2	4	5	1	32451	0	1000	722	410	0	3	2	4	5	1	1414	1518	1636	1790	1902	6000	5000	1	1	1	1	1	1
8	44	0	5	1000	253020	253021.952	253	935.999	3	5	1	2	4	35124	0	1000	586	416	0	3	5	1	2	4	1420	1526	1626	1736	1838	6000	5000	1	1	1	1	1	1
8	45	1	5	1000	258020	258021.967	258	934.019	3	2	4	5	1	32451	0	1000	678	334	0	3	2	4	5	1	1338	1426	1526	1696	1816	6000	5000	1	1	1	1	1	1
8	46	1	5	1000	263020	263021.948	263	931.987	3	5	1	2	4	35124	0	1000	570	414	0	3	5	1	2	4	1418	1540	1642	1736	1820	6000	5000	1	1	1	1	1	1
8	47	1	5	1000	268020	268021.961	268	929.995	3	5	1	2	4	35124	0	1000	590	384	0	3	5	1	2	4	1388	1484	1606	1688	1790	6000	5000	1	1	1	1	1	1
8	48	1	5	1000	273020	273022	273	928.034	3	2	4	5	1	32451	0	1000	700	362	0	3	2	4	5	1	1366	1458	1548	1722	1862	6000	5000	1	1	1	1	1	1
8	49	1	5	1000	278020	278021.984	278	928.019	1	3	2	5	4	13254	0	1000	690	384	0	1	3	2	5	4	1388	1516	1646	1748	1872	6000	5000	1	1	1	1	1	1
8	50	1	5	1000	283020	283021.949	283	925.998	1	4	5	2	3	14523	0	1000	608	398	0	1	4	5	2	3	1402	1506	1636	1762	1822	6000	5000	1	1	1	1	1	1
8	51	1	5	1000	288020	288021.956	288	923.995	1	4	5	2	3	14523	0	16000	640	404	0	1	4	5	2	3	1408	1510	1630	1790	1842	6000	5000	1	1	1	1	1	1
8	52	1	5	1000	308020	308021.951	308	917.988	1	4	5	2	3	14523	0	1000	656	330	0	1	4	5	2	3	1334	1444	1606	1736	1822	6000	5000	1	1	1	1	1	1
8	53	0	5	1000	313020	313021.953	313	915.978	1	3	2	5	4	13254	0	1000	708	374	0	1	3	2	5	4	1378	1506	1628	1748	1854	6000	5000	1	1	1	1	1	1
8	54	1	5	1000	318020	318021.951	318	913.991	1	3	2	5	4	13254	0	1000	694	330	0	1	3	2	5	4	1334	1462	1594	1704	1798	6000	5000	1	1	1	1	1	1
8	55	1	5	1000	323020	323021.953	323	914.001	3	5	1	2	4	35124	0	1000	590	310	0	3	5	1	2	4	1314	1434	1542	1646	1752	6000	5000	1	1	1	1	1	1
8	56	1	5	1000	328020	328021.965	328	910.002	1	3	2	5	4	13254	0	1000	684	400	0	1	3	2	5	4	1404	1526	1648	1776	1866	6000	5000	1	1	1	1	1	1
8	57	1	5	1000	333020	333021.95	333	909.996	3	2	4	5	1	32451	0	1000	698	334	0	3	2	4	5	1	1338	1442	1544	1714	1838	6000	5000	1	1	1	1	1	1
8	58	1	5	1000	338020	338021.954	338	907.994	1	4	5	2	3	14523	0	1000	622	428	0	1	4	5	2	3	1432	1542	1676	1810	1904	6000	5000	1	1	1	1	1	1
8	59	0	5	1000	343020	343021.952	343	906.002	1	4	5	2	3	14523	0	1000	600	434	0	1	4	5	2	3	1438	1560	1708	1820	1910	6000	5000	1	1	1	1	1	1
8	60	0	5	1000	348020	348021.948	348	903.985	1	4	5	2	3	14523	0	1000	630	358	0	1	4	5	2	3	1362	1482	1622	1754	1850	6000	5000	1	1	1	1	1	1
8	61	1	5	1000	353020	353021.961	353	901.982	3	5	1	2	4	35124	0	1000	554	326	0	3	5	1	2	4	1330	1446	1538	1638	1736	6000	5000	1	1	1	1	1	1
8	62	0	5	1000	358020	358021.952	358	899.999	1	3	2	5	4	13254	0	1000	668	432	0	1	3	2	5	4	1436	1560	1684	1786	1862	6000	5000	1	1	1	1	1	1
8	63	0	5	1000	363020	363021.956	363	897.996	3	2	4	5	1	32451	0	1000	700	296	0	3	2	4	5	1	1300	1408	1514	1670	1790	6000	5000	1	1	1	1	1	1
8	64	0	5	1000	368020	368021.949	368	897.995	3	2	4	5	1	32451	0	1000	672	394	0	3	2	4	5	1	1398	1510	1608	1758	1856	6000	5000	1	1	1	1	1	1
8	65	1	5	1000	373020	373021.951	373	896.003	1	3	2	5	4	13254	0	1000	782	460	0	1	3	2	5	4	1464	1612	1744	1870	1986	6000	5000	1	1	1	1	1	1
8	66	1	5	1000	378020	378021.948	378	893.987	1	3	2	5	4	13254	0	1000	732	364	0	1	3	2	5	4	1368	1500	1624	1744	1836	6000	5000	1	1	1	1	1	1
8	67	0	5	1000	383020	383021.961	383	892.01	1	3	2	5	4	13254	0	1000	746	420	0	1	3	2	5	4	1424	1606	1718	1838	1930	6000	5000	1	1	1	1	1	1
8	68	1	5	1000	388020	388021.961	388	890.01	3	2	4	5	1	32451	0	16000	694	364	0	3	2	4	5	1	1368	1472	1592	1740	1858	6000	5000	1	1	1	1	1	1