BN	TN	seqType	Horizon	PrepTime	startTime	startTimeReal	startTRReal	startTRtime	press0	press1	press2	press3	press4	cueP	complete	iti	MT	RT	isError	response0	response1	response2	response3	response4	pressTime0	pressTime1	pressTime2	pressTime3	pressTime4	timeThreshold	timeThresholdSuper	points	Gain1	Gain2	Gain3	Gain4	Gain5
1	1	0	5	1000	8020	8020.009	9	16.034	3	2	4	5	1	32451	0	1000	1408	854	0	3	2	4	5	1	1858	2160	2456	2730	3024	6000	5000	1	1	1	1	1	1
1	2	1	5	1000	13020	13021.985	14	15.986	1	4	5	2	3	14523	0	1000	1356	520	0	1	4	5	2	3	1524	1830	2122	2416	2688	6000	5000	1	1	1	1	1	1
1	3	0	5	1000	18020	18021.987	19	13.976	3	2	4	5	1	32451	0	1000	1252	566	0	3	2	4	5	1	1570	1842	2088	2336	2584	6000	5000	1	1	1	1	1	1
1	4	1	5	1000	23020	23021.988	24	12.004	1	3	2	5	4	13254	0	1000	1248	488	0	1	3	2	5	4	1492	1770	2024	2270	2522	6000	5000	1	1	1	1	1	1
1	5	0	5	1000	28020	28020	29	7.999	1	3	2	5	4	13254	0	1000	1210	436	0	1	3	2	5	4	1440	1700	1962	2198	2448	6000	5000	1	1	1	1	1	1
1	6	0	5	1000	33020	33021.995	34	7.984	1	3	2	5	4	13254	0	1000	1194	376	0	1	3	2	5	4	1380	1650	1908	2154	2394	6000	5000	1	1	1	1	1	1
1	7	1	5	1000	38020	38021.993	39	5.993	1	3	2	5	4	13254	0	1000	1170	466	0	1	3	2	5	4	1470	1746	1990	2212	2454	6000	5000	1	1	1	1	1	1
1	8	1	5	1000	43020	43021.975	44	5.986	3	5	1	2	4	35124	0	1000	1200	438	0	3	5	1	2	4	1442	1702	1976	2222	2470	6000	5000	1	1	1	1	1	1
1	9	1	5	1000	48020	48021.985	49	4.009	1	3	2	5	4	13254	0	1000	1258	442	0	1	3	2	5	4	1446	1714	1982	2224	2504	6000	5000	1	1	1	1	1	1
1	10	1	5	1000	53020	53021.987	54	2.005	1	3	2	5	4	13254	0	1000	1254	474	0	1	3	2	5	4	1478	1750	2014	2270	2532	6000	5000	1	1	1	1	1	1
1	11	0	5	1000	58020	58021.986	59	0	1	4	5	2	3	14523	0	1000	1300	410	0	1	4	5	2	3	1414	1720	1988	2262	2534	6000	5000	1	1	1	1	1	1
1	12	0	5	1000	63020	63021.974	63	997.999	1	3	2	5	4	13254	0	1000	1348	438	0	1	3	2	5	4	1442	1744	2034	2288	2566	6000	5000	1	1	1	1	1	1
1	13	0	5	1000	68020	68021.965	68	996.008	3	5	1	2	4	35124	0	1000	1274	528	0	3	5	1	2	4	1532	1808	2088	2364	2630	6000	5000	1	1	1	1	1	1
1	14	0	5	1000	73020	73021.971	73	995.998	3	2	4	5	1	32451	0	1000	1316	590	0	3	2	4	5	1	1594	1894	2172	2438	2696	6000	5000	1	1	1	1	1	1
1	15	1	5	1000	78020	78021.981	78	994.014	3	2	4	5	1	32451	0	1000	1214	396	0	3	2	4	5	1	1400	1666	1914	2154	2382	6000	5000	1	1	1	1	1	1
1	16	0	5	1000	83020	83021.967	83	991.978	3	5	1	2	4	35124	0	1000	1264	448	0	3	5	1	2	4	1452	1744	1994	2258	2530	6000	5000	1	1	1	1	1	1
1	17	1	5	1000	88020	88021.987	88	990.003	1	3	2	5	4	13254	0	16000	1246	446	0	1	3	2	5	4	1450	1740	2000	2254	2510	6000	5000	1	1	1	1	1	1
1	18	1	5	1000	108020	108021.975	108	983.979	1	3	2	5	4	13254	0	1000	1364	794	0	1	3	2	5	4	1798	2124	2414	2674	2972	6000	5000	1	1	1	1	1	1
1	19	0	5	1000	113020	113020.03	113	980.052	3	2	4	5	1	32451	0	1000	1310	454	0	3	2	4	5	1	1458	1738	2008	2282	2542	6000	5000	1	1	1	1	1	1
1	20	0	5	1000	118020	118021.972	118	979.997	3	2	4	5	1	32451	0	1000	1230	512	0	3	2	4	5	1	1516	1768	2024	2270	2518	6000	5000	1	1	1	1	1	1
1	21	0	5	1000	123020	123021.992	123	978.014	1	4	5	2	3	14523	0	1000	1230	394	0	1	4	5	2	3	1398	1666	1948	2204	2464	6000	5000	1	1	1	1	1	1
1	22	1	5	1000	128020	128022.007	128	976.051	3	5	1	2	4	35124	0	1000	1186	474	0	3	5	1	2	4	1478	1732	2002	2250	2498	6000	5000	1	1	1	1	1	1
1	23	1	5	1000	133020	133021.958	133	973.983	3	2	4	5	1	32451	0	1000	1220	426	0	3	2	4	5	1	1430	1688	1958	2210	2426	6000	5000	1	1	1	1	1	1
1	24	1	5	1000	138020	138021.955	138	971.894	1	4	5	2	3	14523	0	1000	1186	476	0	1	4	5	2	3	1480	1746	2002	2238	2492	6000	5000	1	1	1	1	1	1
1	25	1	5	1000	143020	143021.988	143	972.013	1	3	2	5	4	13254	0	1000	1168	504	0	1	3	2	5	4	1508	1782	2030	2254	2498	6000	5000	1	1	1	1	1	1
1	26	1	5	1000	148020	148021.984	148	970.027	1	4	5	2	3	14523	0	1000	1224	522	0	1	4	5	2	3	1526	1814	2070	2322	2576	6000	5000	1	1	1	1	1	1
1	27	0	5	1000	153020	153021.986	153	968.016	1	4	5	2	3	14523	0	1000	1238	482	0	1	4	5	2	3	1486	1770	2038	2292	2552	6000	5000	1	1	1	1	1	1
1	28	0	5	1000	158020	158021.959	158	965.968	1	4	5	2	3	14523	0	1000	1222	418	0	1	4	5	2	3	1422	1698	1966	2220	2466	6000	5000	1	1	1	1	1	1
1	29	1	5	1000	163020	163020.001	163	962.015	1	3	2	5	4	13254	0	1000	1186	502	0	1	3	2	5	4	1506	1778	2026	2260	2498	6000	5000	1	1	1	1	1	1
1	30	1	5	1000	168020	168021.975	168	961.976	3	2	4	5	1	32451	0	1000	1252	424	0	3	2	4	5	1	1428	1694	1942	2194	2444	6000	5000	1	1	1	1	1	1
1	31	1	5	1000	173020	173022.009	173	960.011	3	5	1	2	4	35124	0	1000	1192	440	0	3	5	1	2	4	1444	1706	1964	2212	2452	6000	5000	1	1	1	1	1	1
1	32	0	5	1000	178020	178020.022	178	958.012	3	5	1	2	4	35124	0	1000	1194	480	0	3	5	1	2	4	1484	1754	2010	2256	2502	6000	5000	1	1	1	1	1	1
1	33	1	5	1000	183020	183020	183	956.012	3	2	4	5	1	32451	0	1000	1176	416	0	3	2	4	5	1	1420	1672	1916	2144	2348	6000	5000	1	1	1	1	1	1
1	34	0	5	1000	188020	188021.986	188	955.987	1	3	2	5	4	13254	0	16000	1224	376	0	1	3	2	5	4	1380	1654	1922	2164	2426	6000	5000	1	1	1	1	1	1
1	35	0	5	1000	208020	208021.984	208	947.987	1	3	2	5	4	13254	0	1000	1338	586	0	1	3	2	5	4	1590	1882	2198	2464	2738	6000	5000	1	1	1	1	1	1
1	36	0	5	1000	213020	213022.088	213	946.115	1	4	5	2	3	14523	0	1000	1250	560	0	1	4	5	2	3	1564	1858	2122	2380	2648	6000	5000	1	1	1	1	1	1
1	37	0	5	1000	218020	218021.998	218	946.009	3	5	1	2	4	35124	0	1000	1132	418	0	3	5	1	2	4	1422	1668	1924	2170	2396	6000	5000	1	1	1	1	1	1
1	38	0	5	1000	223020	223021.975	223	943.978	3	5	1	2	4	35124	0	1000	1226	484	0	3	5	1	2	4	1488	1762	2046	2300	2548	6000	5000	1	1	1	1	1	1
1	39	0	5	1000	228020	228020.01	228	940.026	1	4	5	2	3	14523	0	1000	1146	540	0	1	4	5	2	3	1544	1806	2040	2288	2522	6000	5000	1	1	1	1	1	1
1	40	1	5	1000	233020	233021.985	233	939.987	3	2	4	5	1	32451	0	1000	1156	456	0	3	2	4	5	1	1460	1708	1944	2164	2404	6000	5000	1	1	1	1	1	1
1	41	0	5	1000	238020	238022.1	238	938.103	3	2	4	5	1	32451	0	1000	1184	466	0	3	2	4	5	1	1470	1720	1956	2202	2442	6000	5000	1	1	1	1	1	1
1	42	0	5	1000	243020	243021.987	243	935.998	3	5	1	2	4	35124	0	1000	1178	528	0	3	5	1	2	4	1532	1782	2026	2266	2524	6000	5000	1	1	1	1	1	1
1	43	1	5	1000	248020	248020.001	248	932.013	3	5	1	2	4	35124	0	1000	1128	432	0	3	5	1	2	4	1436	1684	1918	2162	2400	6000	5000	1	1	1	1	1	1
1	44	1	5	1000	253020	253021.985	253	933.996	3	5	1	2	4	35124	0	1000	1142	366	0	3	5	1	2	4	1370	1610	1860	2108	2342	6000	5000	1	1	1	1	1	1
1	45	0	5	1000	258020	258022	258	932.003	1	3	2	5	4	13254	0	1000	1132	412	0	1	3	2	5	4	1416	1666	1892	2114	2360	6000	5000	1	1	1	1	1	1
1	46	1	5	1000	263020	263021.998	263	930.01	1	4	5	2	3	14523	0	1000	1152	446	0	1	4	5	2	3	1450	1712	1954	2186	2438	6000	5000	1	1	1	1	1	1
1	47	1	5	1000	268020	268021.999	268	928.012	1	4	5	2	3	14523	0	1000	1178	568	0	1	4	5	2	3	1572	1840	2094	2330	2578	6000	5000	1	1	1	1	1	1
1	48	0	5	1000	273020	273020.01	273	923.979	1	3	2	5	4	13254	0	1000	1196	422	0	1	3	2	5	4	1426	1684	1932	2174	2432	6000	5000	1	1	1	1	1	1
1	49	1	5	1000	278020	278022.008	278	924.008	3	5	1	2	4	35124	0	1000	1174	422	0	3	5	1	2	4	1426	1676	1918	2160	2416	6000	5000	1	1	1	1	1	1
1	50	1	5	1000	283020	283021.973	283	921.979	1	4	5	2	3	14523	0	1000	1160	466	0	1	4	5	2	3	1470	1732	1976	2212	2456	6000	5000	1	1	1	1	1	1
1	51	1	5	1000	288020	288022.005	288	921.92	3	5	1	2	4	35124	0	16000	1186	476	0	3	5	1	2	4	1480	1748	2000	2246	2494	6000	5000	1	1	1	1	1	1
1	52	1	5	1000	308020	308021.997	308	914	3	5	1	2	4	35124	0	1000	1326	416	0	3	5	1	2	4	1420	1718	2002	2286	2570	6000	5000	1	1	1	1	1	1
1	53	0	5	1000	313020	313020.08	313	910.083	3	2	4	5	1	32451	0	1000	1364	632	0	3	2	4	5	1	1636	1906	2168	2432	2758	6000	5000	1	1	1	1	1	1
1	54	1	5	1000	318020	318021.972	318	910.004	3	5	1	2	4	35124	0	1000	1322	574	0	3	5	1	2	4	1578	1870	2160	2442	2726	6000	5000	1	1	1	1	1	1
1	55	0	5	1000	323020	323021.967	323	910	1	4	5	2	3	14523	0	1000	1270	934	0	1	4	5	2	3	1938	2212	2486	2758	3034	6000	5000	1	1	1	1	1	1
1	56	0	5	1000	328020	328021.976	328	908.015	3	2	4	5	1	32451	0	1000	1322	542	0	3	2	4	5	1	1546	1824	2098	2370	2652	6000	5000	1	1	1	1	1	1
1	57	0	5	1000	333020	333021.973	333	906.004	1	3	2	5	4	13254	0	1000	1282	436	0	1	3	2	5	4	1440	1716	1992	2260	2524	6000	5000	1	1	1	1	1	1
1	58	1	5	1000	338020	338021.975	338	904.01	3	2	4	5	1	32451	0	1000	1226	534	0	3	2	4	5	1	1538	1798	2062	2312	2554	6000	5000	1	1	1	1	1	1
1	59	1	5	1000	343020	343021.965	343	901.998	3	2	4	5	1	32451	0	1000	1296	450	0	3	2	4	5	1	1454	1716	2000	2270	2522	6000	5000	1	1	1	1	1	1
1	60	0	5	1000	348020	348021.982	348	900.004	1	4	5	2	3	14523	0	1000	1250	464	0	1	4	5	2	3	1468	1768	2022	2282	2544	6000	5000	1	1	1	1	1	1
1	61	1	5	1000	353020	353021.961	353	898.002	1	4	5	2	3	14523	0	1000	1186	508	0	1	4	5	2	3	1512	1774	2030	2272	2528	6000	5000	1	1	1	1	1	1
1	62	0	5	1000	358020	358021.962	358	897.998	3	5	1	2	4	35124	0	1000	1268	560	0	3	5	1	2	4	1564	1852	2128	2402	2660	6000	5000	1	1	1	1	1	1
1	63	1	5	1000	363020	363021.972	363	896.006	1	4	5	2	3	14523	0	1000	1206	514	0	1	4	5	2	3	1518	1762	2038	2290	2552	6000	5000	1	1	1	1	1	1
1	64	1	5	1000	368020	368021.971	368	894.007	3	2	4	5	1	32451	0	1000	1266	446	0	3	2	4	5	1	1450	1716	1986	2250	2502	6000	5000	1	1	1	1	1	1
1	65	1	5	1000	373020	373021.975	373	892.006	1	3	2	5	4	13254	0	1000	1244	464	0	1	3	2	5	4	1468	1750	2014	2260	2528	6000	5000	1	1	1	1	1	1
1	66	0	5	1000	378020	378021.966	378	890.006	3	5	1	2	4	35124	0	1000	1280	510	0	3	5	1	2	4	1514	1816	2078	2342	2620	6000	5000	1	1	1	1	1	1
1	67	0	5	1000	383020	383021.967	383	887.994	1	3	2	5	4	13254	0	1000	1330	490	0	1	3	2	5	4	1494	1778	2056	2320	2586	6000	5000	1	1	1	1	1	1
1	68	0	5	1000	388020	388021.958	388	885.982	3	2	4	5	1	32451	0	16000	1292	590	0	3	2	4	5	1	1594	1858	2134	2400	2658	6000	5000	1	1	1	1	1	1
2	1	1	5	1000	8020	8020.037	9	16.023	1	3	2	5	4	13254	0	1000	1336	628	0	1	3	2	5	4	1632	1952	2236	2506	2774	6000	5000	1	1	1	1	1	1
2	2	0	5	1000	13020	13020.017	14	14.001	3	5	1	2	4	35124	0	1000	1262	596	0	3	5	1	2	4	1600	1894	2168	2434	2702	6000	5000	1	1	1	1	1	1
2	3	1	5	1000	18020	18020.016	19	12.001	3	2	4	5	1	32451	0	1000	1210	452	0	3	2	4	5	1	1456	1718	1964	2202	2456	6000	5000	1	1	1	1	1	1
2	4	0	5	1000	23020	23020.028	24	9.986	3	2	4	5	1	32451	0	1000	1282	482	0	3	2	4	5	1	1486	1752	2014	2270	2538	6000	5000	1	1	1	1	1	1
2	5	0	5	1000	28020	28020.015	29	9.873	3	5	1	2	4	35124	0	1000	1260	356	0	3	5	1	2	4	1360	1632	1924	2184	2456	6000	5000	1	1	1	1	1	1
2	6	0	5	1000	33020	33020.03	34	7.987	3	5	1	2	4	35124	0	1000	1296	366	0	3	5	1	2	4	1370	1666	1944	2244	2516	6000	5000	1	1	1	1	1	1
2	7	0	5	1000	38020	38020.027	39	5.997	3	2	4	5	1	32451	0	1000	1286	580	0	3	2	4	5	1	1584	1856	2116	2396	2658	6000	5000	1	1	1	1	1	1
2	8	0	5	1000	43020	43020.036	44	4	3	2	4	5	1	32451	0	1000	1256	510	0	3	2	4	5	1	1514	1786	2044	2292	2550	6000	5000	1	1	1	1	1	1
2	9	1	5	1000	48020	48020.029	49	2.001	3	2	4	5	1	32451	0	1000	1256	442	0	3	2	4	5	1	1446	1730	1988	2228	2482	6000	5000	1	1	1	1	1	1
2	10	0	5	1000	53020	53020.002	54	0	1	3	2	5	4	13254	0	1000	1284	466	0	1	3	2	5	4	1470	1750	2034	2292	2568	6000	5000	1	1	1	1	1	1
2	11	0	5	1000	58020	58020.027	58	999.996	3	5	1	2	4	35124	0	1000	1242	422	0	3	5	1	2	4	1426	1700	1962	2230	2502	6000	5000	1	1	1	1	1	1
2	12	1	5	1000	63020	63020.018	63	997.988	3	5	1	2	4	35124	0	1000	1198	472	0	3	5	1	2	4	1476	1736	2000	2258	2510	6000	5000	1	1	1	1	1	1
2	13	1	5	1000	68020	68020.093	68	996.076	3	5	1	2	4	35124	0	1000	1200	416	0	3	5	1	2	4	1420	1694	1950	2204	2452	6000	5000	1	1	1	1	1	1
2	14	0	5	1000	73020	73020.018	73	993.99	1	4	5	2	3	14523	0	1000	1290	560	0	1	4	5	2	3	1564	1854	2144	2414	2688	6000	5000	1	1	1	1	1	1
2	15	1	5	1000	78020	78020.043	78	992.005	1	3	2	5	4	13254	0	1000	1220	484	0	1	3	2	5	4	1488	1774	2030	2296	2548	6000	5000	1	1	1	1	1	1
2	16	1	5	1000	83020	83020.027	83	990.01	3	2	4	5	1	32451	0	1000	1188	480	0	3	2	4	5	1	1484	1742	1988	2240	2480	6000	5000	1	1	1	1	1	1
2	17	1	5	1000	88020	88020.038	88	988.007	1	3	2	5	4	13254	0	16000	1200	518	0	1	3	2	5	4	1522	1792	2048	2298	2548	6000	5000	1	1	1	1	1	1
2	18	1	5	1000	108020	108020.029	108	981.823	1	3	2	5	4	13254	0	1000	1286	568	0	1	3	2	5	4	1572	1882	2154	2428	2690	6000	5000	1	1	1	1	1	1
2	19	0	5	1000	113020	113020.018	113	979.993	1	3	2	5	4	13254	0	1000	1338	512	0	1	3	2	5	4	1516	1800	2092	2392	2666	6000	5000	1	1	1	1	1	1
2	20	0	5	1000	118020	118020.026	118	978.021	3	2	4	5	1	32451	0	1000	1362	502	0	3	2	4	5	1	1506	1794	2080	2356	2648	6000	5000	1	1	1	1	1	1
2	21	0	5	1000	123020	123020.039	123	975.992	1	4	5	2	3	14523	0	1000	1214	538	0	1	4	5	2	3	1542	1822	2092	2356	2614	6000	5000	1	1	1	1	1	1
2	22	1	5	1000	128020	128020.014	128	973.994	1	4	5	2	3	14523	0	1000	1116	478	0	1	4	5	2	3	1482	1746	1984	2226	2466	6000	5000	1	1	1	1	1	1
2	23	0	5	1000	133020	133020.029	133	974.013	1	3	2	5	4	13254	0	1000	1150	436	0	1	3	2	5	4	1440	1700	1956	2182	2432	6000	5000	1	1	1	1	1	1
2	24	1	5	1000	138020	138020.03	138	972.013	3	5	1	2	4	35124	0	1000	1224	462	0	3	5	1	2	4	1466	1740	2008	2280	2538	6000	5000	1	1	1	1	1	1
2	25	1	5	1000	143020	143020.042	143	970.027	1	3	2	5	4	13254	0	1000	1228	524	0	1	3	2	5	4	1528	1810	2070	2330	2580	6000	5000	1	1	1	1	1	1
2	26	0	5	1000	148020	148020.004	148	967.977	3	2	4	5	1	32451	0	1000	0	488	1	2	2	4	5	0	1492	2804	3536	3772	0	6000	5000	0	1	1	1	1	1
2	27	1	5	1000	153020	153020.04	153	966.011	3	5	1	2	4	35124	0	1000	1188	592	0	3	5	1	2	4	1596	1868	2120	2366	2620	6000	5000	1	1	1	1	1	1
2	28	1	5	1000	158020	158020.027	158	964.01	3	2	4	5	1	32451	0	1000	1194	414	0	3	2	4	5	1	1418	1680	1932	2170	2404	6000	5000	1	1	1	1	1	1
2	29	1	5	1000	163020	163021.987	163	963.979	3	2	4	5	1	32451	0	1000	1174	518	0	3	2	4	5	1	1522	1778	2036	2268	2496	6000	5000	1	1	1	1	1	1
2	30	0	5	1000	168020	168020.003	168	961.987	1	4	5	2	3	14523	0	1000	1120	464	0	1	4	5	2	3	1468	1724	1956	2208	2438	6000	5000	1	1	1	1	1	1
2	31	0	5	1000	173020	173020.13	173	959.953	1	4	5	2	3	14523	0	1000	1198	432	0	1	4	5	2	3	1436	1710	1956	2208	2478	6000	5000	1	1	1	1	1	1
2	32	1	5	1000	178020	178020.045	178	958.021	3	5	1	2	4	35124	0	1000	1192	544	0	3	5	1	2	4	1548	1814	2090	2354	2602	6000	5000	1	1	1	1	1	1
2	33	1	5	1000	183020	183020.003	183	957.986	1	4	5	2	3	14523	0	1000	1204	416	0	1	4	5	2	3	1420	1702	1960	2206	2466	6000	5000	1	1	1	1	1	1
2	34	1	5	1000	188020	188020.144	188	954.117	3	5	1	2	4	35124	0	16000	1206	582	0	3	5	1	2	4	1586	1874	2136	2390	2636	6000	5000	1	1	1	1	1	1
2	35	1	5	1000	208020	208020.011	208	948.024	3	5	1	2	4	35124	0	1000	1276	526	0	3	5	1	2	4	1530	1828	2100	2386	2656	6000	5000	1	1	1	1	1	1
2	36	0	5	1000	213020	213020.04	213	946.023	3	5	1	2	4	35124	0	1000	1280	640	0	3	5	1	2	4	1644	1936	2212	2494	2776	6000	5000	1	1	1	1	1	1
2	37	0	5	1000	218020	218020.006	218	943.989	1	4	5	2	3	14523	0	1000	1272	494	0	1	4	5	2	3	1498	1784	2030	2326	2618	6000	5000	1	1	1	1	1	1
2	38	0	5	1000	223020	223020.018	223	942.005	1	3	2	5	4	13254	0	1000	1282	512	0	1	3	2	5	4	1516	1796	2080	2350	2622	6000	5000	1	1	1	1	1	1
2	39	0	5	1000	228020	228020.006	228	939.995	1	4	5	2	3	14523	0	1000	1186	534	0	1	4	5	2	3	1538	1808	2074	2332	2592	6000	5000	1	1	1	1	1	1
2	40	1	5	1000	233020	233020.008	233	938.022	3	2	4	5	1	32451	0	1000	1166	472	0	3	2	4	5	1	1476	1732	1986	2224	2448	6000	5000	1	1	1	1	1	1
2	41	1	5	1000	238020	238020.008	238	938.015	1	4	5	2	3	14523	0	1000	1154	512	0	1	4	5	2	3	1516	1764	2020	2262	2514	6000	5000	1	1	1	1	1	1
2	42	1	5	1000	243020	243020.005	243	935.998	1	3	2	5	4	13254	0	1000	1226	530	0	1	3	2	5	4	1534	1798	2058	2336	2586	6000	5000	1	1	1	1	1	1
2	43	1	5	1000	248020	248020.007	248	933.992	1	4	5	2	3	14523	0	1000	1212	458	0	1	4	5	2	3	1462	1730	1992	2256	2520	6000	5000	1	1	1	1	1	1
2	44	0	5	1000	253020	253020.003	253	932.001	3	2	4	5	1	32451	0	1000	1256	652	0	3	2	4	5	1	1656	1944	2198	2438	2702	6000	5000	1	1	1	1	1	1
2	45	1	5	1000	258020	258020.002	258	929.994	1	3	2	5	4	13254	0	1000	1222	460	0	1	3	2	5	4	1464	1740	2002	2270	2528	6000	5000	1	1	1	1	1	1
2	46	0	5	1000	263020	263020.006	263	927.977	1	4	5	2	3	14523	0	1000	1226	510	0	1	4	5	2	3	1514	1804	2072	2328	2598	6000	5000	1	1	1	1	1	1
2	47	0	5	1000	268020	268020.004	268	926.006	3	2	4	5	1	32451	0	1000	1220	466	0	3	2	4	5	1	1470	1720	1990	2244	2484	6000	5000	1	1	1	1	1	1
2	48	0	5	1000	273020	273021.985	273	927.978	1	3	2	5	4	13254	0	1000	1278	444	0	1	3	2	5	4	1448	1750	2028	2294	2558	6000	5000	1	1	1	1	1	1
2	49	1	5	1000	278020	278021.99	278	925.985	3	2	4	5	1	32451	0	1000	1230	480	0	3	2	4	5	1	1484	1746	2022	2278	2524	6000	5000	1	1	1	1	1	1
2	50	1	5	1000	283020	283022.006	283	924.015	3	5	1	2	4	35124	0	1000	1220	480	0	3	5	1	2	4	1484	1740	2008	2276	2554	6000	5000	1	1	1	1	1	1
2	51	0	5	1000	288020	288020.007	288	920.014	1	3	2	5	4	13254	0	16000	1240	474	0	1	3	2	5	4	1478	1766	2024	2300	2560	6000	5000	1	1	1	1	1	1
2	52	0	5	1000	308020	308020.006	308	914.022	1	3	2	5	4	13254	0	1000	1400	836	0	1	3	2	5	4	1840	2192	2522	2810	3078	6000	5000	1	1	1	1	1	1
2	53	1	5	1000	313020	313021.992	313	913.993	1	3	2	5	4	13254	0	1000	1280	462	0	1	3	2	5	4	1466	1774	2048	2324	2600	6000	5000	1	1	1	1	1	1
2	54	1	5	1000	318020	318021.995	318	912.012	3	5	1	2	4	35124	0	1000	1228	514	0	3	5	1	2	4	1518	1802	2072	2328	2592	6000	5000	1	1	1	1	1	1
2	55	0	5	1000	323020	323021.986	323	910.002	3	2	4	5	1	32451	0	1000	1216	476	0	3	2	4	5	1	1480	1738	1998	2236	2488	6000	5000	1	1	1	1	1	1
2	56	1	5	1000	328020	328022.005	328	907.989	1	4	5	2	3	14523	0	1000	1296	536	0	1	4	5	2	3	1540	1826	2122	2390	2674	6000	5000	1	1	1	1	1	1
2	57	0	5	1000	333020	333021.988	333	905.994	1	4	5	2	3	14523	0	1000	1288	434	0	1	4	5	2	3	1438	1728	2018	2274	2554	6000	5000	1	1	1	1	1	1
2	58	0	5	1000	338020	338021.987	338	906	3	5	1	2	4	35124	0	1000	1284	436	0	3	5	1	2	4	1440	1714	1986	2272	2566	6000	5000	1	1	1	1	1	1
2	59	0	5	1000	343020	343021.996	343	904.004	1	3	2	5	4	13254	0	1000	1330	402	0	1	3	2	5	4	1406	1704	1986	2270	2558	6000	5000	1	1	1	1	1	1
2	60	0	5	1000	348020	348020.002	348	900.015	1	3	2	5	4	13254	0	1000	1290	506	0	1	3	2	5	4	1510	1800	2080	2360	2644	6000	5000	1	1	1	1	1	1
2	61	1	5	1000	353020	353020.014	353	898.028	1	4	5	2	3	14523	0	1000	1718	580	0	1	4	5	2	3	1584	1904	2546	2902	3172	6000	5000	1	1	1	1	1	1
2	62	1	5	1000	358020	358020.003	358	896.002	3	2	4	5	1	32451	0	1000	1264	500	0	3	2	4	5	1	1504	1776	2060	2312	2578	6000	5000	1	1	1	1	1	1
2	63	0	5	1000	363020	363021.989	363	895.978	3	5	1	2	4	35124	0	1000	1266	386	0	3	5	1	2	4	1390	1672	1948	2208	2482	6000	5000	1	1	1	1	1	1
2	64	1	5	1000	368020	368020.007	368	892.019	1	4	5	2	3	14523	0	1000	1332	542	0	1	4	5	2	3	1546	1858	2156	2452	2734	6000	5000	1	1	1	1	1	1
2	65	1	5	1000	373020	373021.993	373	892.009	1	4	5	2	3	14523	0	1000	1398	508	0	1	4	5	2	3	1512	1792	2078	2358	2768	6000	5000	1	1	1	1	1	1
2	66	0	5	1000	378020	378021.989	378	891.999	3	5	1	2	4	35124	0	1000	1378	550	0	3	5	1	2	4	1554	1852	2148	2454	2766	6000	5000	1	1	1	1	1	1
2	67	1	5	1000	383020	383021.999	383	889.999	1	3	2	5	4	13254	0	1000	1258	474	0	1	3	2	5	4	1478	1772	2034	2310	2584	6000	5000	1	1	1	1	1	1
2	68	1	5	1000	388020	388021.987	388	887.989	1	3	2	5	4	13254	0	16000	1248	550	0	1	3	2	5	4	1554	1848	2124	2386	2646	6000	5000	1	1	1	1	1	1
3	1	0	5	1000	8020	8021.991	9	17.989	3	5	1	2	4	35124	0	1000	1374	578	0	3	5	1	2	4	1582	1926	2216	2514	2802	6000	5000	1	1	1	1	1	1
3	2	1	5	1000	13020	13020.005	14	14.013	1	3	2	5	4	13254	0	1000	1298	646	0	1	3	2	5	4	1650	1944	2236	2512	2786	6000	5000	1	1	1	1	1	1
3	3	0	5	1000	18020	18022.11	19	14.118	3	2	4	5	1	32451	0	1000	1294	434	0	3	2	4	5	1	1438	1722	1982	2266	2542	6000	5000	1	1	1	1	1	1
3	4	0	5	1000	23020	23020.007	24	10.003	3	5	1	2	4	35124	0	1000	1276	430	0	3	5	1	2	4	1434	1716	1994	2268	2548	6000	5000	1	1	1	1	1	1
3	5	1	5	1000	28020	28022.001	29	10.01	1	4	5	2	3	14523	0	1000	1182	514	0	1	4	5	2	3	1518	1778	2028	2290	2546	6000	5000	1	1	1	1	1	1
3	6	0	5	1000	33020	33022.001	34	8.009	3	5	1	2	4	35124	0	1000	1242	412	0	3	5	1	2	4	1416	1680	1960	2236	2498	6000	5000	1	1	1	1	1	1
3	7	0	5	1000	38020	38022.108	39	8.115	1	4	5	2	3	14523	0	1000	1210	574	0	1	4	5	2	3	1578	1836	2104	2370	2640	6000	5000	1	1	1	1	1	1
3	8	1	5	1000	43020	43021.993	44	5.911	1	3	2	5	4	13254	0	1000	1254	520	0	1	3	2	5	4	1524	1802	2080	2342	2616	6000	5000	1	1	1	1	1	1
3	9	1	5	1000	48020	48020.005	49	2.001	1	4	5	2	3	14523	0	1000	1272	468	0	1	4	5	2	3	1472	1752	2032	2304	2586	6000	5000	1	1	1	1	1	1
3	10	1	5	1000	53020	53021.991	54	1.997	3	2	4	5	1	32451	0	1000	1290	536	0	3	2	4	5	1	1540	1816	2092	2350	2614	6000	5000	1	1	1	1	1	1
3	11	1	5	1000	58020	58020.004	58	997.999	1	3	2	5	4	13254	0	1000	1250	512	0	1	3	2	5	4	1516	1804	2070	2352	2636	6000	5000	1	1	1	1	1	1
3	12	1	5	1000	63020	63020.016	63	996.012	3	2	4	5	1	32451	0	1000	1226	494	0	3	2	4	5	1	1498	1774	2032	2288	2532	6000	5000	1	1	1	1	1	1
3	13	0	5	1000	68020	68021.992	68	997.998	3	5	1	2	4	35124	0	1000	1226	454	0	3	5	1	2	4	1458	1730	2008	2256	2534	6000	5000	1	1	1	1	1	1
3	14	0	5	1000	73020	73021.995	73	996.002	1	3	2	5	4	13254	0	1000	1266	482	0	1	3	2	5	4	1486	1788	2054	2342	2600	6000	5000	1	1	1	1	1	1
3	15	1	5	1000	78020	78020.06	78	992.055	3	5	1	2	4	35124	0	1000	1216	834	0	3	5	1	2	4	1838	2128	2396	2660	2916	6000	5000	1	1	1	1	1	1
3	16	0	5	1000	83020	83021.992	83	991.988	1	3	2	5	4	13254	0	1000	1314	444	0	1	3	2	5	4	1448	1750	2042	2314	2622	6000	5000	1	1	1	1	1	1
3	17	0	5	1000	88020	88021.996	88	990.008	3	2	4	5	1	32451	0	16000	1284	482	0	3	2	4	5	1	1486	1760	2052	2324	2590	6000	5000	1	1	1	1	1	1
3	18	0	5	1000	108020	108022.015	108	984.006	3	2	4	5	1	32451	0	1000	1338	600	0	3	2	4	5	1	1604	1906	2198	2474	2742	6000	5000	1	1	1	1	1	1
3	19	0	5	1000	113020	113021.992	113	981.988	1	4	5	2	3	14523	0	1000	1342	528	0	1	4	5	2	3	1532	1838	2114	2412	2706	6000	5000	1	1	1	1	1	1
3	20	1	5	1000	118020	118021.992	118	979.99	1	4	5	2	3	14523	0	1000	1348	550	0	1	4	5	2	3	1554	1856	2148	2442	2736	6000	5000	1	1	1	1	1	1
3	21	1	5	1000	123020	123020.005	123	976.002	1	4	5	2	3	14523	0	1000	1564	550	0	1	4	5	2	3	1554	1862	2398	2692	2960	6000	5000	1	1	1	1	1	1
3	22	0	5	1000	128020	128022.087	128	976.095	1	4	5	2	3	14523	0	1000	1240	458	0	1	4	5	2	3	1462	1740	2006	2292	2554	6000	5000	1	1	1	1	1	1
3	23	0	5	1000	133020	133021.981	133	973.988	1	4	5	2	3	14523	0	1000	1336	398	0	1	4	5	2	3	1402	1724	2016	2310	2584	6000	5000	1	1	1	1	1	1
3	24	0	5	1000	138020	138020.005	138	972.009	1	3	2	5	4	13254	0	1000	1288	392	0	1	3	2	5	4	1396	1676	1966	2252	2524	6000	5000	1	1	1	1	1	1
3	25	1	5	1000	143020	143021.995	143	972.002	1	3	2	5	4	13254	0	1000	1342	516	0	1	3	2	5	4	1520	1844	2134	2436	2716	6000	5000	1	1	1	1	1	1
3	26	1	5	1000	148020	148020.049	148	968.044	3	5	1	2	4	35124	0	1000	1284	562	0	3	5	1	2	4	1566	1852	2152	2432	2708	6000	5000	1	1	1	1	1	1
3	27	0	5	1000	153020	153020.001	153	966.008	3	2	4	5	1	32451	0	1000	1350	466	0	3	2	4	5	1	1470	1770	2046	2338	2628	6000	5000	1	1	1	1	1	1
3	28	0	5	1000	158020	158021.992	158	965.986	3	2	4	5	1	32451	0	1000	1366	552	0	3	2	4	5	1	1556	1856	2150	2432	2710	6000	5000	1	1	1	1	1	1
3	29	1	5	1000	163020	163020.005	163	961.977	1	4	5	2	3	14523	0	1000	1268	490	0	1	4	5	2	3	1494	1786	2052	2336	2612	6000	5000	1	1	1	1	1	1
3	30	0	5	1000	168020	168020.005	168	960.023	3	2	4	5	1	32451	0	1000	1322	562	0	3	2	4	5	1	1566	1826	2106	2398	2666	6000	5000	1	1	1	1	1	1
3	31	1	5	1000	173020	173020.086	173	960.095	3	5	1	2	4	35124	0	1000	1296	678	0	3	5	1	2	4	1682	1980	2268	2552	2824	6000	5000	1	1	1	1	1	1
3	32	1	5	1000	178020	178020.033	178	958.012	1	4	5	2	3	14523	0	1000	1312	468	0	1	4	5	2	3	1472	1772	2056	2328	2612	6000	5000	1	1	1	1	1	1
3	33	1	5	1000	183020	183020.005	183	955.998	1	3	2	5	4	13254	0	1000	1250	564	0	1	3	2	5	4	1568	1848	2122	2412	2672	6000	5000	1	1	1	1	1	1
3	34	0	5	1000	188020	188021.992	188	955.985	3	5	1	2	4	35124	0	16000	1330	600	0	3	5	1	2	4	1604	1902	2200	2508	2786	6000	5000	1	1	1	1	1	1
3	35	0	5	1000	208020	208022.015	208	950.024	3	5	1	2	4	35124	0	1000	1314	478	0	3	5	1	2	4	1482	1782	2068	2364	2626	6000	5000	1	1	1	1	1	1
3	36	1	5	1000	213020	213021.99	213	947.997	3	2	4	5	1	32451	0	1000	1268	434	0	3	2	4	5	1	1438	1722	1998	2262	2494	6000	5000	1	1	1	1	1	1
3	37	1	5	1000	218020	218020.014	218	944.02	1	4	5	2	3	14523	0	1000	1254	426	0	1	4	5	2	3	1430	1714	1988	2256	2514	6000	5000	1	1	1	1	1	1
3	38	1	5	1000	223020	223020.076	223	942.085	3	5	1	2	4	35124	0	1000	1224	482	0	3	5	1	2	4	1486	1766	2024	2308	2566	6000	5000	1	1	1	1	1	1
3	39	1	5	1000	228020	228021.962	228	941.982	1	3	2	5	4	13254	0	1000	1244	510	0	1	3	2	5	4	1514	1810	2078	2346	2604	6000	5000	1	1	1	1	1	1
3	40	0	5	1000	233020	233021.963	233	939.985	1	3	2	5	4	13254	0	1000	1202	490	0	1	3	2	5	4	1494	1780	2042	2288	2542	6000	5000	1	1	1	1	1	1
3	41	1	5	1000	238020	238021.992	238	938.015	3	2	4	5	1	32451	0	1000	1210	582	0	3	2	4	5	1	1586	1866	2134	2390	2640	6000	5000	1	1	1	1	1	1
3	42	1	5	1000	243020	243021.982	243	936.02	3	5	1	2	4	35124	0	1000	1228	504	0	3	5	1	2	4	1508	1794	2070	2348	2594	6000	5000	1	1	1	1	1	1
3	43	0	5	1000	248020	248021.965	248	935.997	1	4	5	2	3	14523	0	1000	1228	610	0	1	4	5	2	3	1614	1914	2174	2448	2698	6000	5000	1	1	1	1	1	1
3	44	0	5	1000	253020	253021.968	253	933.997	3	2	4	5	1	32451	0	1000	1254	532	0	3	2	4	5	1	1536	1824	2088	2338	2594	6000	5000	1	1	1	1	1	1
3	45	1	5	1000	258020	258021.965	258	931.998	3	2	4	5	1	32451	0	1000	1266	512	0	3	2	4	5	1	1516	1792	2054	2322	2584	6000	5000	1	1	1	1	1	1
3	46	0	5	1000	263020	263021.962	263	930.002	1	4	5	2	3	14523	0	1000	1302	670	0	1	4	5	2	3	1674	1974	2242	2522	2804	6000	5000	1	1	1	1	1	1
3	47	1	5	1000	268020	268021.964	268	928	3	2	4	5	1	32451	0	1000	1264	480	0	3	2	4	5	1	1484	1736	2024	2280	2538	6000	5000	1	1	1	1	1	1
3	48	1	5	1000	273020	273021.965	273	925.998	3	2	4	5	1	32451	0	1000	1258	470	0	3	2	4	5	1	1474	1736	2002	2254	2512	6000	5000	1	1	1	1	1	1
3	49	0	5	1000	278020	278021.965	278	923.975	3	2	4	5	1	32451	0	1000	1258	506	0	3	2	4	5	1	1510	1774	2052	2304	2554	6000	5000	1	1	1	1	1	1
3	50	0	5	1000	283020	283021.965	283	924	1	3	2	5	4	13254	0	1000	1256	620	0	1	3	2	5	4	1624	1918	2174	2452	2730	6000	5000	1	1	1	1	1	1
3	51	0	5	1000	288020	288021.965	288	921.996	1	4	5	2	3	14523	0	16000	1242	558	0	1	4	5	2	3	1562	1856	2116	2394	2656	6000	5000	1	1	1	1	1	1
3	52	0	5	1000	308020	308021.991	308	914.02	1	4	5	2	3	14523	0	1000	0	0	0	0	0	0	0	0	0	0	0	0	0	6000	5000	0	1	1	1	1	1
3	53	0	5	1000	313020	313021.972	313	911.988	3	5	1	2	4	35124	0	1000	1358	658	0	3	5	1	2	4	1662	1970	2256	2566	2858	6000	5000	1	1	1	1	1	1
3	54	0	5	1000	318020	318021.978	318	911.995	3	5	1	2	4	35124	0	1000	1330	500	0	3	5	1	2	4	1504	1812	2096	2380	2662	6000	5000	1	1	1	1	1	1
3	55	0	5	1000	323020	323021.981	323	909.987	3	2	4	5	1	32451	0	1000	1296	458	0	3	2	4	5	1	1462	1736	2008	2270	2548	6000	5000	1	1	1	1	1	1
3	56	1	5	1000	328020	328021.98	328	908.002	1	3	2	5	4	13254	0	1000	1240	514	0	1	3	2	5	4	1518	1814	2072	2340	2590	6000	5000	1	1	1	1	1	1
3	57	1	5	1000	333020	333021.986	333	905.99	1	3	2	5	4	13254	0	1000	1210	460	0	1	3	2	5	4	1464	1730	1998	2252	2504	6000	5000	1	1	1	1	1	1
3	58	0	5	1000	338020	338020.023	338	902.028	1	4	5	2	3	14523	0	1000	1226	430	0	1	4	5	2	3	1434	1726	1984	2246	2502	6000	5000	1	1	1	1	1	1
3	59	1	5	1000	343020	343021.961	343	901.978	3	5	1	2	4	35124	0	1000	1140	488	0	3	5	1	2	4	1492	1742	1998	2244	2476	6000	5000	1	1	1	1	1	1
3	60	1	5	1000	348020	348021.965	348	899.982	3	5	1	2	4	35124	0	1000	1158	496	0	3	5	1	2	4	1500	1760	2036	2294	2522	6000	5000	1	1	1	1	1	1
3	61	1	5	1000	353020	353021.979	353	899.99	3	2	4	5	1	32451	0	1000	1180	462	0	3	2	4	5	1	1466	1722	1970	2218	2452	6000	5000	1	1	1	1	1	1
3	62	0	5	1000	358020	358022.006	358	898.011	1	3	2	5	4	13254	0	1000	1158	482	0	1	3	2	5	4	1486	1754	2000	2238	2494	6000	5000	1	1	1	1	1	1
3	63	1	5	1000	363020	363021.963	363	895.981	1	4	5	2	3	14523	0	1000	1126	556	0	1	4	5	2	3	1560	1812	2046	2296	2542	6000	5000	1	1	1	1	1	1
3	64	0	5	1000	368020	368021.981	368	893.979	1	3	2	5	4	13254	0	1000	1202	482	0	1	3	2	5	4	1486	1752	2014	2276	2532	6000	5000	1	1	1	1	1	1
3	65	0	5	1000	373020	373020.027	373	890.022	1	3	2	5	4	13254	0	1000	1228	502	0	1	3	2	5	4	1506	1774	2056	2330	2576	6000	5000	1	1	1	1	1	1
3	66	0	5	1000	378020	378022.005	378	890.012	3	5	1	2	4	35124	0	1000	1214	774	0	3	5	1	2	4	1778	2040	2310	2576	2832	6000	5000	1	1	1	1	1	1
3	67	1	5	1000	383020	383021.965	383	887.971	3	5	1	2	4	35124	0	1000	1206	526	0	3	5	1	2	4	1530	1796	2066	2342	2592	6000	5000	1	1	1	1	1	1
3	68	0	5	1000	388020	388021.993	388	888.009	3	5	1	2	4	35124	0	16000	1274	502	0	3	5	1	2	4	1506	1790	2068	2358	2616	6000	5000	1	1	1	1	1	1
4	1	1	5	1000	8020	8022.051	9	17.971	3	2	4	5	1	32451	0	1000	1362	602	0	3	2	4	5	1	1606	1918	2182	2472	2736	6000	5000	1	1	1	1	1	1
4	2	1	5	1000	13020	13021.988	14	16.011	3	2	4	5	1	32451	0	1000	1322	654	0	3	2	4	5	1	1658	1944	2228	2500	2770	6000	5000	1	1	1	1	1	1
4	3	0	5	1000	18020	18021.998	19	16.01	1	3	2	5	4	13254	0	1000	1246	522	0	1	3	2	5	4	1526	1804	2070	2338	2598	6000	5000	1	1	1	1	1	1
4	4	0	5	1000	23020	23021.977	24	12.001	1	3	2	5	4	13254	0	1000	1232	400	0	1	3	2	5	4	1404	1700	1956	2210	2486	6000	5000	1	1	1	1	1	1
4	5	0	5	1000	28020	28021.977	29	11.997	3	5	1	2	4	35124	0	1000	1334	570	0	3	5	1	2	4	1574	1858	2142	2450	2736	6000	5000	1	1	1	1	1	1
4	6	0	5	1000	33020	33021.991	34	10.002	1	3	2	5	4	13254	0	1000	1312	496	0	1	3	2	5	4	1500	1794	2086	2376	2650	6000	5000	1	1	1	1	1	1
4	7	0	5	1000	38020	38020.001	39	6.001	3	2	4	5	1	32451	0	1000	1390	622	0	3	2	4	5	1	1626	1942	2226	2516	2808	6000	5000	1	1	1	1	1	1
4	8	1	5	1000	43020	43021.99	44	5.981	1	3	2	5	4	13254	0	1000	1320	518	0	1	3	2	5	4	1522	1830	2116	2406	2676	6000	5000	1	1	1	1	1	1
4	9	0	5	1000	48020	48021.988	49	3.991	3	5	1	2	4	35124	0	1000	1366	468	0	3	5	1	2	4	1472	1752	2042	2360	2678	6000	5000	1	1	1	1	1	1
4	10	1	5	1000	53020	53022.112	54	2.124	3	5	1	2	4	35124	0	1000	1354	578	0	3	5	1	2	4	1582	1870	2160	2456	2764	6000	5000	1	1	1	1	1	1
4	11	1	5	1000	58020	58020	58	999.998	1	4	5	2	3	14523	0	1000	1406	490	0	1	4	5	2	3	1494	1800	2118	2420	2718	6000	5000	1	1	1	1	1	1
4	12	1	5	1000	63020	63021.988	64	0	3	2	4	5	1	32451	0	1000	1304	572	0	3	2	4	5	1	1576	1840	2134	2398	2664	6000	5000	1	1	1	1	1	1
4	13	1	5	1000	68020	68021.988	68	998	1	4	5	2	3	14523	0	1000	1322	484	0	1	4	5	2	3	1488	1782	2064	2350	2640	6000	5000	1	1	1	1	1	1
4	14	0	5	1000	73020	73021.978	73	995.984	3	5	1	2	4	35124	0	1000	1392	480	0	3	5	1	2	4	1484	1774	2068	2382	2702	6000	5000	1	1	1	1	1	1
4	15	0	5	1000	78020	78021.996	78	994.027	3	5	1	2	4	35124	0	1000	1396	474	0	3	5	1	2	4	1478	1802	2096	2408	2724	6000	5000	1	1	1	1	1	1
4	16	1	5	1000	83020	83020.03	83	990.044	3	2	4	5	1	32451	0	1000	1326	494	0	3	2	4	5	1	1498	1774	2060	2348	2626	6000	5000	1	1	1	1	1	1
4	17	0	5	1000	88020	88020.005	88	988.028	3	5	1	2	4	35124	0	16000	1406	394	0	3	5	1	2	4	1398	1716	1990	2286	2600	6000	5000	1	1	1	1	1	1
4	18	0	5	1000	108020	108021.987	108	983.978	3	5	1	2	4	35124	0	1000	1296	636	0	3	5	1	2	4	1640	1944	2216	2504	2790	6000	5000	1	1	1	1	1	1
4	19	1	5	1000	113020	113022.059	113	982.073	1	3	2	5	4	13254	0	1000	1298	506	0	1	3	2	5	4	1510	1824	2108	2370	2636	6000	5000	1	1	1	1	1	1
4	20	1	5	1000	118020	118021.999	118	979.997	1	3	2	5	4	13254	0	1000	1226	406	0	1	3	2	5	4	1410	1694	1954	2212	2466	6000	5000	1	1	1	1	1	1
4	21	1	5	1000	123020	123020.014	123	975.997	3	5	1	2	4	35124	0	1000	1282	454	0	3	5	1	2	4	1458	1742	2014	2298	2586	6000	5000	1	1	1	1	1	1
4	22	1	5	1000	128020	128021.987	128	977.912	1	3	2	5	4	13254	0	1000	1264	424	0	1	3	2	5	4	1428	1730	1996	2288	2536	6000	5000	1	1	1	1	1	1
4	23	1	5	1000	133020	133020.002	133	974.013	3	2	4	5	1	32451	0	1000	1252	404	0	3	2	4	5	1	1408	1680	1942	2210	2464	6000	5000	1	1	1	1	1	1
4	24	0	5	1000	138020	138020.008	138	972.011	3	2	4	5	1	32451	0	1000	1240	540	0	3	2	4	5	1	1544	1826	2100	2346	2588	6000	5000	1	1	1	1	1	1
4	25	1	5	1000	143020	143020.012	143	970.024	1	4	5	2	3	14523	0	1000	1202	510	0	1	4	5	2	3	1514	1802	2066	2318	2576	6000	5000	1	1	1	1	1	1
4	26	1	5	1000	148020	148022.001	148	970.015	3	5	1	2	4	35124	0	1000	1268	714	0	3	5	1	2	4	1718	2020	2280	2558	2836	6000	5000	1	1	1	1	1	1
4	27	0	5	1000	153020	153022.01	153	968.021	1	4	5	2	3	14523	0	1000	1274	554	0	1	4	5	2	3	1558	1844	2132	2388	2664	6000	5000	1	1	1	1	1	1
4	28	0	5	1000	158020	158020.002	158	964.001	1	4	5	2	3	14523	0	1000	1332	542	0	1	4	5	2	3	1546	1878	2158	2446	2724	6000	5000	1	1	1	1	1	1
4	29	1	5	1000	163020	163021.988	163	965.99	1	4	5	2	3	14523	0	1000	1250	666	0	1	4	5	2	3	1670	1938	2210	2506	2778	6000	5000	1	1	1	1	1	1
4	30	0	5	1000	168020	168021.977	168	963.988	1	3	2	5	4	13254	0	1000	1270	470	0	1	3	2	5	4	1474	1766	2034	2294	2566	6000	5000	1	1	1	1	1	1
4	31	1	5	1000	173020	173020.021	173	960.033	1	3	2	5	4	13254	0	1000	1312	542	0	1	3	2	5	4	1546	1864	2144	2436	2698	6000	5000	1	1	1	1	1	1
4	32	0	5	1000	178020	178021.978	178	959.977	1	3	2	5	4	13254	0	1000	1272	422	0	1	3	2	5	4	1426	1720	2002	2262	2532	6000	5000	1	1	1	1	1	1
4	33	0	5	1000	183020	183020.011	183	956.033	1	4	5	2	3	14523	0	1000	1324	434	0	1	4	5	2	3	1438	1742	2030	2324	2606	6000	5000	1	1	1	1	1	1
4	34	1	5	1000	188020	188020.169	188	954.155	3	2	4	5	1	32451	0	16000	1332	748	0	3	2	4	5	1	1752	2036	2322	2594	2868	6000	5000	1	1	1	1	1	1
4	35	1	5	1000	208020	208021.989	208	950.002	3	2	4	5	1	32451	0	1000	1352	682	0	3	2	4	5	1	1686	1978	2284	2558	2842	6000	5000	1	1	1	1	1	1
4	36	1	5	1000	213020	213020.001	213	946.013	1	3	2	5	4	13254	0	1000	1294	478	0	1	3	2	5	4	1482	1798	2062	2344	2612	6000	5000	1	1	1	1	1	1
4	37	0	5	1000	218020	218020.126	218	944.137	1	4	5	2	3	14523	0	1000	1296	468	0	1	4	5	2	3	1472	1770	2054	2330	2610	6000	5000	1	1	1	1	1	1
4	38	1	5	1000	223020	223021.987	223	943.998	3	5	1	2	4	35124	0	1000	1326	482	0	3	5	1	2	4	1486	1784	2076	2378	2656	6000	5000	1	1	1	1	1	1
4	39	1	5	1000	228020	228021.988	228	941.965	3	5	1	2	4	35124	0	1000	1288	370	0	3	5	1	2	4	1374	1672	1948	2236	2526	6000	5000	1	1	1	1	1	1
4	40	0	5	1000	233020	233021.988	233	942.012	1	3	2	5	4	13254	0	1000	1306	578	0	1	3	2	5	4	1582	1868	2172	2448	2738	6000	5000	1	1	1	1	1	1
4	41	1	5	1000	238020	238021.988	238	939.99	1	4	5	2	3	14523	0	1000	1288	552	0	1	4	5	2	3	1556	1838	2126	2394	2684	6000	5000	1	1	1	1	1	1
4	42	0	5	1000	243020	243020.013	243	936.025	3	2	4	5	1	32451	0	1000	1312	536	0	3	2	4	5	1	1540	1826	2114	2384	2654	6000	5000	1	1	1	1	1	1
4	43	0	5	1000	248020	248020.027	248	934.039	3	5	1	2	4	35124	0	1000	1352	654	0	3	5	1	2	4	1658	1956	2250	2558	2846	6000	5000	1	1	1	1	1	1
4	44	1	5	1000	253020	253021.99	253	933.987	1	4	5	2	3	14523	0	1000	1336	614	0	1	4	5	2	3	1618	1932	2220	2504	2806	6000	5000	1	1	1	1	1	1
4	45	1	5	1000	258020	258021.994	258	932.009	1	4	5	2	3	14523	0	1000	1298	768	0	1	4	5	2	3	1772	2066	2338	2634	2934	6000	5000	1	1	1	1	1	1
4	46	0	5	1000	263020	263021.984	263	930.005	1	4	5	2	3	14523	0	1000	1306	594	0	1	4	5	2	3	1598	1922	2188	2468	2746	6000	5000	1	1	1	1	1	1
4	47	0	5	1000	268020	268021.977	268	930.008	3	2	4	5	1	32451	0	1000	1336	558	0	3	2	4	5	1	1562	1854	2138	2412	2716	6000	5000	1	1	1	1	1	1
4	48	0	5	1000	273020	273020.002	273	926.032	1	3	2	5	4	13254	0	1000	1338	772	0	1	3	2	5	4	1776	2090	2384	2680	2950	6000	5000	1	1	1	1	1	1
4	49	1	5	1000	278020	278021.977	278	926.012	3	5	1	2	4	35124	0	1000	1274	552	0	3	5	1	2	4	1556	1842	2110	2390	2660	6000	5000	1	1	1	1	1	1
4	50	1	5	1000	283020	283021.988	283	924.004	3	2	4	5	1	32451	0	1000	1344	452	0	3	2	4	5	1	1456	1722	2026	2324	2590	6000	5000	1	1	1	1	1	1
4	51	0	5	1000	288020	288021.96	288	921.97	1	4	5	2	3	14523	0	16000	1332	426	0	1	4	5	2	3	1430	1740	2022	2316	2618	6000	5000	1	1	1	1	1	1
4	52	0	5	1000	308020	308021.98	308	915.99	1	4	5	2	3	14523	0	1000	1724	564	0	1	4	5	2	3	1568	1928	2472	2842	3142	6000	5000	1	1	1	1	1	1
4	53	1	5	1000	313020	313021.976	313	913.997	1	3	2	5	4	13254	0	1000	1384	478	0	1	3	2	5	4	1482	1790	2104	2416	2714	6000	5000	1	1	1	1	1	1
4	54	1	5	1000	318020	318021.987	318	912.011	1	4	5	2	3	14523	0	1000	1322	504	0	1	4	5	2	3	1508	1810	2090	2392	2684	6000	5000	1	1	1	1	1	1
4	55	1	5	1000	323020	323021.981	323	910.016	1	3	2	5	4	13254	0	1000	1330	454	0	1	3	2	5	4	1458	1762	2056	2344	2630	6000	5000	1	1	1	1	1	1
4	56	0	5	1000	328020	328021.981	328	907.993	3	2	4	5	1	32451	0	1000	1358	468	0	3	2	4	5	1	1472	1760	2058	2346	2636	6000	5000	1	1	1	1	1	1
4	57	1	5	1000	333020	333021.978	333	908.003	3	5	1	2	4	35124	0	1000	1300	454	0	3	5	1	2	4	1458	1742	2046	2336	2604	6000	5000	1	1	1	1	1	1
4	58	0	5	1000	338020	338021.977	338	905.999	3	5	1	2	4	35124	0	1000	1304	478	0	3	5	1	2	4	1482	1764	2062	2370	2634	6000	5000	1	1	1	1	1	1
4	59	0	5	1000	343020	343021.981	343	904.003	3	2	4	5	1	32451	0	1000	1252	454	0	3	2	4	5	1	1458	1736	2012	2270	2524	6000	5000	1	1	1	1	1	1
4	60	0	5	1000	348020	348021.982	348	901.992	1	4	5	2	3	14523	0	1000	1278	442	0	1	4	5	2	3	1446	1754	2026	2296	2578	6000	5000	1	1	1	1	1	1
4	61	0	5	1000	353020	353021.979	353	900.003	3	5	1	2	4	35124	0	1000	1332	464	0	3	5	1	2	4	1468	1750	2054	2366	2642	6000	5000	1	1	1	1	1	1
4	62	0	5	1000	358020	358021.975	358	897.986	1	4	5	2	3	14523	0	1000	1306	496	0	1	4	5	2	3	1500	1794	2074	2374	2654	6000	5000	1	1	1	1	1	1
4	63	0	5	1000	363020	363021.984	363	896.007	1	3	2	5	4	13254	0	1000	1320	642	0	1	3	2	5	4	1646	1956	2252	2536	2834	6000	5000	1	1	1	1	1	1
4	64	1	5	1000	368020	368022.009	368	894.004	3	2	4	5	1	32451	0	1000	1268	528	0	3	2	4	5	1	1532	1802	2086	2344	2620	6000	5000	1	1	1	1	1	1
4	65	1	5	1000	373020	373021.979	373	894.002	3	5	1	2	4	35124	0	1000	1242	456	0	3	5	1	2	4	1460	1742	2026	2316	2582	6000	5000	1	1	1	1	1	1
4	66	0	5	1000	378020	378021.979	378	891.979	3	2	4	5	1	32451	0	1000	1310	482	0	3	2	4	5	1	1486	1746	2044	2354	2628	6000	5000	1	1	1	1	1	1
4	67	0	5	1000	383020	383021.976	383	889.989	3	2	4	5	1	32451	0	1000	1374	554	0	3	2	4	5	1	1558	1848	2156	2470	2742	6000	5000	1	1	1	1	1	1
4	68	1	5	1000	388020	388021.979	388	887.974	3	2	4	5	1	32451	0	16000	1374	564	0	3	2	4	5	1	1568	1884	2168	2458	2734	6000	5000	1	1	1	1	1	1
5	1	1	5	1000	8020	8020.003	9	15.999	3	5	1	2	4	35124	0	1000	1660	694	0	3	5	1	2	4	1698	2074	2440	2814	3170	6000	5000	1	1	1	1	1	1
5	2	1	5	1000	13020	13020.113	14	14.109	1	4	5	2	3	14523	0	1000	1616	880	0	1	4	5	2	3	1884	2246	2594	2968	3334	6000	5000	1	1	1	1	1	1
5	3	0	5	1000	18020	18021.976	19	13.897	1	3	2	5	4	13254	0	1000	1594	558	0	1	3	2	5	4	1562	1904	2258	2622	2956	6000	5000	1	1	1	1	1	1
5	4	0	5	1000	23020	23022.113	24	14.12	1	3	2	5	4	13254	0	1000	1554	554	0	1	3	2	5	4	1558	1904	2254	2598	2920	6000	5000	1	1	1	1	1	1
5	5	1	5	1000	28020	28020.047	29	10.051	1	3	2	5	4	13254	0	1000	1440	516	0	1	3	2	5	4	1520	1850	2186	2516	2806	6000	5000	1	1	1	1	1	1
5	6	1	5	1000	33020	33020.005	34	7.975	3	5	1	2	4	35124	0	1000	1456	456	0	3	5	1	2	4	1460	1782	2090	2418	2746	6000	5000	1	1	1	1	1	1
5	7	1	5	1000	38020	38020.024	39	6.032	3	2	4	5	1	32451	0	1000	1522	438	0	3	2	4	5	1	1442	1770	2096	2420	2726	6000	5000	1	1	1	1	1	1
5	8	0	5	1000	43020	43020.013	44	3.994	1	4	5	2	3	14523	0	1000	1414	540	0	1	4	5	2	3	1544	1866	2192	2486	2788	6000	5000	1	1	1	1	1	1
5	9	1	5	1000	48020	48021.994	49	4.001	3	2	4	5	1	32451	0	1000	1416	498	0	3	2	4	5	1	1502	1788	2114	2416	2708	6000	5000	1	1	1	1	1	1
5	10	1	5	1000	53020	53021.993	54	2	1	3	2	5	4	13254	0	1000	1486	484	0	1	3	2	5	4	1488	1840	2166	2504	2812	6000	5000	1	1	1	1	1	1
5	11	1	5	1000	58020	58021.988	59	1.993	1	3	2	5	4	13254	0	1000	1518	388	0	1	3	2	5	4	1392	1740	2072	2428	2748	6000	5000	1	1	1	1	1	1
5	12	0	5	1000	63020	63020.027	63	998.021	3	2	4	5	1	32451	0	1000	1482	492	0	3	2	4	5	1	1496	1800	2130	2458	2770	6000	5000	1	1	1	1	1	1
5	13	0	5	1000	68020	68020.004	68	996.003	1	3	2	5	4	13254	0	1000	1518	452	0	1	3	2	5	4	1456	1804	2150	2494	2812	6000	5000	1	1	1	1	1	1
5	14	0	5	1000	73020	73020.087	73	994.083	3	5	1	2	4	35124	0	1000	1466	508	0	3	5	1	2	4	1512	1824	2140	2474	2826	6000	5000	1	1	1	1	1	1
5	15	1	5	1000	78020	78021.98	78	993.951	3	5	1	2	4	35124	0	1000	1460	440	0	3	5	1	2	4	1444	1770	2094	2432	2750	6000	5000	1	1	1	1	1	1
5	16	0	5	1000	83020	83020.002	83	990.01	3	5	1	2	4	35124	0	1000	1488	406	0	3	5	1	2	4	1410	1722	2060	2392	2738	6000	5000	1	1	1	1	1	1
5	17	0	5	1000	88020	88020.017	88	990.01	3	5	1	2	4	35124	0	16000	1534	448	0	3	5	1	2	4	1452	1800	2132	2476	2820	6000	5000	1	1	1	1	1	1
5	18	0	5	1000	108020	108021.997	108	983.995	3	5	1	2	4	35124	0	1000	1480	630	0	3	5	1	2	4	1634	1952	2262	2598	2930	6000	5000	1	1	1	1	1	1
5	19	1	5	1000	113020	113022.016	113	982.015	1	4	5	2	3	14523	0	1000	1566	556	0	1	4	5	2	3	1560	1892	2226	2594	2948	6000	5000	1	1	1	1	1	1
5	20	0	5	1000	118020	118022.004	118	979.999	3	2	4	5	1	32451	0	1000	1588	648	0	3	2	4	5	1	1652	1986	2332	2662	3002	6000	5000	1	1	1	1	1	1
5	21	0	5	1000	123020	123021.993	123	978.001	3	2	4	5	1	32451	0	1000	1558	656	0	3	2	4	5	1	1660	1964	2332	2668	2996	6000	5000	1	1	1	1	1	1
5	22	1	5	1000	128020	128020.003	128	976.01	1	3	2	5	4	13254	0	1000	1732	624	0	1	3	2	5	4	1628	1972	2308	2852	3200	6000	5000	1	1	1	1	1	1
5	23	0	5	1000	133020	133021.991	133	976.005	1	4	5	2	3	14523	0	1000	1426	554	0	1	4	5	2	3	1558	1884	2194	2502	2824	6000	5000	1	1	1	1	1	1
5	24	0	5	1000	138020	138020.003	138	972.01	1	3	2	5	4	13254	0	1000	1454	474	0	1	3	2	5	4	1478	1806	2140	2454	2782	6000	5000	1	1	1	1	1	1
5	25	1	5	1000	143020	143021.993	143	972.002	1	4	5	2	3	14523	0	1000	1420	566	0	1	4	5	2	3	1570	1898	2216	2530	2842	6000	5000	1	1	1	1	1	1
5	26	1	5	1000	148020	148020.004	148	968.011	1	3	2	5	4	13254	0	1000	1474	692	0	1	3	2	5	4	1696	2014	2342	2668	2986	6000	5000	1	1	1	1	1	1
5	27	1	5	1000	153020	153021.995	153	967.97	1	4	5	2	3	14523	0	1000	1580	616	0	1	4	5	2	3	1620	1944	2284	2622	3050	6000	5000	1	1	1	1	1	1
5	28	0	5	1000	158020	158020.004	158	964.012	1	4	5	2	3	14523	0	1000	1478	478	0	1	4	5	2	3	1482	1834	2160	2480	2796	6000	5000	1	1	1	1	1	1
5	29	0	5	1000	163020	163020.008	163	964.007	1	4	5	2	3	14523	0	1000	1438	520	0	1	4	5	2	3	1524	1844	2152	2474	2822	6000	5000	1	1	1	1	1	1
5	30	1	5	1000	168020	168021.982	168	963.976	1	3	2	5	4	13254	0	1000	1516	630	0	1	3	2	5	4	1634	2024	2364	2676	3004	6000	5000	1	1	1	1	1	1
5	31	1	5	1000	173020	173020.018	173	960.028	3	2	4	5	1	32451	0	1000	1482	498	0	3	2	4	5	1	1502	1822	2142	2450	2756	6000	5000	1	1	1	1	1	1
5	32	0	5	1000	178020	178021.99	178	959.99	3	2	4	5	1	32451	0	1000	1480	494	0	3	2	4	5	1	1498	1818	2144	2454	2768	6000	5000	1	1	1	1	1	1
5	33	0	5	1000	183020	183020.007	183	956.019	3	5	1	2	4	35124	0	1000	1404	406	0	3	5	1	2	4	1410	1708	2022	2354	2672	6000	5000	1	1	1	1	1	1
5	34	1	5	1000	188020	188022.006	188	956.005	1	3	2	5	4	13254	0	16000	1456	514	0	1	3	2	5	4	1518	1868	2188	2506	2804	6000	5000	1	1	1	1	1	1
5	35	1	5	1000	208020	208020.013	208	948.019	1	3	2	5	4	13254	0	1000	1412	480	0	1	3	2	5	4	1484	1806	2110	2424	2734	6000	5000	1	1	1	1	1	1
5	36	0	5	1000	213020	213022.111	213	950.119	1	3	2	5	4	13254	0	1000	1450	454	0	1	3	2	5	4	1458	1790	2108	2438	2750	6000	5000	1	1	1	1	1	1
5	37	1	5	1000	218020	218021.992	218	946.004	3	2	4	5	1	32451	0	1000	1350	524	0	3	2	4	5	1	1528	1798	2104	2402	2692	6000	5000	1	1	1	1	1	1
5	38	1	5	1000	223020	223020.016	223	942.008	3	5	1	2	4	35124	0	1000	1404	468	0	3	5	1	2	4	1472	1780	2102	2418	2734	6000	5000	1	1	1	1	1	1
5	39	1	5	1000	228020	228022.01	228	942.016	3	5	1	2	4	35124	0	1000	1382	468	0	3	5	1	2	4	1472	1770	2078	2388	2700	6000	5000	1	1	1	1	1	1
5	40	0	5	1000	233020	233021.992	233	942.001	1	4	5	2	3	14523	0	1000	1310	472	0	1	4	5	2	3	1476	1776	2070	2358	2646	6000	5000	1	1	1	1	1	1
5	41	0	5	1000	238020	238020.091	238	938.093	3	2	4	5	1	32451	0	1000	1424	728	0	3	2	4	5	1	1732	2042	2362	2662	2966	6000	5000	1	1	1	1	1	1
5	42	0	5	1000	243020	243021.989	243	938.008	1	4	5	2	3	14523	0	1000	1460	460	0	1	4	5	2	3	1464	1812	2140	2450	2778	6000	5000	1	1	1	1	1	1
5	43	0	5	1000	248020	248020.005	248	934.012	3	5	1	2	4	35124	0	1000	1350	520	0	3	5	1	2	4	1524	1818	2126	2438	2748	6000	5000	1	1	1	1	1	1
5	44	0	5	1000	253020	253020.007	253	931.97	1	3	2	5	4	13254	0	1000	1396	458	0	1	3	2	5	4	1462	1782	2090	2392	2716	6000	5000	1	1	1	1	1	1
5	45	0	5	1000	258020	258021.985	258	932.005	3	2	4	5	1	32451	0	1000	1382	536	0	3	2	4	5	1	1540	1842	2144	2430	2724	6000	5000	1	1	1	1	1	1
5	46	1	5	1000	263020	263021.991	263	930	3	5	1	2	4	35124	0	1000	1350	506	0	3	5	1	2	4	1510	1802	2116	2416	2738	6000	5000	1	1	1	1	1	1
5	47	0	5	1000	268020	268021.97	268	930.01	1	3	2	5	4	13254	0	1000	1466	470	0	1	3	2	5	4	1474	1804	2136	2454	2782	6000	5000	1	1	1	1	1	1
5	48	0	5	1000	273020	273021.979	273	927.998	1	4	5	2	3	14523	0	1000	1394	492	0	1	4	5	2	3	1496	1826	2128	2434	2746	6000	5000	1	1	1	1	1	1
5	49	1	5	1000	278020	278021.984	278	926.003	1	4	5	2	3	14523	0	1000	1386	426	0	1	4	5	2	3	1430	1762	2064	2360	2666	6000	5000	1	1	1	1	1	1
5	50	1	5	1000	283020	283021.962	283	924.004	3	5	1	2	4	35124	0	1000	1306	532	0	3	5	1	2	4	1536	1840	2140	2428	2710	6000	5000	1	1	1	1	1	1
5	51	0	5	1000	288020	288021.984	288	922.001	3	2	4	5	1	32451	0	16000	1416	490	0	3	2	4	5	1	1494	1794	2108	2402	2698	6000	5000	1	1	1	1	1	1
5	52	0	5	1000	308020	308020.003	308	914.003	3	2	4	5	1	32451	0	1000	1360	586	0	3	2	4	5	1	1590	1902	2190	2476	2756	6000	5000	1	1	1	1	1	1
5	53	1	5	1000	313020	313022.009	313	914.025	3	2	4	5	1	32451	0	1000	1206	488	0	3	2	4	5	1	1492	1740	2016	2264	2512	6000	5000	1	1	1	1	1	1
5	54	0	5	1000	318020	318021.993	318	912.031	1	3	2	5	4	13254	0	1000	1154	564	0	1	3	2	5	4	1568	1860	2098	2350	2602	6000	5000	1	1	1	1	1	1
5	55	1	5	1000	323020	323021.983	323	909.989	3	5	1	2	4	35124	0	1000	1174	438	0	3	5	1	2	4	1442	1716	1962	2224	2486	6000	5000	1	1	1	1	1	1
5	56	1	5	1000	328020	328021.973	328	907.991	1	3	2	5	4	13254	0	1000	1138	530	0	1	3	2	5	4	1534	1816	2030	2264	2514	6000	5000	1	1	1	1	1	1
5	57	0	5	1000	333020	333021.995	333	906.002	3	5	1	2	4	35124	0	1000	1224	512	0	3	5	1	2	4	1516	1786	2070	2350	2610	6000	5000	1	1	1	1	1	1
5	58	0	5	1000	338020	338021.982	338	906.005	3	2	4	5	1	32451	0	1000	1236	510	0	3	2	4	5	1	1514	1782	2058	2308	2562	6000	5000	1	1	1	1	1	1
5	59	1	5	1000	343020	343022.014	343	904.032	1	4	5	2	3	14523	0	1000	1442	486	0	1	4	5	2	3	1490	1764	2230	2532	2812	6000	5000	1	1	1	1	1	1
5	60	1	5	1000	348020	348021.996	348	902.012	3	2	4	5	1	32451	0	1000	1212	926	0	3	2	4	5	1	1930	2186	2458	2698	2946	6000	5000	1	1	1	1	1	1
5	61	0	5	1000	353020	353021.982	353	900	3	5	1	2	4	35124	0	1000	1212	460	0	3	5	1	2	4	1464	1746	2022	2292	2546	6000	5000	1	1	1	1	1	1
5	62	1	5	1000	358020	358020.01	358	896.025	3	2	4	5	1	32451	0	1000	1144	628	0	3	2	4	5	1	1632	1884	2124	2356	2598	6000	5000	1	1	1	1	1	1
5	63	1	5	1000	363020	363021.982	363	895.988	3	2	4	5	1	32451	0	1000	1220	542	0	3	2	4	5	1	1546	1806	2082	2328	2582	6000	5000	1	1	1	1	1	1
5	64	1	5	1000	368020	368021.981	368	893.998	1	4	5	2	3	14523	0	1000	1178	444	0	1	4	5	2	3	1448	1738	1986	2242	2510	6000	5000	1	1	1	1	1	1
5	65	1	5	1000	373020	373021.982	373	894.002	1	4	5	2	3	14523	0	1000	1188	446	0	1	4	5	2	3	1450	1746	2004	2272	2514	6000	5000	1	1	1	1	1	1
5	66	0	5	1000	378020	378021.985	378	891.999	3	5	1	2	4	35124	0	1000	1240	654	0	3	5	1	2	4	1658	1942	2222	2484	2776	6000	5000	1	1	1	1	1	1
5	67	0	5	1000	383020	383021.984	383	890.004	1	4	5	2	3	14523	0	1000	1234	516	0	1	4	5	2	3	1520	1818	2106	2378	2628	6000	5000	1	1	1	1	1	1
5	68	1	5	1000	388020	388021.981	388	887.975	3	5	1	2	4	35124	0	16000	1188	482	0	3	5	1	2	4	1486	1762	2024	2312	2560	6000	5000	1	1	1	1	1	1
6	1	0	5	1000	8020	8021.982	9	15.981	1	3	2	5	4	13254	0	1000	1582	592	0	1	3	2	5	4	1596	1990	2356	2672	3012	6000	5000	1	1	1	1	1	1
6	2	0	5	1000	13020	13022.09	14	14.1	1	4	5	2	3	14523	0	1000	1398	518	0	1	4	5	2	3	1522	1824	2140	2470	2794	6000	5000	1	1	1	1	1	1
6	3	1	5	1000	18020	18020.134	19	12.131	1	3	2	5	4	13254	0	1000	1254	444	0	1	3	2	5	4	1448	1744	2028	2304	2570	6000	5000	1	1	1	1	1	1
6	4	0	5	1000	23020	23020.004	24	10.001	3	5	1	2	4	35124	0	1000	1190	526	0	3	5	1	2	4	1530	1778	2072	2358	2614	6000	5000	1	1	1	1	1	1
6	5	0	5	1000	28020	28020.014	29	8.024	1	3	2	5	4	13254	0	1000	1204	438	0	1	3	2	5	4	1442	1740	2008	2270	2554	6000	5000	1	1	1	1	1	1
6	6	1	5	1000	33020	33020.004	34	7.999	3	2	4	5	1	32451	0	1000	1210	510	0	3	2	4	5	1	1514	1776	2046	2276	2550	6000	5000	1	1	1	1	1	1
6	7	1	5	1000	38020	38022.006	39	6.024	1	3	2	5	4	13254	0	1000	1384	670	0	1	3	2	5	4	1674	2002	2314	2632	2964	6000	5000	1	1	1	1	1	1
6	8	0	5	1000	43020	43021.981	44	3.983	3	2	4	5	1	32451	0	1000	1382	506	0	3	2	4	5	1	1510	1792	2134	2386	2696	6000	5000	1	1	1	1	1	1
6	9	0	5	1000	48020	48020.015	49	0	3	5	1	2	4	35124	0	1000	1276	526	0	3	5	1	2	4	1530	1824	2112	2412	2698	6000	5000	1	1	1	1	1	1
6	10	1	5	1000	53020	53020.01	54	0	1	4	5	2	3	14523	0	1000	1264	584	0	1	4	5	2	3	1588	1898	2158	2454	2736	6000	5000	1	1	1	1	1	1
6	11	0	5	1000	58020	58021.979	59	0	3	2	4	5	1	32451	0	1000	1302	548	0	3	2	4	5	1	1552	1828	2124	2384	2664	6000	5000	1	1	1	1	1	1
6	12	1	5	1000	63020	63021.993	63	997.999	3	2	4	5	1	32451	0	1000	1230	630	0	3	2	4	5	1	1634	1900	2190	2434	2692	6000	5000	1	1	1	1	1	1
6	13	0	5	1000	68020	68021.994	68	995.987	3	5	1	2	4	35124	0	1000	1340	468	0	3	5	1	2	4	1472	1774	2068	2394	2680	6000	5000	1	1	1	1	1	1
6	14	1	5	1000	73020	73021.981	73	994	3	2	4	5	1	32451	0	1000	1278	596	0	3	2	4	5	1	1600	1872	2172	2438	2720	6000	5000	1	1	1	1	1	1
6	15	1	5	1000	78020	78021.984	78	991.993	3	5	1	2	4	35124	0	1000	1310	792	0	3	5	1	2	4	1796	2090	2412	2716	3010	6000	5000	1	1	1	1	1	1
6	16	0	5	1000	83020	83021.992	83	992.013	1	4	5	2	3	14523	0	1000	2008	804	0	1	4	5	2	3	1808	2872	3140	3424	3684	6000	5000	1	1	1	1	1	1
6	17	0	5	1000	88020	88020.005	88	988.024	1	3	2	5	4	13254	0	16000	1264	594	0	1	3	2	5	4	1598	1894	2180	2444	2732	6000	5000	1	1	1	1	1	1
6	18	0	5	1000	108020	108021.984	108	981.97	1	3	2	5	4	13254	0	1000	1432	480	0	1	3	2	5	4	1484	1826	2168	2476	2772	6000	5000	1	1	1	1	1	1
6	19	0	5	1000	113020	113020.015	113	978.025	3	2	4	5	1	32451	0	1000	1308	452	0	3	2	4	5	1	1456	1748	2038	2300	2578	6000	5000	1	1	1	1	1	1
6	20	1	5	1000	118020	118022.016	118	979.991	3	5	1	2	4	35124	0	1000	1346	480	0	3	5	1	2	4	1484	1804	2122	2430	2718	6000	5000	1	1	1	1	1	1
6	21	1	5	1000	123020	123021.99	123	977.998	1	4	5	2	3	14523	0	1000	1238	454	0	1	4	5	2	3	1458	1776	2044	2312	2596	6000	5000	1	1	1	1	1	1
6	22	0	5	1000	128020	128021.989	128	975.999	1	4	5	2	3	14523	0	1000	1366	496	0	1	4	5	2	3	1500	1790	2112	2442	2740	6000	5000	1	1	1	1	1	1
6	23	0	5	1000	133020	133020.015	133	971.922	3	5	1	2	4	35124	0	1000	1528	546	0	3	5	1	2	4	1550	1822	2286	2646	2964	6000	5000	1	1	1	1	1	1
6	24	0	5	1000	138020	138021.988	138	971.972	3	2	4	5	1	32451	0	1000	1396	944	0	3	2	4	5	1	1948	2252	2578	2854	3160	6000	5000	1	1	1	1	1	1
6	25	0	5	1000	143020	143020.014	143	968.047	1	4	5	2	3	14523	0	1000	1348	736	0	1	4	5	2	3	1740	2082	2380	2678	2960	6000	5000	1	1	1	1	1	1
6	26	0	5	1000	148020	148021.99	148	967.987	3	2	4	5	1	32451	0	1000	1286	506	0	3	2	4	5	1	1510	1796	2078	2354	2644	6000	5000	1	1	1	1	1	1
6	27	1	5	1000	153020	153022.08	153	968.101	1	4	5	2	3	14523	0	1000	1382	596	0	1	4	5	2	3	1600	1896	2228	2554	2842	6000	5000	1	1	1	1	1	1
6	28	1	5	1000	158020	158021.993	158	966.012	3	5	1	2	4	35124	0	1000	1344	520	0	3	5	1	2	4	1524	1804	2106	2402	2710	6000	5000	1	1	1	1	1	1
6	29	1	5	1000	163020	163021.999	163	964.008	1	3	2	5	4	13254	0	1000	1356	646	0	1	3	2	5	4	1650	1982	2288	2576	2884	6000	5000	1	1	1	1	1	1
6	30	1	5	1000	168020	168020.004	168	959.893	1	4	5	2	3	14523	0	1000	1490	648	0	1	4	5	2	3	1652	2048	2396	2708	3018	6000	5000	1	1	1	1	1	1
6	31	0	5	1000	173020	173020.002	173	958.011	3	5	1	2	4	35124	0	1000	1406	602	0	3	5	1	2	4	1606	1868	2164	2464	2882	6000	5000	1	1	1	1	1	1
6	32	1	5	1000	178020	178020.002	178	958.01	3	5	1	2	4	35124	0	1000	1220	472	0	3	5	1	2	4	1476	1736	2014	2298	2556	6000	5000	1	1	1	1	1	1
6	33	1	5	1000	183020	183022.112	183	956.121	3	5	1	2	4	35124	0	1000	1268	530	0	3	5	1	2	4	1534	1812	2104	2386	2676	6000	5000	1	1	1	1	1	1
6	34	0	5	1000	188020	188020.029	188	954.04	3	2	4	5	1	32451	0	16000	1260	514	0	3	2	4	5	1	1518	1798	2090	2318	2606	6000	5000	1	1	1	1	1	1
6	35	0	5	1000	208020	208020.074	208	945.97	3	2	4	5	1	32451	0	1000	1434	622	0	3	2	4	5	1	1626	1932	2248	2542	2850	6000	5000	1	1	1	1	1	1
6	36	1	5	1000	213020	213021.99	213	946.001	1	3	2	5	4	13254	0	1000	1358	480	0	1	3	2	5	4	1484	1822	2118	2412	2690	6000	5000	1	1	1	1	1	1
6	37	1	5	1000	218020	218021.99	218	944.006	1	3	2	5	4	13254	0	1000	1306	524	0	1	3	2	5	4	1528	1840	2140	2422	2724	6000	5000	1	1	1	1	1	1
6	38	0	5	1000	223020	223020.015	223	942.025	1	4	5	2	3	14523	0	1000	1258	352	0	1	4	5	2	3	1356	1666	1942	2210	2490	6000	5000	1	1	1	1	1	1
6	39	1	5	1000	228020	228021.981	228	941.989	1	4	5	2	3	14523	0	1000	1954	506	0	1	4	5	2	3	1510	2486	2734	3034	3332	6000	5000	1	1	1	1	1	1
6	40	0	5	1000	233020	233021.963	233	939.984	1	3	2	5	4	13254	0	1000	1306	620	0	1	3	2	5	4	1624	1916	2202	2476	2762	6000	5000	1	1	1	1	1	1
6	41	1	5	1000	238020	238021.979	238	937.997	1	3	2	5	4	13254	0	1000	1254	424	0	1	3	2	5	4	1428	1730	1998	2256	2548	6000	5000	1	1	1	1	1	1
6	42	1	5	1000	243020	243021.992	243	936.012	3	2	4	5	1	32451	0	1000	1306	566	0	3	2	4	5	1	1570	1864	2156	2426	2706	6000	5000	1	1	1	1	1	1
6	43	1	5	1000	248020	248021.989	248	934.001	3	2	4	5	1	32451	0	1000	1454	596	0	3	2	4	5	1	1600	1912	2266	2560	2852	6000	5000	1	1	1	1	1	1
6	44	0	5	1000	253020	253021.993	253	932.001	1	4	5	2	3	14523	0	1000	1364	604	0	1	4	5	2	3	1608	1934	2224	2516	2820	6000	5000	1	1	1	1	1	1
6	45	0	5	1000	258020	258021.979	258	931.942	1	4	5	2	3	14523	0	1000	1290	416	0	1	4	5	2	3	1420	1726	2004	2280	2570	6000	5000	1	1	1	1	1	1
6	46	1	5	1000	263020	263021.98	263	929.996	3	5	1	2	4	35124	0	1000	1296	766	0	3	5	1	2	4	1770	2054	2356	2642	2936	6000	5000	1	1	1	1	1	1
6	47	0	5	1000	268020	268021.983	268	927.975	3	5	1	2	4	35124	0	1000	1288	1012	0	3	5	1	2	4	2016	2304	2598	2898	3188	6000	5000	1	1	1	1	1	1
6	48	0	5	1000	273020	273021.992	273	925.992	1	4	5	2	3	14523	0	1000	1228	420	0	1	4	5	2	3	1424	1730	1992	2264	2534	6000	5000	1	1	1	1	1	1
6	49	1	5	1000	278020	278022	278	924.008	3	2	4	5	1	32451	0	1000	1212	520	0	3	2	4	5	1	1524	1774	2042	2296	2524	6000	5000	1	1	1	1	1	1
6	50	1	5	1000	283020	283021.979	283	922.013	1	4	5	2	3	14523	0	1000	1188	410	0	1	4	5	2	3	1414	1706	1972	2236	2480	6000	5000	1	1	1	1	1	1
6	51	1	5	1000	288020	288021.992	288	920.015	1	3	2	5	4	13254	0	16000	1232	486	0	1	3	2	5	4	1490	1772	2058	2302	2570	6000	5000	1	1	1	1	1	1
6	52	1	5	1000	308020	314354.567	306	9246.593	1	3	2	5	4	13254	0	1000	1504	434	0	1	3	2	5	4	1438	1802	2148	2480	2810	6000	5000	1	1	1	1	1	1
6	53	1	5	1000	313020	313021.985	313	912.002	3	5	1	2	4	35124	0	1000	1338	486	0	3	5	1	2	4	1490	1802	2112	2404	2692	6000	5000	1	1	1	1	1	1
6	54	1	5	1000	318020	318021.981	318	909.989	3	2	4	5	1	32451	0	1000	1284	576	0	3	2	4	5	1	1580	1854	2152	2420	2686	6000	5000	1	1	1	1	1	1
6	55	0	5	1000	323020	323020.008	323	906.023	1	3	2	5	4	13254	0	1000	1262	516	0	1	3	2	5	4	1520	1812	2096	2370	2634	6000	5000	1	1	1	1	1	1
6	56	0	5	1000	328020	328021.985	328	908.002	3	5	1	2	4	35124	0	1000	1268	458	0	3	5	1	2	4	1462	1730	2026	2306	2600	6000	5000	1	1	1	1	1	1
6	57	0	5	1000	333020	333021.989	333	906.002	3	5	1	2	4	35124	0	1000	1244	412	0	3	5	1	2	4	1416	1692	1980	2252	2510	6000	5000	1	1	1	1	1	1
6	58	1	5	1000	338020	338021.992	338	904.001	1	3	2	5	4	13254	0	1000	1154	428	0	1	3	2	5	4	1432	1718	1966	2210	2486	6000	5000	1	1	1	1	1	1
6	59	0	5	1000	343020	343021.981	343	901.99	1	3	2	5	4	13254	0	1000	1292	434	0	1	3	2	5	4	1438	1752	2044	2322	2612	6000	5000	1	1	1	1	1	1
6	60	1	5	1000	348020	348021.993	348	899.998	1	4	5	2	3	14523	0	1000	1142	492	0	1	4	5	2	3	1496	1780	2032	2288	2530	6000	5000	1	1	1	1	1	1
6	61	1	5	1000	353020	353020.036	353	896.076	1	4	5	2	3	14523	0	1000	1194	358	0	1	4	5	2	3	1362	1646	1912	2184	2436	6000	5000	1	1	1	1	1	1
6	62	1	5	1000	358020	358021.977	358	895.998	3	2	4	5	1	32451	0	1000	1164	450	0	3	2	4	5	1	1454	1686	1954	2206	2446	6000	5000	1	1	1	1	1	1
6	63	0	5	1000	363020	363020.006	363	894.013	3	2	4	5	1	32451	0	1000	1194	426	0	3	2	4	5	1	1430	1694	1960	2190	2442	6000	5000	1	1	1	1	1	1
6	64	0	5	1000	368020	368021.98	368	893.99	3	2	4	5	1	32451	0	1000	1204	426	0	3	2	4	5	1	1430	1702	1960	2210	2440	6000	5000	1	1	1	1	1	1
6	65	0	5	1000	373020	373021.98	373	891.996	1	3	2	5	4	13254	0	1000	1260	432	0	1	3	2	5	4	1436	1724	2014	2282	2562	6000	5000	1	1	1	1	1	1
6	66	1	5	1000	378020	378021.978	378	889.997	3	5	1	2	4	35124	0	1000	1182	722	0	3	5	1	2	4	1726	1990	2236	2516	2768	6000	5000	1	1	1	1	1	1
6	67	0	5	1000	383020	383021.99	383	888.009	1	3	2	5	4	13254	0	1000	1284	428	0	1	3	2	5	4	1432	1742	2016	2250	2604	6000	5000	1	1	1	1	1	1
6	68	0	5	1000	388020	388021.979	388	885.998	1	3	2	5	4	13254	0	16000	1270	528	0	1	3	2	5	4	1532	1844	2142	2404	2700	6000	5000	1	1	1	1	1	1
7	1	1	5	1000	8020	8020.003	9	14.002	1	4	5	2	3	14523	0	1000	1466	734	0	1	4	5	2	3	1738	2104	2432	2734	3028	6000	5000	1	1	1	1	1	1
7	2	0	5	1000	13020	13020.013	14	12.002	3	2	4	5	1	32451	0	1000	1308	864	0	3	2	4	5	1	1868	2152	2438	2712	2976	6000	5000	1	1	1	1	1	1
7	3	1	5	1000	18020	18021.99	19	13.996	3	2	4	5	1	32451	0	1000	1208	366	0	3	2	4	5	1	1370	1628	1880	2116	2362	6000	5000	1	1	1	1	1	1
7	4	0	5	1000	23020	23020.013	24	10.003	1	4	5	2	3	14523	0	1000	1154	474	0	1	4	5	2	3	1478	1754	2004	2266	2510	6000	5000	1	1	1	1	1	1
7	5	1	5	1000	28020	28020.015	29	8.016	1	3	2	5	4	13254	0	1000	1766	434	0	1	3	2	5	4	1438	2322	2556	2802	3064	6000	5000	1	1	1	1	1	1
7	6	1	5	1000	33020	33020.039	34	6.038	3	2	4	5	1	32451	0	1000	1116	498	0	3	2	4	5	1	1502	1728	1982	2188	2440	6000	5000	1	1	1	1	1	1
7	7	1	5	1000	38020	38020.019	39	4.018	3	5	1	2	4	35124	0	1000	1106	460	0	3	5	1	2	4	1464	1708	1954	2200	2434	6000	5000	1	1	1	1	1	1
7	8	1	5	1000	43020	43020.051	44	2.036	1	3	2	5	4	13254	0	1000	1118	424	0	1	3	2	5	4	1428	1690	1932	2156	2424	6000	5000	1	1	1	1	1	1
7	9	0	5	1000	48020	48020.001	49	0	1	3	2	5	4	13254	0	1000	1150	482	0	1	3	2	5	4	1486	1762	2016	2254	2526	6000	5000	1	1	1	1	1	1
7	10	1	5	1000	53020	53021.993	54	2.004	3	2	4	5	1	32451	0	1000	1108	414	0	3	2	4	5	1	1418	1658	1898	2104	2348	6000	5000	1	1	1	1	1	1
7	11	0	5	1000	58020	58020.034	58	998.035	3	5	1	2	4	35124	0	1000	1138	450	0	3	5	1	2	4	1454	1716	1972	2242	2476	6000	5000	1	1	1	1	1	1
7	12	1	5	1000	63020	63020.013	63	996.014	1	4	5	2	3	14523	0	1000	1096	390	0	1	4	5	2	3	1394	1654	1884	2140	2364	6000	5000	1	1	1	1	1	1
7	13	0	5	1000	68020	68021.999	68	995.985	1	4	5	2	3	14523	0	1000	1170	450	0	1	4	5	2	3	1454	1712	2002	2268	2514	6000	5000	1	1	1	1	1	1
7	14	1	5	1000	73020	73022.001	73	993.999	3	5	1	2	4	35124	0	1000	1106	418	0	3	5	1	2	4	1422	1676	1902	2184	2414	6000	5000	1	1	1	1	1	1
7	15	1	5	1000	78020	78020.004	78	989.989	3	5	1	2	4	35124	0	1000	1076	422	0	3	5	1	2	4	1426	1678	1912	2178	2404	6000	5000	1	1	1	1	1	1
7	16	1	5	1000	83020	83020.008	83	990.029	1	4	5	2	3	14523	0	1000	1230	464	0	1	4	5	2	3	1468	1754	2100	2366	2602	6000	5000	1	1	1	1	1	1
7	17	1	5	1000	88020	88021.99	88	989.988	1	4	5	2	3	14523	0	16000	1724	438	0	1	4	5	2	3	1442	2328	2566	2808	3040	6000	5000	1	1	1	1	1	1
7	18	1	5	1000	108020	108020.013	108	980.001	1	4	5	2	3	14523	0	1000	1580	532	0	1	4	5	2	3	1536	1814	2470	2744	2984	6000	5000	1	1	1	1	1	1
7	19	0	5	1000	113020	113020.022	113	978.004	3	5	1	2	4	35124	0	1000	1084	448	0	3	5	1	2	4	1452	1682	1934	2176	2398	6000	5000	1	1	1	1	1	1
7	20	0	5	1000	118020	118020.052	118	978.049	1	3	2	5	4	13254	0	1000	1048	602	0	1	3	2	5	4	1606	1866	2100	2304	2540	6000	5000	1	1	1	1	1	1
7	21	1	5	1000	123020	123020.013	123	976.011	3	5	1	2	4	35124	0	1000	1742	506	0	3	5	1	2	4	1510	1724	1952	2896	3116	6000	5000	1	1	1	1	1	1
7	22	0	5	1000	128020	128022.002	128	976.003	1	4	5	2	3	14523	0	1000	1034	500	0	1	4	5	2	3	1504	1774	1998	2242	2450	6000	5000	1	1	1	1	1	1
7	23	0	5	1000	133020	133022.013	133	974.003	3	5	1	2	4	35124	0	1000	1114	368	0	3	5	1	2	4	1372	1618	1874	2156	2386	6000	5000	1	1	1	1	1	1
7	24	0	5	1000	138020	138022.001	138	971.988	3	2	4	5	1	32451	0	1000	1102	454	0	3	2	4	5	1	1458	1694	1928	2152	2392	6000	5000	1	1	1	1	1	1
7	25	1	5	1000	143020	143022.025	143	970.035	1	3	2	5	4	13254	0	1000	1506	646	0	1	3	2	5	4	1650	2284	2514	2744	3020	6000	5000	1	1	1	1	1	1
7	26	1	5	1000	148020	148020	148	965.999	1	4	5	2	3	14523	0	1000	1048	494	0	1	4	5	2	3	1498	1746	1986	2238	2458	6000	5000	1	1	1	1	1	1
7	27	1	5	1000	153020	153021.988	153	967.987	1	3	2	5	4	13254	0	1000	1056	408	0	1	3	2	5	4	1412	1676	1914	2118	2342	6000	5000	1	1	1	1	1	1
7	28	0	5	1000	158020	158022.023	158	965.998	3	5	1	2	4	35124	0	1000	1048	404	0	3	5	1	2	4	1408	1628	1868	2128	2350	6000	5000	1	1	1	1	1	1
7	29	1	5	1000	163020	163020.013	163	962.014	1	3	2	5	4	13254	0	1000	1056	482	0	1	3	2	5	4	1486	1750	1990	2218	2440	6000	5000	1	1	1	1	1	1
7	30	0	5	1000	168020	168020.014	168	960.015	3	2	4	5	1	32451	0	1000	1940	598	0	3	2	4	5	1	1602	1842	2078	3134	3366	6000	5000	1	1	1	1	1	1
7	31	1	5	1000	173020	173020.002	173	957.987	1	4	5	2	3	14523	0	1000	1040	458	0	1	4	5	2	3	1462	1724	1948	2188	2386	6000	5000	1	1	1	1	1	1
7	32	1	5	1000	178020	178021.999	178	957.995	3	5	1	2	4	35124	0	1000	1064	398	0	3	5	1	2	4	1402	1636	1866	2102	2318	6000	5000	1	1	1	1	1	1
7	33	1	5	1000	183020	183020.2	183	954.186	3	2	4	5	1	32451	0	1000	1080	434	0	3	2	4	5	1	1438	1664	1904	2116	2360	6000	5000	1	1	1	1	1	1
7	34	1	5	1000	188020	188020.004	188	953.985	3	2	4	5	1	32451	0	16000	1080	404	0	3	2	4	5	1	1408	1634	1860	2070	2300	6000	5000	1	1	1	1	1	1
7	35	1	5	1000	208020	208020.013	208	945.997	3	2	4	5	1	32451	0	1000	1174	620	0	3	2	4	5	1	1624	1860	2128	2360	2606	6000	5000	1	1	1	1	1	1
7	36	0	5	1000	213020	213020.003	213	944.012	3	2	4	5	1	32451	0	1000	1126	458	0	3	2	4	5	1	1462	1704	1972	2194	2422	6000	5000	1	1	1	1	1	1
7	37	0	5	1000	218020	218020.022	218	942.002	3	2	4	5	1	32451	0	1000	1090	700	0	3	2	4	5	1	1704	1926	2190	2408	2636	6000	5000	1	1	1	1	1	1
7	38	0	5	1000	223020	223022	223	943.99	1	3	2	5	4	13254	0	1000	1070	430	0	1	3	2	5	4	1434	1706	1956	2174	2406	6000	5000	1	1	1	1	1	1
7	39	0	5	1000	228020	228020.016	228	940.021	3	5	1	2	4	35124	0	1000	1058	422	0	3	5	1	2	4	1426	1634	1876	2130	2346	6000	5000	1	1	1	1	1	1
7	40	0	5	1000	233020	233022.006	233	940.014	1	4	5	2	3	14523	0	1000	1022	408	0	1	4	5	2	3	1412	1658	1890	2128	2338	6000	5000	1	1	1	1	1	1
7	41	0	5	1000	238020	238020.004	238	935.994	1	4	5	2	3	14523	0	1000	1734	398	0	1	4	5	2	3	1402	2262	2504	2778	3010	6000	5000	1	1	1	1	1	1
7	42	0	5	1000	243020	243020.018	243	934.016	3	2	4	5	1	32451	0	1000	1842	446	1	2	3	4	5	1	1450	1732	2590	2872	3134	6000	5000	0	1	1	1	1	1
7	43	1	5	1000	248020	248020.005	248	932.015	3	5	1	2	4	35124	0	1000	1158	504	0	3	5	1	2	4	1508	1780	2032	2296	2530	6000	5000	1	1	1	1	1	1
7	44	0	5	1000	253020	253021.993	253	931.992	1	3	2	5	4	13254	0	1000	1158	404	0	1	3	2	5	4	1408	1682	1926	2170	2436	6000	5000	1	1	1	1	1	1
7	45	0	5	1000	258020	258022.003	258	929.993	1	4	5	2	3	14523	0	1000	1184	434	0	1	4	5	2	3	1438	1718	2012	2244	2504	6000	5000	1	1	1	1	1	1
7	46	0	5	1000	263020	263022.004	263	930.002	1	3	2	5	4	13254	0	1000	1146	350	0	1	3	2	5	4	1354	1642	1900	2130	2372	6000	5000	1	1	1	1	1	1
7	47	1	5	1000	268020	268022.016	268	928.027	1	4	5	2	3	14523	0	1000	1098	428	0	1	4	5	2	3	1432	1684	1952	2190	2422	6000	5000	1	1	1	1	1	1
7	48	1	5	1000	273020	273022.001	273	926.013	3	2	4	5	1	32451	0	1000	1118	390	0	3	2	4	5	1	1394	1630	1880	2120	2354	6000	5000	1	1	1	1	1	1
7	49	1	5	1000	278020	278022.004	278	924.011	1	4	5	2	3	14523	0	1000	1594	410	0	1	4	5	2	3	1414	1710	2392	2684	2902	6000	5000	1	1	1	1	1	1
7	50	0	5	1000	283020	283021.99	283	921.976	1	3	2	5	4	13254	0	1000	1084	382	0	1	3	2	5	4	1386	1668	1930	2154	2362	6000	5000	1	1	1	1	1	1
7	51	0	5	1000	288020	288020.001	288	918.013	1	3	2	5	4	13254	0	16000	1466	384	0	1	3	2	5	4	1388	1680	1914	2144	2802	6000	5000	1	1	1	1	1	1
7	52	0	5	1000	308020	308021.972	308	913.972	1	3	2	5	4	13254	0	1000	1304	492	0	1	3	2	5	4	1496	1784	2084	2380	2684	6000	5000	1	1	1	1	1	1
7	53	0	5	1000	313020	313021.99	313	911.995	3	2	4	5	1	32451	0	1000	1130	460	0	3	2	4	5	1	1464	1706	1958	2176	2410	6000	5000	1	1	1	1	1	1
7	54	0	5	1000	318020	318021.998	318	909.996	3	5	1	2	4	35124	0	1000	1094	414	0	3	5	1	2	4	1418	1688	1920	2180	2402	6000	5000	1	1	1	1	1	1
7	55	1	5	1000	323020	323021.99	323	907.995	3	5	1	2	4	35124	0	1000	1042	452	0	3	5	1	2	4	1456	1696	1940	2180	2388	6000	5000	1	1	1	1	1	1
7	56	0	5	1000	328020	328022.001	328	906.012	3	5	1	2	4	35124	0	1000	1094	400	0	3	5	1	2	4	1404	1648	1904	2168	2396	6000	5000	1	1	1	1	1	1
7	57	0	5	1000	333020	333021.99	333	906.002	3	5	1	2	4	35124	0	1000	1112	616	0	3	5	1	2	4	1620	1860	2122	2384	2628	6000	5000	1	1	1	1	1	1
7	58	1	5	1000	338020	338021.989	338	903.999	3	2	4	5	1	32451	0	1000	1062	446	0	3	2	4	5	1	1450	1680	1902	2124	2358	6000	5000	1	1	1	1	1	1
7	59	0	5	1000	343020	343020.001	343	900.009	1	3	2	5	4	13254	0	1000	1126	446	0	1	3	2	5	4	1450	1706	1964	2186	2430	6000	5000	1	1	1	1	1	1
7	60	1	5	1000	348020	348022.001	348	900.007	1	3	2	5	4	13254	0	1000	1080	942	0	1	3	2	5	4	1946	2214	2450	2660	2896	6000	5000	1	1	1	1	1	1
7	61	1	5	1000	353020	353022.002	353	898.01	3	5	1	2	4	35124	0	1000	1210	510	0	3	5	1	2	4	1514	1750	2020	2338	2634	6000	5000	1	1	1	1	1	1
7	62	0	5	1000	358020	358022	358	896.019	3	2	4	5	1	32451	0	1000	1110	724	0	3	2	4	5	1	1728	1978	2216	2436	2670	6000	5000	1	1	1	1	1	1
7	63	0	5	1000	363020	363021.993	363	894.004	1	4	5	2	3	14523	0	1000	1556	496	0	1	4	5	2	3	1500	1784	2374	2708	2944	6000	5000	1	1	1	1	1	1
7	64	1	5	1000	368020	368021.99	368	893.988	3	2	4	5	1	32451	0	1000	1060	566	0	3	2	4	5	1	1570	1784	2036	2242	2464	6000	5000	1	1	1	1	1	1
7	65	1	5	1000	373020	373022.004	373	892.015	1	3	2	5	4	13254	0	1000	1026	636	0	1	3	2	5	4	1640	1912	2132	2332	2536	6000	5000	1	1	1	1	1	1
7	66	1	5	1000	378020	378020.007	378	888.003	1	3	2	5	4	13254	0	1000	1102	520	0	1	3	2	5	4	1524	1796	2038	2274	2526	6000	5000	1	1	1	1	1	1
7	67	0	5	1000	383020	383020.002	383	886.015	1	4	5	2	3	14523	0	1000	1528	488	0	1	4	5	2	3	1492	1764	2074	2636	2938	6000	5000	1	1	1	1	1	1
7	68	1	5	1000	388020	388022.025	388	886.035	1	4	5	2	3	14523	0	16000	1108	570	0	1	4	5	2	3	1574	1842	2104	2336	2568	6000	5000	1	1	1	1	1	1
8	1	0	5	1000	8020	8020.015	9	16.002	1	4	5	2	3	14523	0	1000	1434	824	0	1	4	5	2	3	1828	2170	2472	2804	3086	6000	5000	1	1	1	1	1	1
8	2	1	5	1000	13020	13020	14	13.976	1	3	2	5	4	13254	0	1000	1134	514	0	1	3	2	5	4	1518	1814	2056	2260	2476	6000	5000	1	1	1	1	1	1
8	3	1	5	1000	18020	18020.026	19	12.015	3	5	1	2	4	35124	0	1000	998	644	0	3	5	1	2	4	1648	1866	2100	2330	2524	6000	5000	1	1	1	1	1	1
8	4	1	5	1000	23020	23020.002	24	10.004	3	5	1	2	4	35124	0	1000	938	372	0	3	5	1	2	4	1376	1600	1800	2008	2172	6000	5000	1	1	1	1	1	1
8	5	1	5	1000	28020	28020.013	29	10.01	1	4	5	2	3	14523	0	1000	958	358	0	1	4	5	2	3	1362	1592	1802	2036	2214	6000	5000	1	1	1	1	1	1
8	6	1	5	1000	33020	33020.001	34	7.999	3	5	1	2	4	35124	0	1000	960	394	0	3	5	1	2	4	1398	1608	1826	2046	2246	6000	5000	1	1	1	1	1	1
8	7	0	5	1000	38020	38020.011	39	5.998	1	4	5	2	3	14523	0	1000	1026	438	0	1	4	5	2	3	1442	1672	1936	2184	2384	6000	5000	1	1	1	1	1	1
8	8	1	5	1000	43020	43020.01	44	4.011	1	4	5	2	3	14523	0	1000	978	442	0	1	4	5	2	3	1446	1684	1892	2134	2322	6000	5000	1	1	1	1	1	1
8	9	1	5	1000	48020	48022.104	49	4.101	3	2	4	5	1	32451	0	1000	962	412	0	3	2	4	5	1	1416	1588	1812	1998	2206	6000	5000	1	1	1	1	1	1
8	10	1	5	1000	53020	53020.013	54	0	3	2	4	5	1	32451	0	1000	934	396	0	3	2	4	5	1	1400	1584	1798	1972	2168	6000	5000	1	1	1	1	1	1
8	11	0	5	1000	58020	58020.013	58	999.969	3	5	1	2	4	35124	0	1000	960	368	0	3	5	1	2	4	1372	1570	1804	2028	2214	6000	5000	1	1	1	1	1	1
8	12	0	5	1000	63020	63020.005	63	997.991	3	5	1	2	4	35124	0	1000	924	362	0	3	5	1	2	4	1366	1586	1788	2012	2214	6000	5000	1	1	1	1	1	1
8	13	1	5	1000	68020	68020.013	68	996.013	3	5	1	2	4	35124	0	1000	822	400	0	3	5	1	2	4	1404	1588	1774	1992	2154	6000	5000	1	1	1	1	1	1
8	14	0	5	1000	73020	73020.002	73	993.982	3	2	4	5	1	32451	0	1000	950	362	0	3	2	4	5	1	1366	1560	1760	1944	2134	6000	5000	1	1	1	1	1	1
8	15	1	5	1000	78020	78022.024	78	994.022	1	3	2	5	4	13254	0	1000	1664	390	1	1	3	5	5	4	1394	1630	2008	2654	2918	6000	5000	0	1	1	1	1	1
8	16	0	5	1000	83020	83020.001	83	990	3	5	1	2	4	35124	0	1000	978	430	0	3	5	1	2	4	1434	1642	1862	2102	2300	6000	5000	1	1	1	1	1	1
8	17	0	5	1000	88020	88020.011	88	990.032	3	2	4	5	1	32451	0	16000	1084	412	0	3	2	4	5	1	1416	1640	1866	2104	2342	6000	5000	1	1	1	1	1	1
8	18	0	5	1000	108020	108020.001	108	981.982	3	2	4	5	1	32451	0	1000	1140	556	0	3	2	4	5	1	1560	1808	2058	2280	2522	6000	5000	1	1	1	1	1	1
8	19	0	5	1000	113020	113022.016	113	981.994	3	2	4	5	1	32451	0	1000	1086	654	0	3	2	4	5	1	1658	1886	2132	2362	2590	6000	5000	1	1	1	1	1	1
8	20	1	5	1000	118020	118020.002	118	978.001	1	4	5	2	3	14523	0	1000	1108	394	0	1	4	5	2	3	1398	1686	1932	2178	2402	6000	5000	1	1	1	1	1	1
8	21	0	5	1000	123020	123020.024	123	976.003	3	5	1	2	4	35124	0	1000	1068	372	0	3	5	1	2	4	1376	1596	1810	2090	2340	6000	5000	1	1	1	1	1	1
8	22	0	5	1000	128020	128020.003	128	976	1	3	2	5	4	13254	0	1000	996	428	0	1	3	2	5	4	1432	1700	1906	2112	2328	6000	5000	1	1	1	1	1	1
8	23	1	5	1000	133020	133020.011	133	974.02	3	2	4	5	1	32451	0	1000	998	386	0	3	2	4	5	1	1390	1590	1810	2010	2190	6000	5000	1	1	1	1	1	1
8	24	0	5	1000	138020	138020.012	138	972.02	3	2	4	5	1	32451	0	1000	1050	412	0	3	2	4	5	1	1416	1632	1890	2110	2330	6000	5000	1	1	1	1	1	1
8	25	0	5	1000	143020	143020.013	143	972.013	3	5	1	2	4	35124	0	1000	954	384	0	3	5	1	2	4	1388	1604	1796	2018	2218	6000	5000	1	1	1	1	1	1
8	26	0	5	1000	148020	148020.012	148	967.988	1	4	5	2	3	14523	0	1000	1012	394	0	1	4	5	2	3	1398	1644	1870	2114	2334	6000	5000	1	1	1	1	1	1
8	27	0	5	1000	153020	153020.062	153	966.046	3	5	1	2	4	35124	0	1000	1002	382	0	3	5	1	2	4	1386	1614	1824	2076	2274	6000	5000	1	1	1	1	1	1
8	28	1	5	1000	158020	158020.001	158	963.889	3	2	4	5	1	32451	0	1000	930	408	0	3	2	4	5	1	1412	1598	1812	2004	2196	6000	5000	1	1	1	1	1	1
8	29	1	5	1000	163020	163020.015	163	963.986	1	4	5	2	3	14523	0	1000	1670	370	0	1	4	5	2	3	1374	2236	2482	2732	2942	6000	5000	1	1	1	1	1	1
8	30	0	5	1000	168020	168020.025	168	962.023	3	2	4	5	1	32451	0	1000	0	452	1	3	2	4	1	1	1456	1674	1904	2352	3916	6000	5000	0	1	1	1	1	1
8	31	1	5	1000	173020	173020.007	173	960.006	3	2	4	5	1	32451	0	1000	1106	476	0	3	2	4	5	1	1480	1706	1952	2210	2426	6000	5000	1	1	1	1	1	1
8	32	1	5	1000	178020	178020.012	178	958.009	3	5	1	2	4	35124	0	1000	1432	404	0	3	5	1	2	4	1408	1798	2106	2414	2706	6000	5000	1	1	1	1	1	1
8	33	1	5	1000	183020	183020.012	183	955.997	3	2	4	5	1	32451	0	1000	1420	428	0	3	2	4	5	1	1432	1746	2044	2350	2662	6000	5000	1	1	1	1	1	1
8	34	0	5	1000	188020	188020.011	188	953.999	1	3	2	5	4	13254	0	16000	1568	376	0	1	3	2	5	4	1380	1734	2136	2476	2804	6000	5000	1	1	1	1	1	1
8	35	0	5	1000	208020	208020.001	208	947.997	1	3	2	5	4	13254	0	1000	1466	436	0	1	3	2	5	4	1440	1764	2102	2436	2778	6000	5000	1	1	1	1	1	1
8	36	1	5	1000	213020	213020.024	213	946.001	3	5	1	2	4	35124	0	1000	1144	420	0	3	5	1	2	4	1424	1684	1948	2220	2450	6000	5000	1	1	1	1	1	1
8	37	0	5	1000	218020	218020.004	218	946.005	1	3	2	5	4	13254	0	1000	1244	354	0	1	3	2	5	4	1358	1644	1920	2190	2458	6000	5000	1	1	1	1	1	1
8	38	1	5	1000	223020	223020.002	223	941.999	1	4	5	2	3	14523	0	1000	1178	414	0	1	4	5	2	3	1418	1690	1952	2222	2466	6000	5000	1	1	1	1	1	1
8	39	0	5	1000	228020	228021.995	228	942.003	1	4	5	2	3	14523	0	1000	1156	372	0	1	4	5	2	3	1376	1648	1914	2164	2402	6000	5000	1	1	1	1	1	1
8	40	1	5	1000	233020	233020.001	233	939.998	3	5	1	2	4	35124	0	1000	1188	488	0	3	5	1	2	4	1492	1756	2032	2306	2548	6000	5000	1	1	1	1	1	1
8	41	0	5	1000	238020	238020.002	238	938.012	3	5	1	2	4	35124	0	1000	1172	666	0	3	5	1	2	4	1670	1928	2204	2474	2716	6000	5000	1	1	1	1	1	1
8	42	1	5	1000	243020	243021.995	243	938.001	1	3	2	5	4	13254	0	1000	1182	488	0	1	3	2	5	4	1492	1776	2014	2266	2534	6000	5000	1	1	1	1	1	1
8	43	0	5	1000	248020	248021.988	248	935.986	3	2	4	5	1	32451	0	1000	1244	382	0	3	2	4	5	1	1386	1634	1896	2160	2444	6000	5000	1	1	1	1	1	1
8	44	1	5	1000	253020	253021.99	253	936.011	3	5	1	2	4	35124	0	1000	1238	476	0	3	5	1	2	4	1480	1750	2030	2326	2596	6000	5000	1	1	1	1	1	1
8	45	1	5	1000	258020	258021.991	258	932.019	1	3	2	5	4	13254	0	1000	1162	416	0	1	3	2	5	4	1420	1712	1962	2226	2478	6000	5000	1	1	1	1	1	1
8	46	1	5	1000	263020	263022.007	263	930.015	1	3	2	5	4	13254	0	1000	1280	372	0	1	3	2	5	4	1376	1692	1936	2214	2534	6000	5000	1	1	1	1	1	1
8	47	0	5	1000	268020	268020.013	268	927.987	1	3	2	5	4	13254	0	1000	1254	392	0	1	3	2	5	4	1396	1684	1974	2264	2520	6000	5000	1	1	1	1	1	1
8	48	0	5	1000	273020	273021.992	273	927.945	3	5	1	2	4	35124	0	1000	1560	750	0	3	5	1	2	4	1754	2104	2614	2912	3182	6000	5000	1	1	1	1	1	1
8	49	1	5	1000	278020	278021.991	278	925.99	1	4	5	2	3	14523	0	1000	1230	460	0	1	4	5	2	3	1464	1752	2038	2320	2592	6000	5000	1	1	1	1	1	1
8	50	1	5	1000	283020	283020.002	283	922.008	1	3	2	5	4	13254	0	1000	1142	384	0	1	3	2	5	4	1388	1668	1922	2162	2418	6000	5000	1	1	1	1	1	1
8	51	1	5	1000	288020	288020.002	288	920.001	1	4	5	2	3	14523	0	16000	1116	408	0	1	4	5	2	3	1412	1690	1952	2200	2428	6000	5000	1	1	1	1	1	1
8	52	1	5	1000	308020	308021.982	308	915.99	1	4	5	2	3	14523	0	1000	1186	526	0	1	4	5	2	3	1530	1824	2130	2392	2628	6000	5000	1	1	1	1	1	1
8	53	1	5	1000	313020	313021.992	313	913.991	1	4	5	2	3	14523	0	1000	1134	434	0	1	4	5	2	3	1438	1730	2008	2274	2502	6000	5000	1	1	1	1	1	1
8	54	0	5	1000	318020	318021.992	318	911.991	1	3	2	5	4	13254	0	1000	1024	344	0	1	3	2	5	4	1348	1630	1862	2078	2288	6000	5000	1	1	1	1	1	1
8	55	0	5	1000	323020	323021.994	323	910.006	1	3	2	5	4	13254	0	1000	1200	288	0	1	3	2	5	4	1292	1584	1856	2128	2376	6000	5000	1	1	1	1	1	1
8	56	0	5	1000	328020	328021.99	328	907.986	1	4	5	2	3	14523	0	1000	1310	370	0	1	4	5	2	3	1374	1696	2008	2296	2572	6000	5000	1	1	1	1	1	1
8	57	0	5	1000	333020	333022.001	333	906.002	1	3	2	5	4	13254	0	1000	1204	332	0	1	3	2	5	4	1336	1644	1904	2196	2420	6000	5000	1	1	1	1	1	1
8	58	1	5	1000	338020	338022.001	338	906.012	1	3	2	5	4	13254	0	1000	1124	390	0	1	3	2	5	4	1394	1696	1928	2158	2416	6000	5000	1	1	1	1	1	1
8	59	0	5	1000	343020	343021.99	343	903.969	1	4	5	2	3	14523	0	1000	1132	348	0	1	4	5	2	3	1352	1640	1898	2166	2380	6000	5000	1	1	1	1	1	1
8	60	0	5	1000	348020	348021.992	348	901.999	3	2	4	5	1	32451	0	1000	1872	474	0	3	2	4	5	1	1478	1716	1994	2854	3142	6000	5000	1	1	1	1	1	1
8	61	0	5	1000	353020	353020.002	353	898.033	1	3	2	5	4	13254	0	1000	1168	424	0	1	3	2	5	4	1428	1720	1968	2210	2454	6000	5000	1	1	1	1	1	1
8	62	0	5	1000	358020	358020.008	358	896.019	3	2	4	5	1	32451	0	1000	1220	404	0	3	2	4	5	1	1408	1658	1924	2194	2436	6000	5000	1	1	1	1	1	1
8	63	0	5	1000	363020	363021.993	363	896.01	1	4	5	2	3	14523	0	1000	1646	454	0	1	4	5	2	3	1458	1756	2324	2702	2980	6000	5000	1	1	1	1	1	1
8	64	0	5	1000	368020	368020.008	368	891.973	1	4	5	2	3	14523	0	1000	1916	380	0	1	4	5	2	3	1384	1644	1908	2920	3168	6000	5000	1	1	1	1	1	1
8	65	1	5	1000	373020	373021.979	373	891.986	3	2	4	5	1	32451	0	1000	1234	470	0	3	2	4	5	1	1474	1716	1982	2240	2508	6000	5000	1	1	1	1	1	1
8	66	1	5	1000	378020	378021.997	378	892.003	1	3	2	5	4	13254	0	1000	1160	334	0	1	3	2	5	4	1338	1610	1852	2106	2392	6000	5000	1	1	1	1	1	1
8	67	1	5	1000	383020	383021.971	383	889.982	3	2	4	5	1	32451	0	1000	1154	380	0	3	2	4	5	1	1384	1612	1884	2120	2370	6000	5000	1	1	1	1	1	1
8	68	0	5	1000	388020	388022.011	388	888.021	1	4	5	2	3	14523	0	16000	1318	530	0	1	4	5	2	3	1534	1846	2156	2438	2724	6000	5000	1	1	1	1	1	1
9	1	0	5	1000	8020	8020.003	9	14.02	3	2	4	5	1	32451	0	12000	1672	654	0	3	2	4	5	1	1658	2048	2386	2734	3092	6000	5000	1	1	1	1	1	1
9	2	1	5	1000	24020	24020.009	25	10.029	3	5	1	2	4	35124	0	9000	1464	484	0	3	5	1	2	4	1488	1808	2136	2442	2754	6000	5000	1	1	1	1	1	1
9	3	0	5	1000	37020	37020.01	38	3.998	1	3	2	5	4	13254	0	30000	1642	466	0	1	3	2	5	4	1470	1830	2194	2536	2894	6000	5000	1	1	1	1	1	1
9	4	1	5	1000	71020	71020.001	71	994.01	1	4	5	2	3	14523	0	21000	1606	462	0	1	4	5	2	3	1466	1836	2182	2518	2860	6000	5000	1	1	1	1	1	1
9	5	0	5	1000	96020	96020.003	96	986.012	3	5	1	2	4	35124	0	27000	1622	482	0	3	5	1	2	4	1486	1850	2214	2556	2908	6000	5000	1	1	1	1	1	1
9	6	1	5	1000	127020	127020.098	127	974.122	3	2	4	5	1	32451	0	18000	1594	476	0	3	2	4	5	1	1480	1848	2174	2510	2832	6000	5000	1	1	1	1	1	1
9	7	0	5	1000	149020	149020.006	149	966.015	1	4	5	2	3	14523	0	24000	1654	504	0	1	4	5	2	3	1508	1874	2240	2578	2958	6000	5000	1	1	1	1	1	1
9	8	1	5	1000	177020	177022.002	177	959.999	1	3	2	5	4	13254	0	15000	1804	530	0	1	3	2	5	4	1534	1950	2340	2748	3140	6000	5000	1	1	1	1	1	1
9	9	0	5	1000	196020	196020.012	196	950.004	3	2	4	5	1	32451	0	30000	1774	538	0	3	2	4	5	1	1542	1936	2278	2666	3046	6000	5000	1	1	1	1	1	1
9	10	1	5	1000	230020	230021.974	230	940.002	3	5	1	2	4	35124	0	9000	1778	546	0	3	5	1	2	4	1550	1946	2336	2746	3128	6000	5000	1	1	1	1	1	1
9	11	0	5	1000	243020	243021.976	243	936.007	1	3	2	5	4	13254	0	21000	1798	444	0	1	3	2	5	4	1448	1870	2294	2672	3080	6000	5000	1	1	1	1	1	1
9	12	1	5	1000	268020	268021.978	268	928.01	1	4	5	2	3	14523	0	18000	1856	500	0	1	4	5	2	3	1504	1940	2340	2734	3148	6000	5000	1	1	1	1	1	1
9	13	0	5	1000	290020	290021.988	290	920.028	3	5	1	2	4	35124	0	12000	1768	474	0	3	5	1	2	4	1478	1888	2294	2724	3090	6000	5000	1	1	1	1	1	1
9	14	1	5	1000	306020	306020.004	306	911.993	3	2	4	5	1	32451	0	24000	1670	498	0	3	2	4	5	1	1502	1868	2228	2598	2956	6000	5000	1	1	1	1	1	1
9	15	0	5	1000	334020	334021.979	334	905.979	1	4	5	2	3	14523	0	27000	1820	670	0	1	4	5	2	3	1674	2082	2476	2884	3302	6000	5000	1	1	1	1	1	1
9	16	1	5	1000	365020	365021.985	365	894	1	3	2	5	4	13254	0	15000	1736	510	0	1	3	2	5	4	1514	1914	2310	2678	3042	6000	5000	1	1	1	1	1	1