BN	TN	seqType	Horizon	PrepTime	startTime	startTimeReal	startTRReal	startTRtime	press0	press1	press2	press3	press4	cueP	complete	iti	MT	RT	isError	response0	response1	response2	response3	response4	pressTime0	pressTime1	pressTime2	pressTime3	pressTime4	timeThreshold	timeThresholdSuper	points	Gain1	Gain2	Gain3	Gain4	Gain5
1	1	1	5	1000	8020	8022.01	9	17.987	3	5	1	2	4	35124	0	1000	1120	490	0	3	5	1	2	4	1494	1746	1976	2208	2462	6000	5000	1	1	1	1	1	1
1	2	1	5	1000	13020	13021.969	14	15.941	3	5	1	2	4	35124	0	1000	1122	294	0	3	5	1	2	4	1298	1522	1768	1994	2244	6000	5000	1	1	1	1	1	1
1	3	1	5	1000	18020	18020.074	19	12.084	1	4	5	2	3	14523	0	1000	1074	282	0	1	4	5	2	3	1286	1492	1726	1950	2184	6000	5000	1	1	1	1	1	1
1	4	0	5	1000	23020	23021.99	24	11.997	1	4	5	2	3	14523	0	1000	1092	298	0	1	4	5	2	3	1302	1504	1750	2004	2224	6000	5000	1	1	1	1	1	1
1	5	0	5	1000	28020	28022	29	12.02	3	5	1	2	4	35124	0	1000	1084	254	0	3	5	1	2	4	1258	1472	1712	1910	2120	6000	5000	1	1	1	1	1	1
1	6	0	5	1000	33020	33021.978	34	9.988	1	3	2	5	4	13254	0	1000	1078	194	0	1	3	2	5	4	1198	1396	1636	1820	2052	6000	5000	1	1	1	1	1	1
1	7	1	5	1000	38020	38020.003	39	5.999	3	5	1	2	4	35124	0	1000	1040	376	0	3	5	1	2	4	1380	1576	1812	2026	2234	6000	5000	1	1	1	1	1	1
1	8	0	5	1000	43020	43021.992	44	6.002	1	4	5	2	3	14523	0	1000	1010	278	0	1	4	5	2	3	1282	1486	1706	1908	2130	6000	5000	1	1	1	1	1	1
1	9	0	5	1000	48020	48022.016	49	4.026	3	2	4	5	1	32451	0	1000	1032	212	0	3	2	4	5	1	1216	1440	1698	1908	2130	6000	5000	1	1	1	1	1	1
1	10	1	5	1000	53020	53021.986	54	2.007	1	3	2	5	4	13254	0	1000	1070	306	0	1	3	2	5	4	1310	1534	1782	2000	2222	6000	5000	1	1	1	1	1	1
1	11	1	5	1000	58020	58021.99	59	1.993	3	5	1	2	4	35124	0	1000	1048	152	0	3	5	1	2	4	1156	1386	1592	1810	2050	6000	5000	1	1	1	1	1	1
1	12	1	5	1000	63020	63021.981	64	0	1	3	2	5	4	13254	0	1000	996	264	0	1	3	2	5	4	1268	1478	1700	1902	2102	6000	5000	1	1	1	1	1	1
1	13	0	5	1000	68020	68020.012	68	996.035	1	3	2	5	4	13254	0	1000	1036	396	0	1	3	2	5	4	1400	1612	1842	2058	2280	6000	5000	1	1	1	1	1	1
1	14	0	5	1000	73020	73020.018	73	994.007	1	4	5	2	3	14523	0	1000	1050	258	0	1	4	5	2	3	1262	1470	1708	1930	2170	6000	5000	1	1	1	1	1	1
1	15	1	5	1000	78020	78020.109	78	992.119	3	5	1	2	4	35124	0	1000	1054	272	0	3	5	1	2	4	1276	1488	1712	1924	2170	6000	5000	1	1	1	1	1	1
1	16	1	5	1000	83020	83021.98	83	991.968	3	2	4	5	1	32451	0	1000	1028	242	0	3	2	4	5	1	1246	1484	1706	1926	2140	6000	5000	1	1	1	1	1	1
1	17	0	5	1000	88020	88021.982	88	991.97	1	3	2	5	4	13254	0	16000	1062	358	0	1	3	2	5	4	1362	1588	1820	2052	2262	6000	5000	1	1	1	1	1	1
1	18	0	5	1000	108020	108021.977	108	983.966	1	3	2	5	4	13254	0	1000	1104	348	0	1	3	2	5	4	1352	1586	1836	2076	2272	6000	5000	1	1	1	1	1	1
1	19	1	5	1000	113020	113021.99	113	981.987	1	3	2	5	4	13254	0	1000	1030	292	0	1	3	2	5	4	1296	1486	1720	1930	2138	6000	5000	1	1	1	1	1	1
1	20	0	5	1000	118020	118020	118	980.009	3	5	1	2	4	35124	0	1000	1090	260	0	3	5	1	2	4	1264	1466	1706	1950	2192	6000	5000	1	1	1	1	1	1
1	21	1	5	1000	123020	123020.004	123	977.992	3	5	1	2	4	35124	0	1000	1026	282	0	3	5	1	2	4	1286	1478	1704	1918	2142	6000	5000	1	1	1	1	1	1
1	22	0	5	1000	128020	128021.99	128	977.998	1	3	2	5	4	13254	0	1000	1054	170	0	1	3	2	5	4	1174	1396	1630	1820	2050	6000	5000	1	1	1	1	1	1
1	23	0	5	1000	133020	133020.005	133	974.022	1	3	2	5	4	13254	0	1000	1036	292	0	1	3	2	5	4	1296	1504	1730	1926	2144	6000	5000	1	1	1	1	1	1
1	24	0	5	1000	138020	138020.001	138	972.023	3	5	1	2	4	35124	0	1000	1044	190	0	3	5	1	2	4	1194	1406	1632	1844	2074	6000	5000	1	1	1	1	1	1
1	25	0	5	1000	143020	143020.01	143	969.993	1	4	5	2	3	14523	0	1000	1054	334	0	1	4	5	2	3	1338	1550	1790	2032	2262	6000	5000	1	1	1	1	1	1
1	26	1	5	1000	148020	148022.029	148	971.916	3	2	4	5	1	32451	0	1000	1108	178	0	3	2	4	5	1	1182	1440	1678	1896	2136	6000	5000	1	1	1	1	1	1
1	27	0	5	1000	153020	153021.993	153	970.002	3	2	4	5	1	32451	0	1000	1102	78	0	3	2	4	5	1	1082	1356	1598	1818	2038	6000	5000	1	1	1	1	1	1
1	28	1	5	1000	158020	158022.111	158	968.13	1	4	5	2	3	14523	0	1000	1100	328	0	1	4	5	2	3	1332	1564	1804	2048	2292	6000	5000	1	1	1	1	1	1
1	29	0	5	1000	163020	163021.992	163	965.979	3	2	4	5	1	32451	0	1000	1104	330	0	3	2	4	5	1	1334	1596	1842	2060	2292	6000	5000	1	1	1	1	1	1
1	30	0	5	1000	168020	168021.993	168	963.989	1	4	5	2	3	14523	0	1000	1104	246	0	1	4	5	2	3	1250	1494	1730	1966	2212	6000	5000	1	1	1	1	1	1
1	31	1	5	1000	173020	173020.11	173	960.106	1	3	2	5	4	13254	0	1000	1094	174	0	1	3	2	5	4	1178	1434	1686	1898	2120	6000	5000	1	1	1	1	1	1
1	32	1	5	1000	178020	178020.024	178	958.029	3	2	4	5	1	32451	0	1000	1064	264	0	3	2	4	5	1	1268	1526	1770	1988	2228	6000	5000	1	1	1	1	1	1
1	33	1	5	1000	183020	183021.989	183	960.026	1	3	2	5	4	13254	0	1000	1030	552	0	1	3	2	5	4	1556	1780	2026	2238	2454	6000	5000	1	1	1	1	1	1
1	34	0	5	1000	188020	188022.003	188	957.986	3	2	4	5	1	32451	0	16000	1064	240	0	3	2	4	5	1	1244	1490	1736	1950	2184	6000	5000	1	1	1	1	1	1
1	35	0	5	1000	208020	208022.013	208	950.022	3	2	4	5	1	32451	0	1000	1866	368	1	3	4	2	5	4	1372	1394	1724	2798	3080	6000	5000	0	1	1	1	1	1
1	36	0	5	1000	213020	213021.993	213	947.976	3	2	4	5	1	32451	0	1000	1066	316	0	3	2	4	5	1	1320	1562	1792	2030	2258	6000	5000	1	1	1	1	1	1
1	37	0	5	1000	218020	218022.064	218	948.05	1	3	2	5	4	13254	0	1000	1094	366	0	1	3	2	5	4	1370	1602	1864	2090	2338	6000	5000	1	1	1	1	1	1
1	38	1	5	1000	223020	223020.012	223	944.016	1	4	5	2	3	14523	0	1000	1074	386	0	1	4	5	2	3	1390	1602	1840	2080	2314	6000	5000	1	1	1	1	1	1
1	39	1	5	1000	228020	228020.099	228	942.108	1	3	2	5	4	13254	0	1000	1102	324	0	1	3	2	5	4	1328	1552	1774	2006	2238	6000	5000	1	1	1	1	1	1
1	40	1	5	1000	233020	233021.991	233	941.905	1	4	5	2	3	14523	0	1000	1074	334	0	1	4	5	2	3	1338	1544	1806	2036	2264	6000	5000	1	1	1	1	1	1
1	41	1	5	1000	238020	238020.008	238	938.017	1	4	5	2	3	14523	0	1000	1026	328	0	1	4	5	2	3	1332	1536	1756	1974	2206	6000	5000	1	1	1	1	1	1
1	42	0	5	1000	243020	243020.015	243	935.997	3	5	1	2	4	35124	0	1000	1048	274	0	3	5	1	2	4	1278	1478	1714	1920	2144	6000	5000	1	1	1	1	1	1
1	43	0	5	1000	248020	248020.001	248	936.002	3	2	4	5	1	32451	0	1000	1046	326	0	3	2	4	5	1	1330	1570	1760	1978	2218	6000	5000	1	1	1	1	1	1
1	44	1	5	1000	253020	253020.001	253	933.985	3	5	1	2	4	35124	0	1000	1080	280	0	3	5	1	2	4	1284	1480	1718	1942	2152	6000	5000	1	1	1	1	1	1
1	45	0	5	1000	258020	258020.007	258	932.014	3	5	1	2	4	35124	0	1000	1088	178	0	3	5	1	2	4	1182	1420	1630	1842	2058	6000	5000	1	1	1	1	1	1
1	46	1	5	1000	263020	263021.99	263	931.998	1	3	2	5	4	13254	0	1000	1092	330	0	1	3	2	5	4	1334	1540	1766	1952	2220	6000	5000	1	1	1	1	1	1
1	47	1	5	1000	268020	268021.987	268	929.953	1	3	2	5	4	13254	0	1000	1060	300	0	1	3	2	5	4	1304	1520	1750	1936	2158	6000	5000	1	1	1	1	1	1
1	48	0	5	1000	273020	273021.991	273	927.993	1	4	5	2	3	14523	0	1000	1062	344	0	1	4	5	2	3	1348	1572	1798	2018	2246	6000	5000	1	1	1	1	1	1
1	49	0	5	1000	278020	278022.012	278	927.972	1	4	5	2	3	14523	0	1000	1088	328	0	1	4	5	2	3	1332	1558	1798	2018	2244	6000	5000	1	1	1	1	1	1
1	50	0	5	1000	283020	283021.968	283	925.992	1	3	2	5	4	13254	0	1000	1076	358	0	1	3	2	5	4	1362	1598	1818	2024	2244	6000	5000	1	1	1	1	1	1
1	51	0	5	1000	288020	288021.986	288	924.018	3	2	4	5	1	32451	0	16000	1036	312	0	3	2	4	5	1	1316	1556	1760	2002	2262	6000	5000	1	1	1	1	1	1
1	52	0	5	1000	308020	308021.976	308	916.012	3	2	4	5	1	32451	0	1000	1104	446	0	3	2	4	5	1	1450	1724	1944	2174	2406	6000	5000	1	1	1	1	1	1
1	53	0	5	1000	313020	313021.963	313	915.995	3	5	1	2	4	35124	0	1000	1110	338	0	3	5	1	2	4	1342	1586	1796	2024	2242	6000	5000	1	1	1	1	1	1
1	54	0	5	1000	318020	318021.985	318	914.017	3	5	1	2	4	35124	0	1000	1140	278	0	3	5	1	2	4	1282	1520	1766	2014	2246	6000	5000	1	1	1	1	1	1
1	55	1	5	1000	323020	323021.98	323	912.017	3	2	4	5	1	32451	0	1000	1062	308	0	3	2	4	5	1	1312	1540	1764	1994	2226	6000	5000	1	1	1	1	1	1
1	56	0	5	1000	328020	328020.006	328	908.017	1	4	5	2	3	14523	0	1000	1076	262	0	1	4	5	2	3	1266	1492	1712	1940	2184	6000	5000	1	1	1	1	1	1
1	57	1	5	1000	333020	333021.978	333	907.997	1	4	5	2	3	14523	0	1000	1056	300	0	1	4	5	2	3	1304	1516	1742	1972	2194	6000	5000	1	1	1	1	1	1
1	58	1	5	1000	338020	338021.982	338	905.986	3	2	4	5	1	32451	0	1000	1104	232	0	3	2	4	5	1	1236	1480	1694	1924	2172	6000	5000	1	1	1	1	1	1
1	59	1	5	1000	343020	343021.981	343	903.998	3	5	1	2	4	35124	0	1000	1038	294	0	3	5	1	2	4	1298	1496	1736	1936	2146	6000	5000	1	1	1	1	1	1
1	60	0	5	1000	348020	348021.974	348	904	3	2	4	5	1	32451	0	1000	1022	240	0	3	2	4	5	1	1244	1464	1674	1896	2124	6000	5000	1	1	1	1	1	1
1	61	1	5	1000	353020	353021.978	353	901.986	3	2	4	5	1	32451	0	1000	1056	276	0	3	2	4	5	1	1280	1506	1724	1952	2174	6000	5000	1	1	1	1	1	1
1	62	1	5	1000	358020	358021.981	358	899.992	1	4	5	2	3	14523	0	1000	1062	332	0	1	4	5	2	3	1336	1560	1790	1990	2228	6000	5000	1	1	1	1	1	1
1	63	0	5	1000	363020	363021.978	363	897.975	1	3	2	5	4	13254	0	1000	1070	302	0	1	3	2	5	4	1306	1528	1768	1956	2188	6000	5000	1	1	1	1	1	1
1	64	1	5	1000	368020	368021.977	368	895.996	3	2	4	5	1	32451	0	1000	1050	304	0	3	2	4	5	1	1308	1532	1752	1962	2194	6000	5000	1	1	1	1	1	1
1	65	1	5	1000	373020	373021.966	373	894.001	3	2	4	5	1	32451	0	1000	1016	256	0	3	2	4	5	1	1260	1478	1696	1912	2114	6000	5000	1	1	1	1	1	1
1	66	0	5	1000	378020	378021.973	378	893.997	3	5	1	2	4	35124	0	1000	1098	360	0	3	5	1	2	4	1364	1584	1822	2046	2258	6000	5000	1	1	1	1	1	1
1	67	1	5	1000	383020	383021.978	383	891.997	1	4	5	2	3	14523	0	1000	1058	306	0	1	4	5	2	3	1310	1518	1744	1990	2214	6000	5000	1	1	1	1	1	1
1	68	1	5	1000	388020	388021.981	388	890.001	3	5	1	2	4	35124	0	16000	1088	326	0	3	5	1	2	4	1330	1554	1760	1994	2222	6000	5000	1	1	1	1	1	1
2	1	1	5	1000	8020	8020.011	9	16.017	1	4	5	2	3	14523	0	1000	1138	472	0	1	4	5	2	3	1476	1728	1948	2182	2450	6000	5000	1	1	1	1	1	1
2	2	1	5	1000	13020	13021.984	14	16.003	3	2	4	5	1	32451	0	1000	1080	286	0	3	2	4	5	1	1290	1516	1754	1996	2226	6000	5000	1	1	1	1	1	1
2	3	1	5	1000	18020	18020.009	19	12.001	1	3	2	5	4	13254	0	1000	1150	300	0	1	3	2	5	4	1304	1530	1792	2038	2264	6000	5000	1	1	1	1	1	1
2	4	1	5	1000	23020	23021.985	24	13.989	3	5	1	2	4	35124	0	1000	1118	354	0	3	5	1	2	4	1358	1572	1798	2028	2238	6000	5000	1	1	1	1	1	1
2	5	1	5	1000	28020	28021.994	29	11.999	1	4	5	2	3	14523	0	1000	1058	264	0	1	4	5	2	3	1268	1492	1724	1918	2154	6000	5000	1	1	1	1	1	1
2	6	1	5	1000	33020	33020.01	34	8.017	1	4	5	2	3	14523	0	1000	1092	356	0	1	4	5	2	3	1360	1568	1782	2030	2278	6000	5000	1	1	1	1	1	1
2	7	1	5	1000	38020	38020.015	39	6.003	3	5	1	2	4	35124	0	1000	1126	286	0	3	5	1	2	4	1290	1522	1728	1944	2198	6000	5000	1	1	1	1	1	1
2	8	1	5	1000	43020	43021.996	44	6.001	3	5	1	2	4	35124	0	1000	1110	230	0	3	5	1	2	4	1234	1456	1674	1888	2136	6000	5000	1	1	1	1	1	1
2	9	1	5	1000	48020	48020.02	49	2.004	3	2	4	5	1	32451	0	1000	1022	308	0	3	2	4	5	1	1312	1524	1752	1962	2170	6000	5000	1	1	1	1	1	1
2	10	0	5	1000	53020	53020.003	54	0	1	3	2	5	4	13254	0	1000	1000	328	0	1	3	2	5	4	1332	1556	1772	1970	2164	6000	5000	1	1	1	1	1	1
2	11	1	5	1000	58020	58020.005	59	0	3	5	1	2	4	35124	0	1000	1062	336	0	3	5	1	2	4	1340	1592	1778	2024	2202	6000	5000	1	1	1	1	1	1
2	12	0	5	1000	63020	63020.008	63	998.014	3	5	1	2	4	35124	0	1000	1050	286	0	3	5	1	2	4	1290	1518	1746	1930	2142	6000	5000	1	1	1	1	1	1
2	13	0	5	1000	68020	68021.994	68	998.01	1	4	5	2	3	14523	0	1000	1014	212	0	1	4	5	2	3	1216	1460	1672	1872	2082	6000	5000	1	1	1	1	1	1
2	14	0	5	1000	73020	73020.005	73	993.992	1	4	5	2	3	14523	0	1000	942	380	0	1	4	5	2	3	1384	1598	1812	1998	2184	6000	5000	1	1	1	1	1	1
2	15	0	5	1000	78020	78020.029	78	992.033	3	2	4	5	1	32451	0	1000	760	212	0	3	2	4	5	1	1216	1408	1570	1734	1860	6000	5000	1	1	1	1	1	1
2	16	0	5	1000	83020	83020.002	83	991.995	3	2	4	5	1	32451	0	1000	698	364	0	3	2	4	5	1	1368	1524	1676	1850	1990	6000	5000	1	1	1	1	1	1
2	17	0	5	1000	88020	88021.993	88	991.976	1	4	5	2	3	14523	0	16000	786	488	0	1	4	5	2	3	1492	1658	1834	1990	2154	6000	5000	1	1	1	1	1	1
2	18	0	5	1000	108020	108022.004	108	983.986	1	4	5	2	3	14523	0	1000	792	308	0	1	4	5	2	3	1312	1460	1636	1804	1990	6000	5000	1	1	1	1	1	1
2	19	1	5	1000	113020	113020.007	113	979.987	1	4	5	2	3	14523	0	1000	782	370	0	1	4	5	2	3	1374	1530	1712	1856	2038	6000	5000	1	1	1	1	1	1
2	20	0	5	1000	118020	118021.984	118	981.963	3	5	1	2	4	35124	0	1000	922	374	0	3	5	1	2	4	1378	1560	1736	1934	2138	6000	5000	1	1	1	1	1	1
2	21	0	5	1000	123020	123020.015	123	977.999	3	2	4	5	1	32451	0	1000	784	300	0	3	2	4	5	1	1304	1464	1634	1806	1972	6000	5000	1	1	1	1	1	1
2	22	1	5	1000	128020	128021.995	128	977.999	1	4	5	2	3	14523	0	1000	804	304	0	1	4	5	2	3	1308	1468	1654	1824	2000	6000	5000	1	1	1	1	1	1
2	23	0	5	1000	133020	133020.008	133	974.014	1	4	5	2	3	14523	0	1000	760	132	0	1	4	5	2	3	1136	1278	1456	1610	1780	6000	5000	1	1	1	1	1	1
2	24	1	5	1000	138020	138021.995	138	973.976	3	2	4	5	1	32451	0	1000	776	306	0	3	2	4	5	1	1310	1466	1642	1808	1962	6000	5000	1	1	1	1	1	1
2	25	0	5	1000	143020	143021.984	143	971.978	1	4	5	2	3	14523	0	1000	804	308	0	1	4	5	2	3	1312	1462	1642	1808	1990	6000	5000	1	1	1	1	1	1
2	26	1	5	1000	148020	148021.994	148	971.988	3	5	1	2	4	35124	0	1000	792	324	0	3	5	1	2	4	1328	1488	1636	1808	1976	6000	5000	1	1	1	1	1	1
2	27	0	5	1000	153020	153021.984	153	969.967	3	2	4	5	1	32451	0	1000	824	302	0	3	2	4	5	1	1306	1482	1676	1856	2020	6000	5000	1	1	1	1	1	1
2	28	1	5	1000	158020	158021.984	158	967.967	3	5	1	2	4	35124	0	1000	806	320	0	3	5	1	2	4	1324	1486	1656	1804	1966	6000	5000	1	1	1	1	1	1
2	29	0	5	1000	163020	163021.983	163	965.988	1	4	5	2	3	14523	0	1000	792	280	0	1	4	5	2	3	1284	1442	1608	1776	1942	6000	5000	1	1	1	1	1	1
2	30	1	5	1000	168020	168021.983	168	964	1	3	2	5	4	13254	0	1000	1096	174	1	1	3	2	4	4	1178	1322	1500	1666	2138	6000	5000	0	1	1	1	1	1
2	31	0	5	1000	173020	173020.006	173	959.996	3	2	4	5	1	32451	0	1000	814	370	0	3	2	4	5	1	1374	1560	1732	1924	2082	6000	5000	1	1	1	1	1	1
2	32	1	5	1000	178020	178020.024	178	957.993	3	2	4	5	1	32451	0	1000	776	326	0	3	2	4	5	1	1330	1500	1666	1846	2008	6000	5000	1	1	1	1	1	1
2	33	0	5	1000	183020	183020.022	183	957.992	3	5	1	2	4	35124	0	1000	758	262	0	3	5	1	2	4	1266	1434	1606	1748	1876	6000	5000	1	1	1	1	1	1
2	34	1	5	1000	188020	188020.002	188	955.997	1	4	5	2	3	14523	0	16000	794	266	0	1	4	5	2	3	1270	1430	1602	1764	1930	6000	5000	1	1	1	1	1	1
2	35	1	5	1000	208020	208020.024	208	948.007	1	4	5	2	3	14523	0	1000	810	322	0	1	4	5	2	3	1326	1484	1672	1842	2006	6000	5000	1	1	1	1	1	1
2	36	1	5	1000	213020	213021.984	213	949.948	1	3	2	5	4	13254	0	1000	782	422	0	1	3	2	5	4	1426	1586	1756	1908	2060	6000	5000	1	1	1	1	1	1
2	37	0	5	1000	218020	218020.005	218	945.998	1	3	2	5	4	13254	0	1000	1412	442	1	1	4	2	5	4	1446	1602	2398	2588	2738	6000	5000	0	1	1	1	1	1
2	38	0	5	1000	223020	223021.985	223	945.978	1	3	2	5	4	13254	0	1000	1154	400	0	1	3	2	5	4	1404	1660	1904	2134	2382	6000	5000	1	1	1	1	1	1
2	39	0	5	1000	228020	228020.008	228	941.991	3	5	1	2	4	35124	0	1000	1242	320	0	3	5	1	2	4	1324	1608	1864	2116	2354	6000	5000	1	1	1	1	1	1
2	40	0	5	1000	233020	233021.988	233	942.004	1	3	2	5	4	13254	0	1000	1262	362	0	1	3	2	5	4	1366	1634	1880	2122	2404	6000	5000	1	1	1	1	1	1
2	41	0	5	1000	238020	238021.994	238	939.949	3	2	4	5	1	32451	0	1000	1044	764	0	3	2	4	5	1	1768	2024	2240	2464	2670	6000	5000	1	1	1	1	1	1
2	42	0	5	1000	243020	243021.982	243	937.954	1	3	2	5	4	13254	0	1000	1128	242	0	1	3	2	5	4	1246	1494	1734	1946	2170	6000	5000	1	1	1	1	1	1
2	43	0	5	1000	248020	248020.009	248	936.018	1	4	5	2	3	14523	0	1000	1094	230	0	1	4	5	2	3	1234	1488	1742	1966	2158	6000	5000	1	1	1	1	1	1
2	44	0	5	1000	253020	253021.987	253	935.988	1	3	2	5	4	13254	0	1000	1232	230	0	1	3	2	5	4	1234	1482	1758	1978	2230	6000	5000	1	1	1	1	1	1
2	45	1	5	1000	258020	258021.987	258	933.972	1	3	2	5	4	13254	0	1000	1212	272	0	1	3	2	5	4	1276	1520	1774	2012	2272	6000	5000	1	1	1	1	1	1
2	46	1	5	1000	263020	263020.004	263	930.037	1	4	5	2	3	14523	0	1000	1136	236	0	1	4	5	2	3	1240	1496	1728	1966	2210	6000	5000	1	1	1	1	1	1
2	47	0	5	1000	268020	268021.963	268	929.978	3	2	4	5	1	32451	0	1000	1142	258	0	3	2	4	5	1	1262	1526	1764	2012	2256	6000	5000	1	1	1	1	1	1
2	48	1	5	1000	273020	273021.983	273	927.998	1	3	2	5	4	13254	0	1000	1266	254	0	1	3	2	5	4	1258	1520	1778	2018	2294	6000	5000	1	1	1	1	1	1
2	49	1	5	1000	278020	278021.982	278	927.998	1	3	2	5	4	13254	0	1000	1122	268	0	1	3	2	5	4	1272	1508	1752	1970	2192	6000	5000	1	1	1	1	1	1
2	50	0	5	1000	283020	283020.033	283	924.046	1	4	5	2	3	14523	0	1000	898	1076	0	1	4	5	2	3	2080	2308	2504	2688	2844	6000	5000	1	1	1	1	1	1
2	51	0	5	1000	288020	288020.012	288	922.026	3	5	1	2	4	35124	0	16000	1176	408	0	3	5	1	2	4	1412	1682	1936	2180	2432	6000	5000	1	1	1	1	1	1
2	52	0	5	1000	308020	308022.019	308	916.022	3	5	1	2	4	35124	0	1000	1088	446	0	3	5	1	2	4	1450	1684	1932	2142	2344	6000	5000	1	1	1	1	1	1
2	53	1	5	1000	313020	313022.003	313	916.006	3	5	1	2	4	35124	0	1000	1068	322	0	3	5	1	2	4	1326	1548	1770	1974	2198	6000	5000	1	1	1	1	1	1
2	54	1	5	1000	318020	318021.967	318	913.982	1	3	2	5	4	13254	0	1000	976	292	0	1	3	2	5	4	1296	1478	1712	1918	2102	6000	5000	1	1	1	1	1	1
2	55	0	5	1000	323020	323021.995	323	912.01	3	5	1	2	4	35124	0	1000	998	260	0	3	5	1	2	4	1264	1468	1696	1900	2070	6000	5000	1	1	1	1	1	1
2	56	0	5	1000	328020	328021.983	328	910	3	5	1	2	4	35124	0	1000	1068	176	0	3	5	1	2	4	1180	1398	1640	1834	2012	6000	5000	1	1	1	1	1	1
2	57	1	5	1000	333020	333021.984	333	907.988	1	3	2	5	4	13254	0	1000	954	320	0	1	3	2	5	4	1324	1520	1748	1916	2108	6000	5000	1	1	1	1	1	1
2	58	1	5	1000	338020	338021.983	338	905.989	3	2	4	5	1	32451	0	1000	1094	336	0	3	2	4	5	1	1340	1590	1800	2058	2392	6000	5000	1	1	1	1	1	1
2	59	1	5	1000	343020	343021.987	343	906.004	3	5	1	2	4	35124	0	1000	982	388	0	3	5	1	2	4	1392	1604	1814	1990	2160	6000	5000	1	1	1	1	1	1
2	60	0	5	1000	348020	348022.017	348	904.007	1	3	2	5	4	13254	0	1000	1148	182	0	1	3	2	5	4	1186	1462	1698	1902	2104	6000	5000	1	1	1	1	1	1
2	61	1	5	1000	353020	353021.988	353	901.995	1	4	5	2	3	14523	0	1000	934	324	0	1	4	5	2	3	1328	1530	1734	1928	2102	6000	5000	1	1	1	1	1	1
2	62	0	5	1000	358020	358021.998	358	900.031	1	3	2	5	4	13254	0	1000	1088	356	0	1	3	2	5	4	1360	1610	1832	2012	2226	6000	5000	1	1	1	1	1	1
2	63	1	5	1000	363020	363021.983	363	897.981	3	2	4	5	1	32451	0	1000	1430	380	0	3	2	4	5	1	1384	1644	1886	2132	2648	6000	5000	1	1	1	1	1	1
2	64	0	5	1000	368020	368021.98	368	895.994	3	2	4	5	1	32451	0	1000	870	870	0	3	2	4	5	1	1874	2102	2298	2478	2620	6000	5000	1	1	1	1	1	1
2	65	0	5	1000	373020	373022.019	373	894.021	3	5	1	2	4	35124	0	1000	918	358	0	3	5	1	2	4	1362	1560	1764	1924	2072	6000	5000	1	1	1	1	1	1
2	66	1	5	1000	378020	378021.99	378	893.989	3	2	4	5	1	32451	0	1000	1080	272	0	3	2	4	5	1	1276	1510	1714	1956	2204	6000	5000	1	1	1	1	1	1
2	67	1	5	1000	383020	383022.015	383	892.029	3	2	4	5	1	32451	0	1000	1038	82	0	3	2	4	5	1	1086	1352	1560	1774	1970	6000	5000	1	1	1	1	1	1
2	68	1	5	1000	388020	388020	388	888.015	1	4	5	2	3	14523	0	16000	1030	286	0	1	4	5	2	3	1290	1510	1730	1940	2160	6000	5000	1	1	1	1	1	1
3	1	0	5	1000	8020	8021.988	9	17.973	1	4	5	2	3	14523	0	1000	1114	374	0	1	4	5	2	3	1378	1650	1952	2200	2370	6000	5000	1	1	1	1	1	1
3	2	1	5	1000	13020	13020.005	14	14.029	1	4	5	2	3	14523	0	1000	972	244	0	1	4	5	2	3	1248	1460	1688	1886	2090	6000	5000	1	1	1	1	1	1
3	3	0	5	1000	18020	18021.987	19	13.998	3	5	1	2	4	35124	0	1000	956	332	0	3	5	1	2	4	1336	1540	1750	1942	2106	6000	5000	1	1	1	1	1	1
3	4	0	5	1000	23020	23020.011	24	10	3	2	4	5	1	32451	0	1000	850	356	0	3	2	4	5	1	1360	1548	1750	1936	2078	6000	5000	1	1	1	1	1	1
3	5	1	5	1000	28020	28021.986	29	11.894	3	5	1	2	4	35124	0	1000	1138	308	0	3	5	1	2	4	1312	1532	1774	2006	2216	6000	5000	1	1	1	1	1	1
3	6	0	5	1000	33020	33020.019	34	8.002	3	2	4	5	1	32451	0	1000	1420	318	0	3	2	4	5	1	1322	1584	1854	2084	2566	6000	5000	1	1	1	1	1	1
3	7	0	5	1000	38020	38020.01	39	6.035	3	2	4	5	1	32451	0	1000	968	714	0	3	2	4	5	1	1718	1932	2156	2352	2548	6000	5000	1	1	1	1	1	1
3	8	1	5	1000	43020	43020.009	44	4.019	1	3	2	5	4	13254	0	1000	1102	330	0	1	3	2	5	4	1334	1586	1824	2018	2244	6000	5000	1	1	1	1	1	1
3	9	1	5	1000	48020	48020.012	49	1.998	3	5	1	2	4	35124	0	1000	1184	430	0	3	5	1	2	4	1434	1680	1944	2172	2368	6000	5000	1	1	1	1	1	1
3	10	1	5	1000	53020	53021.988	54	2.002	1	3	2	5	4	13254	0	1000	1120	336	0	1	3	2	5	4	1340	1572	1804	2008	2246	6000	5000	1	1	1	1	1	1
3	11	1	5	1000	58020	58021.987	59	0	3	2	4	5	1	32451	0	1000	958	174	0	3	2	4	5	1	1178	1406	1604	1806	2012	6000	5000	1	1	1	1	1	1
3	12	1	5	1000	63020	63022.002	64	0	3	5	1	2	4	35124	0	1000	660	420	0	3	5	1	2	4	1424	1566	1724	1866	1950	6000	5000	1	1	1	1	1	1
3	13	1	5	1000	68020	68020.072	68	996.07	3	5	1	2	4	35124	0	1000	884	324	0	3	5	1	2	4	1328	1502	1696	1860	2016	6000	5000	1	1	1	1	1	1
3	14	1	5	1000	73020	73021.989	73	996.001	3	2	4	5	1	32451	0	1000	842	290	0	3	2	4	5	1	1294	1472	1648	1842	1980	6000	5000	1	1	1	1	1	1
3	15	1	5	1000	78020	78020.01	78	991.993	1	4	5	2	3	14523	0	1000	832	314	0	1	4	5	2	3	1318	1486	1668	1864	2028	6000	5000	1	1	1	1	1	1
3	16	0	5	1000	83020	83020.032	83	990.035	1	4	5	2	3	14523	0	1000	826	404	0	1	4	5	2	3	1408	1598	1784	1934	2084	6000	5000	1	1	1	1	1	1
3	17	0	5	1000	88020	88020.015	88	990.01	3	5	1	2	4	35124	0	16000	716	1656	0	3	5	1	2	4	2660	2806	2966	3110	3228	6000	5000	1	1	1	1	1	1
3	18	0	5	1000	108020	108022.018	108	984.031	3	5	1	2	4	35124	0	1000	798	790	0	3	5	1	2	4	1794	1946	2116	2258	2388	6000	5000	1	1	1	1	1	1
3	19	0	5	1000	113020	113022.001	113	981.984	3	5	1	2	4	35124	0	1000	826	308	0	3	5	1	2	4	1312	1444	1618	1752	1880	6000	5000	1	1	1	1	1	1
3	20	1	5	1000	118020	118020.014	118	978.017	1	4	5	2	3	14523	0	1000	684	318	0	1	4	5	2	3	1322	1440	1584	1726	1868	6000	5000	1	1	1	1	1	1
3	21	1	5	1000	123020	123021.989	123	980.001	1	4	5	2	3	14523	0	1000	738	320	0	1	4	5	2	3	1324	1462	1642	1784	1944	6000	5000	1	1	1	1	1	1
3	22	0	5	1000	128020	128020.025	128	976.012	1	3	2	5	4	13254	0	1000	1132	444	0	1	3	2	5	4	1448	1672	1946	2198	2420	6000	5000	1	1	1	1	1	1
3	23	1	5	1000	133020	133021.999	133	976.012	1	3	2	5	4	13254	0	1000	1128	332	0	1	3	2	5	4	1336	1568	1812	2002	2236	6000	5000	1	1	1	1	1	1
3	24	1	5	1000	138020	138021.978	138	973.993	1	3	2	5	4	13254	0	1000	1090	348	0	1	3	2	5	4	1352	1572	1780	1990	2216	6000	5000	1	1	1	1	1	1
3	25	0	5	1000	143020	143021.978	143	971.994	3	5	1	2	4	35124	0	1000	1152	258	1	3	5	1	4	2	1262	1476	1940	2170	2174	6000	5000	0	1	1	1	1	1
3	26	0	5	1000	148020	148020.017	148	968.031	1	3	2	5	4	13254	0	1000	1164	506	0	1	3	2	5	4	1510	1764	2024	2244	2476	6000	5000	1	1	1	1	1	1
3	27	1	5	1000	153020	153020.011	153	968.012	3	2	4	5	1	32451	0	1000	1032	280	0	3	2	4	5	1	1284	1518	1720	1940	2198	6000	5000	1	1	1	1	1	1
3	28	1	5	1000	158020	158020.018	158	966.008	3	2	4	5	1	32451	0	1000	1038	292	0	3	2	4	5	1	1296	1530	1760	1982	2218	6000	5000	1	1	1	1	1	1
3	29	1	5	1000	163020	163020.029	163	964.052	1	3	2	5	4	13254	0	1000	1118	388	0	1	3	2	5	4	1392	1644	1882	2058	2302	6000	5000	1	1	1	1	1	1
3	30	1	5	1000	168020	168021.988	168	964.002	1	4	5	2	3	14523	0	1000	968	308	0	1	4	5	2	3	1312	1522	1734	1928	2116	6000	5000	1	1	1	1	1	1
3	31	1	5	1000	173020	173022.093	173	962.104	3	5	1	2	4	35124	0	1000	1016	636	0	3	5	1	2	4	1640	1870	2080	2280	2464	6000	5000	1	1	1	1	1	1
3	32	0	5	1000	178020	178020.011	178	958.026	3	5	1	2	4	35124	0	1000	1044	354	0	3	5	1	2	4	1358	1574	1788	2018	2256	6000	5000	1	1	1	1	1	1
3	33	1	5	1000	183020	183021.985	183	957.997	3	2	4	5	1	32451	0	1000	1062	380	0	3	2	4	5	1	1384	1598	1828	2048	2286	6000	5000	1	1	1	1	1	1
3	34	0	5	1000	188020	188020.004	188	956.016	3	2	4	5	1	32451	0	16000	1036	862	0	3	2	4	5	1	1866	2102	2336	2566	2776	6000	5000	1	1	1	1	1	1
3	35	0	5	1000	208020	208020.004	208	948.008	3	2	4	5	1	32451	0	1000	1028	362	0	3	2	4	5	1	1366	1608	1826	2038	2246	6000	5000	1	1	1	1	1	1
3	36	0	5	1000	213020	213022.118	213	948.119	1	3	2	5	4	13254	0	1000	1070	340	0	1	3	2	5	4	1344	1588	1816	2016	2236	6000	5000	1	1	1	1	1	1
3	37	0	5	1000	218020	218020.004	218	946.038	1	4	5	2	3	14523	0	1000	974	354	0	1	4	5	2	3	1358	1564	1778	1984	2200	6000	5000	1	1	1	1	1	1
3	38	0	5	1000	223020	223020.101	223	944.104	3	2	4	5	1	32451	0	1000	1148	282	0	3	2	4	5	1	1286	1518	1738	2220	2406	6000	5000	1	1	1	1	1	1
3	39	1	5	1000	228020	228022.005	228	944.041	1	4	5	2	3	14523	0	1000	886	736	0	1	4	5	2	3	1740	1932	2120	2300	2480	6000	5000	1	1	1	1	1	1
3	40	1	5	1000	233020	233021.991	233	942.015	3	2	4	5	1	32451	0	1000	844	306	0	3	2	4	5	1	1310	1500	1668	1862	2028	6000	5000	1	1	1	1	1	1
3	41	0	5	1000	238020	238021.984	238	940.008	1	3	2	5	4	13254	0	1000	910	354	0	1	3	2	5	4	1358	1560	1754	1916	2090	6000	5000	1	1	1	1	1	1
3	42	0	5	1000	243020	243021.977	243	938	3	2	4	5	1	32451	0	1000	930	326	0	3	2	4	5	1	1330	1516	1692	1888	2074	6000	5000	1	1	1	1	1	1
3	43	1	5	1000	248020	248021.987	248	935.998	3	2	4	5	1	32451	0	1000	908	152	0	3	2	4	5	1	1156	1362	1570	1766	1936	6000	5000	1	1	1	1	1	1
3	44	0	5	1000	253020	253021.96	253	935.98	1	4	5	2	3	14523	0	1000	824	744	0	1	4	5	2	3	1748	1922	2098	2268	2442	6000	5000	1	1	1	1	1	1
3	45	1	5	1000	258020	258021.977	258	933.975	3	2	4	5	1	32451	0	1000	880	392	1	3	2	4	5	5	1396	1596	1778	1984	2172	6000	5000	0	1	1	1	1	1
3	46	0	5	1000	263020	263021.979	263	932.001	3	5	1	2	4	35124	0	1000	880	420	0	3	5	1	2	4	1424	1600	1770	1958	2154	6000	5000	1	1	1	1	1	1
3	47	0	5	1000	268020	268022.009	268	930.012	1	4	5	2	3	14523	0	1000	1166	518	0	1	4	5	2	3	1522	1850	2090	2322	2562	6000	5000	1	1	1	1	1	1
3	48	0	5	1000	273020	273022.002	273	930.012	1	3	2	5	4	13254	0	1000	1124	218	0	1	3	2	5	4	1222	1464	1740	1934	2150	6000	5000	1	1	1	1	1	1
3	49	0	5	1000	278020	278021.977	278	926.013	1	3	2	5	4	13254	0	1000	1028	300	0	1	3	2	5	4	1304	1520	1740	1972	2160	6000	5000	1	1	1	1	1	1
3	50	1	5	1000	283020	283021.978	283	926.004	3	5	1	2	4	35124	0	1000	1022	514	0	3	5	1	2	4	1518	1746	1962	2186	2362	6000	5000	1	1	1	1	1	1
3	51	0	5	1000	288020	288021.978	288	923.998	1	4	5	2	3	14523	0	16000	1036	356	0	1	4	5	2	3	1360	1580	1810	2008	2256	6000	5000	1	1	1	1	1	1
3	52	0	5	1000	308020	308021.978	308	915.999	1	4	5	2	3	14523	0	1000	1038	652	0	1	4	5	2	3	1656	1894	2136	2336	2550	6000	5000	1	1	1	1	1	1
3	53	1	5	1000	313020	313021.961	313	913.978	3	5	1	2	4	35124	0	1000	1012	302	0	3	5	1	2	4	1306	1526	1752	1950	2108	6000	5000	1	1	1	1	1	1
3	54	1	5	1000	318020	318021.981	318	913.968	1	4	5	2	3	14523	0	1000	896	296	0	1	4	5	2	3	1300	1480	1690	1872	2058	6000	5000	1	1	1	1	1	1
3	55	0	5	1000	323020	323022.016	323	911.99	3	2	4	5	1	32451	0	1000	956	294	0	3	2	4	5	1	1298	1500	1686	1884	2062	6000	5000	1	1	1	1	1	1
3	56	0	5	1000	328020	328021.979	328	909.999	1	4	5	2	3	14523	0	1000	908	258	0	1	4	5	2	3	1262	1456	1654	1834	2012	6000	5000	1	1	1	1	1	1
3	57	1	5	1000	333020	333021.988	333	908.011	1	3	2	5	4	13254	0	1000	852	312	0	1	3	2	5	4	1316	1496	1672	1848	2010	6000	5000	1	1	1	1	1	1
3	58	0	5	1000	338020	338021.988	338	905.995	1	3	2	5	4	13254	0	1000	908	292	0	1	3	2	5	4	1296	1484	1678	1868	2058	6000	5000	1	1	1	1	1	1
3	59	0	5	1000	343020	343021.967	343	903.966	3	5	1	2	4	35124	0	1000	894	508	0	3	5	1	2	4	1512	1702	1880	2068	2248	6000	5000	1	1	1	1	1	1
3	60	1	5	1000	348020	348021.96	348	903.97	3	5	1	2	4	35124	0	1000	898	306	0	3	5	1	2	4	1310	1486	1668	1862	2048	6000	5000	1	1	1	1	1	1
3	61	0	5	1000	353020	353021.98	353	902	1	3	2	5	4	13254	0	1000	870	432	0	1	3	2	5	4	1436	1608	1808	1978	2162	6000	5000	1	1	1	1	1	1
3	62	1	5	1000	358020	358021.988	358	899.999	1	4	5	2	3	14523	0	1000	870	344	0	1	4	5	2	3	1348	1522	1726	1910	2106	6000	5000	1	1	1	1	1	1
3	63	1	5	1000	363020	363021.98	363	898	1	3	2	5	4	13254	0	1000	876	342	0	1	3	2	5	4	1346	1512	1712	1880	2068	6000	5000	1	1	1	1	1	1
3	64	0	5	1000	368020	368021.989	368	896.014	3	2	4	5	1	32451	0	1000	872	384	0	3	2	4	5	1	1388	1576	1762	1976	2148	6000	5000	1	1	1	1	1	1
3	65	0	5	1000	373020	373022.005	373	894.031	3	5	1	2	4	35124	0	1000	892	580	0	3	5	1	2	4	1584	1764	1988	2144	2332	6000	5000	1	1	1	1	1	1
3	66	1	5	1000	378020	378021.978	378	892.001	1	3	2	5	4	13254	0	1000	832	528	0	1	3	2	5	4	1532	1710	1890	2058	2208	6000	5000	1	1	1	1	1	1
3	67	0	5	1000	383020	383021.988	383	891.998	1	4	5	2	3	14523	0	1000	914	390	0	1	4	5	2	3	1394	1594	1806	1990	2184	6000	5000	1	1	1	1	1	1
3	68	0	5	1000	388020	388021.99	388	890.013	1	4	5	2	3	14523	0	16000	940	316	0	1	4	5	2	3	1320	1512	1730	1910	2124	6000	5000	1	1	1	1	1	1
4	1	1	5	1000	8020	8021.982	9	18.011	3	2	4	5	1	32451	0	1000	1092	480	0	3	2	4	5	1	1484	1704	1896	2320	2412	6000	5000	1	1	1	1	1	1
4	2	1	5	1000	13020	13021.966	14	15.975	1	3	2	5	4	13254	0	1000	924	356	0	1	3	2	5	4	1360	1542	1742	1894	2092	6000	5000	1	1	1	1	1	1
4	3	0	5	1000	18020	18021.97	19	13.987	3	5	1	2	4	35124	0	1000	916	530	0	3	5	1	2	4	1534	1712	1932	2118	2246	6000	5000	1	1	1	1	1	1
4	4	1	5	1000	23020	23020.083	24	10.113	1	3	2	5	4	13254	0	1000	1002	398	0	1	3	2	5	4	1402	1620	1834	2018	2234	6000	5000	1	1	1	1	1	1
4	5	0	5	1000	28020	28022	29	12.022	3	2	4	5	1	32451	0	1000	956	218	0	3	2	4	5	1	1222	1424	1622	1824	2034	6000	5000	1	1	1	1	1	1
4	6	0	5	1000	33020	33021.98	34	9.991	1	4	5	2	3	14523	0	1000	948	328	0	1	4	5	2	3	1332	1528	1726	1944	2128	6000	5000	1	1	1	1	1	1
4	7	0	5	1000	38020	38022.005	39	7.983	3	2	4	5	1	32451	0	1000	996	288	0	3	2	4	5	1	1292	1500	1698	1902	2118	6000	5000	1	1	1	1	1	1
4	8	1	5	1000	43020	43020.002	44	4.005	3	2	4	5	1	32451	0	1000	996	240	0	3	2	4	5	1	1244	1444	1644	1840	2084	6000	5000	1	1	1	1	1	1
4	9	0	5	1000	48020	48021.966	49	3.985	3	2	4	5	1	32451	0	1000	954	226	0	3	2	4	5	1	1230	1430	1636	1862	2052	6000	5000	1	1	1	1	1	1
4	10	0	5	1000	53020	53021.985	54	4.002	3	2	4	5	1	32451	0	1000	980	266	0	3	2	4	5	1	1270	1486	1710	1914	2108	6000	5000	1	1	1	1	1	1
4	11	1	5	1000	58020	58021.98	59	1.999	3	5	1	2	4	35124	0	1000	956	242	0	3	5	1	2	4	1246	1442	1630	1838	2032	6000	5000	1	1	1	1	1	1
4	12	0	5	1000	63020	63021.97	64	0	3	2	4	5	1	32451	0	1000	964	312	0	3	2	4	5	1	1316	1506	1716	1926	2114	6000	5000	1	1	1	1	1	1
4	13	1	5	1000	68020	68021.999	68	998.014	1	3	2	5	4	13254	0	1000	940	822	0	1	3	2	5	4	1826	2046	2244	2410	2596	6000	5000	1	1	1	1	1	1
4	14	0	5	1000	73020	73020.001	73	994.03	1	4	5	2	3	14523	0	1000	860	346	0	1	4	5	2	3	1350	1536	1712	1900	2056	6000	5000	1	1	1	1	1	1
4	15	0	5	1000	78020	78022.049	78	994.066	3	5	1	2	4	35124	0	1000	920	278	0	3	5	1	2	4	1282	1448	1668	1874	1938	6000	5000	1	1	1	1	1	1
4	16	1	5	1000	83020	83022.002	83	992.022	1	4	5	2	3	14523	0	1000	980	328	0	1	4	5	2	3	1332	1566	1776	1970	2162	6000	5000	1	1	1	1	1	1
4	17	1	5	1000	88020	88021.969	88	991.94	1	4	5	2	3	14523	0	16000	894	332	0	1	4	5	2	3	1336	1530	1710	1910	2088	6000	5000	1	1	1	1	1	1
4	18	1	5	1000	108020	108021.989	108	984.02	1	4	5	2	3	14523	0	1000	850	476	0	1	4	5	2	3	1480	1656	1842	2010	2174	6000	5000	1	1	1	1	1	1
4	19	0	5	1000	113020	113020.017	113	980.034	1	4	5	2	3	14523	0	1000	798	970	0	1	4	5	2	3	1974	2136	2330	2494	2624	6000	5000	1	1	1	1	1	1
4	20	1	5	1000	118020	118021.983	118	981.995	1	4	5	2	3	14523	0	1000	826	368	0	1	4	5	2	3	1372	1542	1724	1886	2034	6000	5000	1	1	1	1	1	1
4	21	0	5	1000	123020	123020.019	123	978.013	3	2	4	5	1	32451	0	1000	894	282	0	3	2	4	5	1	1286	1470	1640	1822	2012	6000	5000	1	1	1	1	1	1
4	22	1	5	1000	128020	128020.014	128	976.01	1	4	5	2	3	14523	0	1000	764	260	0	1	4	5	2	3	1264	1398	1594	1736	1874	6000	5000	1	1	1	1	1	1
4	23	0	5	1000	133020	133022.012	133	976.03	1	3	2	5	4	13254	0	1000	922	350	0	1	3	2	5	4	1354	1552	1746	1904	2064	6000	5000	1	1	1	1	1	1
4	24	1	5	1000	138020	138020.001	138	972.021	3	2	4	5	1	32451	0	1000	930	388	0	3	2	4	5	1	1392	1572	1776	1974	2188	6000	5000	1	1	1	1	1	1
4	25	1	5	1000	143020	143021.981	143	971.988	1	4	5	2	3	14523	0	1000	838	236	0	1	4	5	2	3	1240	1396	1598	1782	1936	6000	5000	1	1	1	1	1	1
4	26	1	5	1000	148020	148020.008	148	968.028	1	3	2	5	4	13254	0	1000	860	328	0	1	3	2	5	4	1332	1492	1678	1836	2012	6000	5000	1	1	1	1	1	1
4	27	1	5	1000	153020	153022.001	153	970.016	3	5	1	2	4	35124	0	1000	856	432	0	3	5	1	2	4	1436	1600	1786	1946	2084	6000	5000	1	1	1	1	1	1
4	28	1	5	1000	158020	158020.005	158	966.002	1	3	2	5	4	13254	0	1000	854	734	0	1	3	2	5	4	1738	1938	2104	2260	2426	6000	5000	1	1	1	1	1	1
4	29	0	5	1000	163020	163021.969	163	965.991	1	3	2	5	4	13254	0	1000	896	468	0	1	3	2	5	4	1472	1682	1854	2002	2166	6000	5000	1	1	1	1	1	1
4	30	0	5	1000	168020	168021.982	168	964.004	3	5	1	2	4	35124	0	1000	844	622	0	3	5	1	2	4	1626	1794	1962	2130	2284	6000	5000	1	1	1	1	1	1
4	31	1	5	1000	173020	173021.97	173	961.967	3	2	4	5	1	32451	0	1000	826	450	0	3	2	4	5	1	1454	1628	1806	1998	2166	6000	5000	1	1	1	1	1	1
4	32	0	5	1000	178020	178021.97	178	959.988	3	5	1	2	4	35124	0	1000	868	400	0	3	5	1	2	4	1404	1562	1754	1938	2078	6000	5000	1	1	1	1	1	1
4	33	0	5	1000	183020	183020.025	183	958.043	3	2	4	5	1	32451	0	1000	884	302	0	3	2	4	5	1	1306	1474	1660	1846	2050	6000	5000	1	1	1	1	1	1
4	34	0	5	1000	188020	188021.993	188	957.989	3	5	1	2	4	35124	0	16000	870	298	0	3	5	1	2	4	1302	1464	1670	1844	1986	6000	5000	1	1	1	1	1	1
4	35	0	5	1000	208020	208020.073	208	948.094	3	5	1	2	4	35124	0	1000	0	0	0	0	0	0	0	0	0	0	0	0	0	6000	5000	0	1	1	1	1	1
4	36	1	5	1000	213020	213020.004	213	946.023	3	5	1	2	4	35124	0	1000	906	306	0	3	5	1	2	4	1310	1484	1688	1878	2032	6000	5000	1	1	1	1	1	1
4	37	0	5	1000	218020	218021.986	218	948.002	1	4	5	2	3	14523	0	1000	828	336	0	1	4	5	2	3	1340	1500	1706	1872	2046	6000	5000	1	1	1	1	1	1
4	38	1	5	1000	223020	223022.001	223	945.989	1	3	2	5	4	13254	0	1000	910	320	0	1	3	2	5	4	1324	1488	1676	1840	2012	6000	5000	1	1	1	1	1	1
4	39	1	5	1000	228020	228021.97	228	943.996	1	4	5	2	3	14523	0	1000	834	312	0	1	4	5	2	3	1316	1474	1672	1850	2004	6000	5000	1	1	1	1	1	1
4	40	1	5	1000	233020	233021.971	233	941.994	3	5	1	2	4	35124	0	1000	920	380	0	3	5	1	2	4	1384	1556	1768	1930	2094	6000	5000	1	1	1	1	1	1
4	41	0	5	1000	238020	238021.997	238	940.024	3	5	1	2	4	35124	0	1000	898	356	0	3	5	1	2	4	1360	1554	1754	1930	2076	6000	5000	1	1	1	1	1	1
4	42	0	5	1000	243020	243021.979	243	938.001	3	5	1	2	4	35124	0	1000	934	382	0	3	5	1	2	4	1386	1566	1796	1998	2118	6000	5000	1	1	1	1	1	1
4	43	0	5	1000	248020	248020.223	248	936.25	1	3	2	5	4	13254	0	1000	1270	438	0	1	3	2	5	4	1442	1670	1896	2350	2518	6000	5000	1	1	1	1	1	1
4	44	1	5	1000	253020	253021.969	253	935.996	1	4	5	2	3	14523	0	1000	810	1002	1	1	4	5	2	1	2006	2226	2446	2670	2764	6000	5000	0	1	1	1	1	1
4	45	1	5	1000	258020	258021.967	258	934.001	3	2	4	5	1	32451	0	1000	852	302	0	3	2	4	5	1	1306	1480	1666	1842	1980	6000	5000	1	1	1	1	1	1
4	46	0	5	1000	263020	263021.996	263	932.023	1	3	2	5	4	13254	0	1000	892	302	0	1	3	2	5	4	1306	1504	1698	1848	2036	6000	5000	1	1	1	1	1	1
4	47	0	5	1000	268020	268021.967	268	930	3	2	4	5	1	32451	0	1000	858	336	0	3	2	4	5	1	1340	1528	1690	1870	2052	6000	5000	1	1	1	1	1	1
4	48	0	5	1000	273020	273021.982	273	928.012	1	3	2	5	4	13254	0	1000	954	346	0	1	3	2	5	4	1350	1528	1724	1870	2058	6000	5000	1	1	1	1	1	1
4	49	0	5	1000	278020	278021.969	278	925.999	1	3	2	5	4	13254	0	1000	1042	146	0	1	3	2	5	4	1150	1376	1628	1800	1972	6000	5000	1	1	1	1	1	1
4	50	0	5	1000	283020	283021.979	283	926.013	1	4	5	2	3	14523	0	1000	1104	118	0	1	4	5	2	3	1122	1348	1562	1934	2076	6000	5000	1	1	1	1	1	1
4	51	1	5	1000	288020	288021.97	288	923.995	3	5	1	2	4	35124	0	16000	922	326	0	3	5	1	2	4	1330	1496	1714	1882	2020	6000	5000	1	1	1	1	1	1
4	52	1	5	1000	308020	308021.999	308	916.03	3	5	1	2	4	35124	0	1000	960	324	0	3	5	1	2	4	1328	1524	1732	1918	2072	6000	5000	1	1	1	1	1	1
4	53	0	5	1000	313020	313021.973	313	916.018	1	3	2	5	4	13254	0	1000	958	330	0	1	3	2	5	4	1334	1526	1732	1898	2082	6000	5000	1	1	1	1	1	1
4	54	1	5	1000	318020	318021.992	318	914.011	1	3	2	5	4	13254	0	1000	998	284	0	1	3	2	5	4	1288	1486	1690	1864	2056	6000	5000	1	1	1	1	1	1
4	55	1	5	1000	323020	323021.974	323	912.025	1	3	2	5	4	13254	0	1000	1010	382	0	1	3	2	5	4	1386	1578	1800	1976	2166	6000	5000	1	1	1	1	1	1
4	56	1	5	1000	328020	328021.958	328	909.984	3	2	4	5	1	32451	0	1000	960	298	0	3	2	4	5	1	1302	1488	1668	1878	2090	6000	5000	1	1	1	1	1	1
4	57	1	5	1000	333020	333021.987	333	908.018	3	5	1	2	4	35124	0	1000	914	604	0	3	5	1	2	4	1608	1780	1966	2142	2306	6000	5000	1	1	1	1	1	1
4	58	1	5	1000	338020	338021.98	338	905.999	3	2	4	5	1	32451	0	1000	884	318	0	3	2	4	5	1	1322	1510	1690	1880	2116	6000	5000	1	1	1	1	1	1
4	59	0	5	1000	343020	343021.979	343	904.012	1	4	5	2	3	14523	0	1000	916	408	0	1	4	5	2	3	1412	1596	1810	1996	2170	6000	5000	1	1	1	1	1	1
4	60	0	5	1000	348020	348021.959	348	903.981	1	4	5	2	3	14523	0	1000	910	366	0	1	4	5	2	3	1370	1552	1752	1950	2122	6000	5000	1	1	1	1	1	1
4	61	0	5	1000	353020	353022.027	353	902.058	1	3	2	5	4	13254	0	1000	990	384	0	1	3	2	5	4	1388	1618	1804	1962	2142	6000	5000	1	1	1	1	1	1
4	62	1	5	1000	358020	358021.978	358	899.999	3	5	1	2	4	35124	0	1000	1070	348	0	3	5	1	2	4	1352	1546	1772	1948	2136	6000	5000	1	1	1	1	1	1
4	63	1	5	1000	363020	363021.981	363	898.01	3	5	1	2	4	35124	0	1000	1298	784	1	3	5	2	3	5	1788	1974	2188	2486	2846	6000	5000	0	1	1	1	1	1
4	64	1	5	1000	368020	368021.969	368	895.983	1	4	5	2	3	14523	0	1000	992	350	0	1	4	5	2	3	1354	1560	1774	1972	2194	6000	5000	1	1	1	1	1	1
4	65	0	5	1000	373020	373021.973	373	894.008	3	5	1	2	4	35124	0	1000	992	344	0	3	5	1	2	4	1348	1532	1772	1946	2100	6000	5000	1	1	1	1	1	1
4	66	0	5	1000	378020	378020.027	378	892.047	1	4	5	2	3	14523	0	1000	936	294	0	1	4	5	2	3	1298	1488	1718	1902	2080	6000	5000	1	1	1	1	1	1
4	67	1	5	1000	383020	383021.996	383	892.029	3	2	4	5	1	32451	0	1000	1006	378	0	3	2	4	5	1	1382	1576	1788	2002	2240	6000	5000	1	1	1	1	1	1
4	68	1	5	1000	388020	388021.972	388	889.99	3	2	4	5	1	32451	0	16000	1076	250	0	3	2	4	5	1	1254	1482	1686	1942	2188	6000	5000	1	1	1	1	1	1
5	1	1	5	1000	8020	8021.966	9	18.013	1	3	2	5	4	13254	0	1000	1066	370	0	1	3	2	5	4	1374	1616	1842	2066	2246	6000	5000	1	1	1	1	1	1
5	2	1	5	1000	13020	13021.969	14	16.002	3	2	4	5	1	32451	0	1000	1034	332	0	3	2	4	5	1	1336	1538	1760	1978	2186	6000	5000	1	1	1	1	1	1
5	3	0	5	1000	18020	18021.97	19	14.019	1	4	5	2	3	14523	0	1000	1000	396	0	1	4	5	2	3	1400	1588	1806	1996	2216	6000	5000	1	1	1	1	1	1
5	4	1	5	1000	23020	23021.985	24	13.983	3	5	1	2	4	35124	0	1000	1516	554	0	3	5	1	2	4	1558	2364	2552	2728	2870	6000	5000	1	1	1	1	1	1
5	5	1	5	1000	28020	28021.999	29	12.032	3	2	4	5	1	32451	0	1000	976	394	0	3	2	4	5	1	1398	1584	1782	1996	2226	6000	5000	1	1	1	1	1	1
5	6	1	5	1000	33020	33021.976	34	10.009	3	2	4	5	1	32451	0	1000	956	300	0	3	2	4	5	1	1304	1502	1706	1894	2100	6000	5000	1	1	1	1	1	1
5	7	1	5	1000	38020	38021.987	39	8.032	3	5	1	2	4	35124	0	1000	1002	264	0	3	5	1	2	4	1268	1462	1694	1878	2036	6000	5000	1	1	1	1	1	1
5	8	1	5	1000	43020	43021.966	44	6.004	3	5	1	2	4	35124	0	1000	988	668	0	3	5	1	2	4	1672	1906	2106	2294	2470	6000	5000	1	1	1	1	1	1
5	9	0	5	1000	48020	48022.045	49	4.072	3	2	4	5	1	32451	0	1000	940	284	0	3	2	4	5	1	1288	1490	1682	1886	2078	6000	5000	1	1	1	1	1	1
5	10	0	5	1000	53020	53021.987	54	1.998	3	5	1	2	4	35124	0	1000	968	326	0	3	5	1	2	4	1330	1524	1742	1930	2088	6000	5000	1	1	1	1	1	1
5	11	0	5	1000	58020	58021.981	59	1.986	1	3	2	5	4	13254	0	1000	986	356	0	1	3	2	5	4	1360	1566	1786	1982	2170	6000	5000	1	1	1	1	1	1
5	12	0	5	1000	63020	63021.965	64	0	1	4	5	2	3	14523	0	1000	896	318	0	1	4	5	2	3	1322	1498	1716	1888	2066	6000	5000	1	1	1	1	1	1
5	13	1	5	1000	68020	68021.951	68	997.983	1	3	2	5	4	13254	0	1000	966	912	0	1	3	2	5	4	1916	2140	2334	2532	2734	6000	5000	1	1	1	1	1	1
5	14	1	5	1000	73020	73021.965	73	996.012	1	4	5	2	3	14523	0	1000	904	354	0	1	4	5	2	3	1358	1540	1742	1920	2126	6000	5000	1	1	1	1	1	1
5	15	0	5	1000	78020	78021.964	78	993.995	3	2	4	5	1	32451	0	1000	968	332	0	3	2	4	5	1	1336	1528	1724	1932	2138	6000	5000	1	1	1	1	1	1
5	16	1	5	1000	83020	83021.961	83	993.948	3	5	1	2	4	35124	0	1000	862	312	0	3	5	1	2	4	1316	1480	1672	1846	1992	6000	5000	1	1	1	1	1	1
5	17	0	5	1000	88020	88021.984	88	992.022	3	5	1	2	4	35124	0	16000	0	0	0	0	0	0	0	0	0	0	0	0	0	6000	5000	0	1	1	1	1	1
5	18	0	5	1000	108020	108021.977	108	983.995	3	5	1	2	4	35124	0	1000	990	424	0	3	5	1	2	4	1428	1644	1874	2068	2232	6000	5000	1	1	1	1	1	1
5	19	1	5	1000	113020	113022.004	113	982.033	1	4	5	2	3	14523	0	1000	946	326	0	1	4	5	2	3	1330	1508	1726	1914	2110	6000	5000	1	1	1	1	1	1
5	20	1	5	1000	118020	118020.061	118	980.067	3	2	4	5	1	32451	0	1000	1024	284	0	3	2	4	5	1	1288	1494	1702	1894	2152	6000	5000	1	1	1	1	1	1
5	21	0	5	1000	123020	123021.989	123	980.046	3	2	4	5	1	32451	0	1000	1000	360	0	3	2	4	5	1	1364	1578	1776	1982	2188	6000	5000	1	1	1	1	1	1
5	22	0	5	1000	128020	128021.978	128	978.002	1	4	5	2	3	14523	0	1000	896	284	0	1	4	5	2	3	1288	1484	1676	1860	2054	6000	5000	1	1	1	1	1	1
5	23	0	5	1000	133020	133021.964	133	976.008	3	2	4	5	1	32451	0	1000	896	446	0	3	2	4	5	1	1450	1652	1834	2020	2210	6000	5000	1	1	1	1	1	1
5	24	0	5	1000	138020	138022.045	138	974.046	3	2	4	5	1	32451	0	1000	896	1082	0	3	2	4	5	1	2086	2312	2570	2738	2850	6000	5000	1	1	1	1	1	1
5	25	1	5	1000	143020	143021.977	143	972.012	3	2	4	5	1	32451	0	1000	760	330	0	3	2	4	5	1	1334	1512	1680	1830	1924	6000	5000	1	1	1	1	1	1
5	26	1	5	1000	148020	148021.987	148	972.024	1	4	5	2	3	14523	0	1000	782	256	0	1	4	5	2	3	1260	1420	1614	1778	1908	6000	5000	1	1	1	1	1	1
5	27	0	5	1000	153020	153021.969	153	970.011	1	3	2	5	4	13254	0	1000	1194	450	0	1	3	2	5	4	1454	1674	1912	2216	2420	6000	5000	1	1	1	1	1	1
5	28	1	5	1000	158020	158022.003	158	968.012	1	4	5	2	3	14523	0	1000	0	0	0	0	0	0	0	0	0	0	0	0	0	6000	5000	0	1	1	1	1	1
5	29	0	5	1000	163020	163021.997	163	965.917	3	5	1	2	4	35124	0	1000	770	1652	0	3	5	1	2	4	2656	2824	3028	3188	3272	6000	5000	1	1	1	1	1	1
5	30	0	5	1000	168020	168021.966	168	964.014	3	5	1	2	4	35124	0	1000	744	306	0	3	5	1	2	4	1310	1466	1630	1784	1874	6000	5000	1	1	1	1	1	1
5	31	1	5	1000	173020	173021.983	173	962.018	3	5	1	2	4	35124	0	1000	724	296	0	3	5	1	2	4	1300	1458	1654	1754	1830	6000	5000	1	1	1	1	1	1
5	32	0	5	1000	178020	178021.994	178	961.973	1	4	5	2	3	14523	0	1000	900	282	0	1	4	5	2	3	1286	1472	1674	1904	2044	6000	5000	1	1	1	1	1	1
5	33	0	5	1000	183020	183021.965	183	959.991	3	5	1	2	4	35124	0	1000	776	278	0	3	5	1	2	4	1282	1450	1632	1770	1862	6000	5000	1	1	1	1	1	1
5	34	1	5	1000	188020	188021.958	188	957.984	3	2	4	5	1	32451	0	16000	740	394	0	3	2	4	5	1	1398	1562	1710	1860	1982	6000	5000	1	1	1	1	1	1
5	35	1	5	1000	208020	208021.963	208	949.998	3	2	4	5	1	32451	0	1000	916	422	0	3	2	4	5	1	1426	1618	1802	1988	2194	6000	5000	1	1	1	1	1	1
5	36	0	5	1000	213020	213020.021	213	948.046	3	5	1	2	4	35124	0	1000	950	338	0	3	5	1	2	4	1342	1524	1744	1932	2088	6000	5000	1	1	1	1	1	1
5	37	0	5	1000	218020	218022.111	218	948.145	3	2	4	5	1	32451	0	1000	928	376	0	3	2	4	5	1	1380	1568	1758	1956	2152	6000	5000	1	1	1	1	1	1
5	38	1	5	1000	223020	223021.96	223	945.995	1	4	5	2	3	14523	0	1000	944	364	0	1	4	5	2	3	1368	1558	1772	1950	2140	6000	5000	1	1	1	1	1	1
5	39	1	5	1000	228020	228021.955	228	944.021	1	4	5	2	3	14523	0	1000	934	582	0	1	4	5	2	3	1586	1804	1994	2168	2360	6000	5000	1	1	1	1	1	1
5	40	1	5	1000	233020	233021.947	233	941.988	1	3	2	5	4	13254	0	1000	814	394	0	1	3	2	5	4	1398	1580	1746	1866	2022	6000	5000	1	1	1	1	1	1
5	41	0	5	1000	238020	238021.939	238	939.982	3	2	4	5	1	32451	0	1000	968	356	0	3	2	4	5	1	1360	1552	1742	1936	2136	6000	5000	1	1	1	1	1	1
5	42	1	5	1000	243020	243021.953	243	937.944	1	3	2	5	4	13254	0	1000	988	260	0	1	3	2	5	4	1264	1478	1702	1856	2052	6000	5000	1	1	1	1	1	1
5	43	0	5	1000	248020	248021.953	248	938.017	3	5	1	2	4	35124	0	1000	1028	644	0	3	5	1	2	4	1648	1874	2096	2288	2474	6000	5000	1	1	1	1	1	1
5	44	0	5	1000	253020	253021.954	253	935.996	1	4	5	2	3	14523	0	1000	990	384	0	1	4	5	2	3	1388	1598	1818	2006	2218	6000	5000	1	1	1	1	1	1
5	45	0	5	1000	258020	258021.953	258	934.001	1	4	5	2	3	14523	0	1000	968	190	0	1	4	5	2	3	1194	1400	1606	1782	1976	6000	5000	1	1	1	1	1	1
5	46	1	5	1000	263020	263021.957	263	931.973	3	2	4	5	1	32451	0	1000	1020	290	0	3	2	4	5	1	1294	1496	1680	1870	2050	6000	5000	1	1	1	1	1	1
5	47	0	5	1000	268020	268021.975	268	930.018	1	3	2	5	4	13254	0	1000	1082	1128	0	1	3	2	5	4	2132	2370	2566	2834	3026	6000	5000	1	1	1	1	1	1
5	48	0	5	1000	273020	273021.965	273	928.008	1	3	2	5	4	13254	0	1000	1084	330	0	1	3	2	5	4	1334	1548	1772	1944	2172	6000	5000	1	1	1	1	1	1
5	49	0	5	1000	278020	278021.959	278	927.998	3	5	1	2	4	35124	0	1000	1014	308	0	3	5	1	2	4	1312	1528	1736	1942	2134	6000	5000	1	1	1	1	1	1
5	50	1	5	1000	283020	283021.954	283	925.976	1	3	2	5	4	13254	0	1000	1040	310	0	1	3	2	5	4	1314	1542	1764	1936	2152	6000	5000	1	1	1	1	1	1
5	51	0	5	1000	288020	288021.964	288	924.01	1	3	2	5	4	13254	0	16000	1076	360	0	1	3	2	5	4	1364	1612	1838	2062	2244	6000	5000	1	1	1	1	1	1
5	52	0	5	1000	308020	308021.957	308	916.002	1	3	2	5	4	13254	0	1000	1082	496	0	1	3	2	5	4	1500	1736	1972	2160	2366	6000	5000	1	1	1	1	1	1
5	53	1	5	1000	313020	313021.966	313	915.997	3	2	4	5	1	32451	0	1000	1024	356	0	3	2	4	5	1	1360	1560	1770	1996	2230	6000	5000	1	1	1	1	1	1
5	54	1	5	1000	318020	318021.953	318	913.999	1	3	2	5	4	13254	0	1000	1102	310	0	1	3	2	5	4	1314	1530	1770	1974	2184	6000	5000	1	1	1	1	1	1
5	55	0	5	1000	323020	323021.986	323	912.027	1	4	5	2	3	14523	0	1000	980	378	0	1	4	5	2	3	1382	1572	1800	2004	2214	6000	5000	1	1	1	1	1	1
5	56	0	5	1000	328020	328021.953	328	910.012	1	3	2	5	4	13254	0	1000	1014	488	0	1	3	2	5	4	1492	1756	1958	2168	2342	6000	5000	1	1	1	1	1	1
5	57	1	5	1000	333020	333021.96	333	908.026	1	3	2	5	4	13254	0	1000	1018	344	0	1	3	2	5	4	1348	1580	1818	2022	2218	6000	5000	1	1	1	1	1	1
5	58	1	5	1000	338020	338021.954	338	905.969	3	5	1	2	4	35124	0	1000	1024	326	0	3	5	1	2	4	1330	1544	1758	1972	2152	6000	5000	1	1	1	1	1	1
5	59	0	5	1000	343020	343021.963	343	905.998	1	3	2	5	4	13254	0	1000	1006	348	0	1	3	2	5	4	1352	1592	1812	1982	2180	6000	5000	1	1	1	1	1	1
5	60	0	5	1000	348020	348021.956	348	903.99	3	2	4	5	1	32451	0	1000	1092	716	0	3	2	4	5	1	1720	1964	2228	2440	2644	6000	5000	1	1	1	1	1	1
5	61	0	5	1000	353020	353021.954	353	901.986	1	3	2	5	4	13254	0	1000	1028	490	0	1	3	2	5	4	1494	1732	1962	2150	2344	6000	5000	1	1	1	1	1	1
5	62	1	5	1000	358020	358021.965	358	900.012	3	5	1	2	4	35124	0	1000	1008	424	0	3	5	1	2	4	1428	1672	1886	2076	2250	6000	5000	1	1	1	1	1	1
5	63	1	5	1000	363020	363021.966	363	898.023	1	4	5	2	3	14523	0	1000	904	294	0	1	4	5	2	3	1298	1500	1694	1872	2060	6000	5000	1	1	1	1	1	1
5	64	0	5	1000	368020	368021.956	368	895.993	1	4	5	2	3	14523	0	1000	874	346	0	1	4	5	2	3	1350	1552	1752	1912	2080	6000	5000	1	1	1	1	1	1
5	65	1	5	1000	373020	373021.965	373	894.032	1	4	5	2	3	14523	0	1000	908	258	0	1	4	5	2	3	1262	1480	1698	1876	2030	6000	5000	1	1	1	1	1	1
5	66	1	5	1000	378020	378021.956	378	894.002	3	5	1	2	4	35124	0	1000	946	300	0	3	5	1	2	4	1304	1494	1700	1882	2040	6000	5000	1	1	1	1	1	1
5	67	1	5	1000	383020	383021.954	383	892	1	3	2	5	4	13254	0	1000	914	332	0	1	3	2	5	4	1336	1526	1728	1882	2048	6000	5000	1	1	1	1	1	1
5	68	1	5	1000	388020	388021.952	388	889.968	1	3	2	5	4	13254	0	16000	962	428	0	1	3	2	5	4	1432	1654	1862	2022	2222	6000	5000	1	1	1	1	1	1
6	1	0	5	1000	8020	8021.988	9	18.001	3	2	4	5	1	32451	0	1000	1146	380	0	3	2	4	5	1	1384	1630	1870	2110	2350	6000	5000	1	1	1	1	1	1
6	2	0	5	1000	13020	13020.003	14	14.018	1	4	5	2	3	14523	0	1000	1136	374	0	1	4	5	2	3	1378	1630	1874	2098	2382	6000	5000	1	1	1	1	1	1
6	3	1	5	1000	18020	18022.086	19	14.095	1	4	5	2	3	14523	0	1000	1144	286	0	1	4	5	2	3	1290	1530	1780	2008	2294	6000	5000	1	1	1	1	1	1
6	4	0	5	1000	23020	23021.988	24	12.015	1	4	5	2	3	14523	0	1000	1160	350	0	1	4	5	2	3	1354	1580	1848	2074	2342	6000	5000	1	1	1	1	1	1
6	5	1	5	1000	28020	28021.977	29	10	3	5	1	2	4	35124	0	1000	1112	306	0	3	5	1	2	4	1310	1522	1760	2002	2228	6000	5000	1	1	1	1	1	1
6	6	1	5	1000	33020	33020.01	34	6.003	1	4	5	2	3	14523	0	1000	1116	356	0	1	4	5	2	3	1360	1588	1828	2054	2324	6000	5000	1	1	1	1	1	1
6	7	1	5	1000	38020	38020.008	39	5.98	3	2	4	5	1	32451	0	1000	1206	286	0	3	2	4	5	1	1290	1544	1770	2000	2276	6000	5000	1	1	1	1	1	1
6	8	1	5	1000	43020	43020.002	44	4.002	1	3	2	5	4	13254	0	1000	1190	364	0	1	3	2	5	4	1368	1632	1894	2122	2370	6000	5000	1	1	1	1	1	1
6	9	1	5	1000	48020	48021.999	49	3.988	3	2	4	5	1	32451	0	1000	1128	318	0	3	2	4	5	1	1322	1582	1832	2074	2316	6000	5000	1	1	1	1	1	1
6	10	0	5	1000	53020	53020.024	54	0	1	3	2	5	4	13254	0	1000	1180	328	0	1	3	2	5	4	1332	1582	1860	2116	2346	6000	5000	1	1	1	1	1	1
6	11	1	5	1000	58020	58020.013	58	998.027	3	2	4	5	1	32451	0	1000	1190	326	0	3	2	4	5	1	1330	1590	1854	2120	2376	6000	5000	1	1	1	1	1	1
6	12	0	5	1000	63020	63021.978	63	999.967	3	2	4	5	1	32451	0	1000	1150	376	0	3	2	4	5	1	1380	1640	1898	2152	2380	6000	5000	1	1	1	1	1	1
6	13	1	5	1000	68020	68021.988	68	998.001	3	5	1	2	4	35124	0	1000	1164	322	0	3	5	1	2	4	1326	1566	1796	2068	2336	6000	5000	1	1	1	1	1	1
6	14	1	5	1000	73020	73021.975	73	995.996	1	3	2	5	4	13254	0	1000	1144	324	0	1	3	2	5	4	1328	1588	1852	2092	2320	6000	5000	1	1	1	1	1	1
6	15	1	5	1000	78020	78020.026	78	992.032	1	4	5	2	3	14523	0	1000	1134	298	0	1	4	5	2	3	1302	1544	1804	2026	2302	6000	5000	1	1	1	1	1	1
6	16	0	5	1000	83020	83020.104	83	990.095	3	5	1	2	4	35124	0	1000	1160	316	0	3	5	1	2	4	1320	1574	1804	2072	2328	6000	5000	1	1	1	1	1	1
6	17	1	5	1000	88020	88021.977	88	989.966	3	2	4	5	1	32451	0	16000	1178	396	0	3	2	4	5	1	1400	1656	1914	2188	2440	6000	5000	1	1	1	1	1	1
6	18	1	5	1000	108020	108020.025	108	982.039	3	2	4	5	1	32451	0	1000	1196	432	0	3	2	4	5	1	1436	1718	1982	2232	2502	6000	5000	1	1	1	1	1	1
6	19	0	5	1000	113020	113021.999	113	981.963	1	4	5	2	3	14523	0	1000	1162	362	0	1	4	5	2	3	1366	1598	1846	2096	2380	6000	5000	1	1	1	1	1	1
6	20	0	5	1000	118020	118021.988	118	979.982	3	5	1	2	4	35124	0	1000	1156	354	0	3	5	1	2	4	1358	1602	1834	2076	2358	6000	5000	1	1	1	1	1	1
6	21	0	5	1000	123020	123020.011	123	976.022	1	4	5	2	3	14523	0	1000	1176	304	0	1	4	5	2	3	1308	1570	1828	2078	2348	6000	5000	1	1	1	1	1	1
6	22	1	5	1000	128020	128021.974	128	977.967	1	3	2	5	4	13254	0	1000	1162	268	0	1	3	2	5	4	1272	1516	1792	2030	2264	6000	5000	1	1	1	1	1	1
6	23	1	5	1000	133020	133020.002	133	974.006	1	3	2	5	4	13254	0	1000	1162	348	0	1	3	2	5	4	1352	1602	1886	2118	2354	6000	5000	1	1	1	1	1	1
6	24	0	5	1000	138020	138020.013	138	972.036	1	4	5	2	3	14523	0	1000	1138	352	0	1	4	5	2	3	1356	1608	1850	2092	2354	6000	5000	1	1	1	1	1	1
6	25	0	5	1000	143020	143022.007	143	972.03	1	4	5	2	3	14523	0	1000	1062	328	0	1	4	5	2	3	1332	1554	1782	2016	2230	6000	5000	1	1	1	1	1	1
6	26	0	5	1000	148020	148021.997	148	970.015	1	3	2	5	4	13254	0	1000	1128	224	0	1	3	2	5	4	1228	1482	1748	1942	2166	6000	5000	1	1	1	1	1	1
6	27	1	5	1000	153020	153022.092	153	970.103	1	4	5	2	3	14523	0	1000	1218	324	0	1	4	5	2	3	1328	1574	1822	2080	2338	6000	5000	1	1	1	1	1	1
6	28	0	5	1000	158020	158021.999	158	965.991	1	3	2	5	4	13254	0	1000	1210	374	0	1	3	2	5	4	1378	1644	1906	2156	2412	6000	5000	1	1	1	1	1	1
6	29	0	5	1000	163020	163020.011	163	964.024	3	2	4	5	1	32451	0	1000	1228	374	0	3	2	4	5	1	1378	1640	1924	2170	2432	6000	5000	1	1	1	1	1	1
6	30	1	5	1000	168020	168021.986	168	963.976	3	2	4	5	1	32451	0	1000	1162	338	0	3	2	4	5	1	1342	1606	1854	2090	2334	6000	5000	1	1	1	1	1	1
6	31	0	5	1000	173020	173021.985	173	962	3	5	1	2	4	35124	0	1000	1204	324	0	3	5	1	2	4	1328	1552	1788	2072	2348	6000	5000	1	1	1	1	1	1
6	32	0	5	1000	178020	178021.987	178	959.979	3	5	1	2	4	35124	0	1000	1256	350	0	3	5	1	2	4	1354	1612	1866	2150	2424	6000	5000	1	1	1	1	1	1
6	33	0	5	1000	183020	183021.984	183	957.998	1	3	2	5	4	13254	0	1000	1596	376	1	1	4	2	5	4	1380	1658	2282	2560	2810	6000	5000	0	1	1	1	1	1
6	34	0	5	1000	188020	188022.009	188	956.02	1	4	5	2	3	14523	0	16000	1236	290	0	1	4	5	2	3	1294	1550	1810	2058	2332	6000	5000	1	1	1	1	1	1
6	35	0	5	1000	208020	208020.016	208	948.005	1	4	5	2	3	14523	0	1000	1284	488	0	1	4	5	2	3	1492	1798	2048	2296	2582	6000	5000	1	1	1	1	1	1
6	36	0	5	1000	213020	213020.002	213	946.016	3	2	4	5	1	32451	0	1000	1002	322	0	3	2	4	5	1	1326	1574	1788	1980	2172	6000	5000	1	1	1	1	1	1
6	37	0	5	1000	218020	218020.003	218	944.017	3	5	1	2	4	35124	0	1000	1104	190	0	3	5	1	2	4	1194	1400	1618	1870	2082	6000	5000	1	1	1	1	1	1
6	38	1	5	1000	223020	223020.025	223	942.024	3	5	1	2	4	35124	0	1000	1034	360	0	3	5	1	2	4	1364	1572	1790	2004	2194	6000	5000	1	1	1	1	1	1
6	39	0	5	1000	228020	228021.976	228	943.999	1	4	5	2	3	14523	0	1000	1150	312	0	1	4	5	2	3	1316	1570	1778	2034	2256	6000	5000	1	1	1	1	1	1
6	40	1	5	1000	233020	233021.957	233	941.998	3	2	4	5	1	32451	0	1000	1134	212	0	3	2	4	5	1	1216	1466	1684	1922	2164	6000	5000	1	1	1	1	1	1
6	41	1	5	1000	238020	238021.987	238	940.015	3	5	1	2	4	35124	0	1000	1098	300	0	3	5	1	2	4	1304	1516	1756	1974	2154	6000	5000	1	1	1	1	1	1
6	42	0	5	1000	243020	243021.972	243	939.995	1	3	2	5	4	13254	0	1000	1238	182	0	1	3	2	5	4	1186	1490	1748	1978	2210	6000	5000	1	1	1	1	1	1
6	43	0	5	1000	248020	248021.99	248	936.015	1	3	2	5	4	13254	0	1000	1292	332	0	1	3	2	5	4	1336	1602	1862	2176	2418	6000	5000	1	1	1	1	1	1
6	44	1	5	1000	253020	253021.969	253	933.988	1	3	2	5	4	13254	0	1000	1172	352	0	1	3	2	5	4	1356	1626	1876	2114	2342	6000	5000	1	1	1	1	1	1
6	45	0	5	1000	258020	258021.99	258	934.016	3	5	1	2	4	35124	0	1000	1218	416	0	3	5	1	2	4	1420	1666	1908	2176	2410	6000	5000	1	1	1	1	1	1
6	46	1	5	1000	263020	263022.001	263	932.024	1	3	2	5	4	13254	0	1000	1184	444	0	1	3	2	5	4	1448	1702	1974	2196	2434	6000	5000	1	1	1	1	1	1
6	47	1	5	1000	268020	268021.975	268	929.998	3	5	1	2	4	35124	0	1000	1158	372	0	3	5	1	2	4	1376	1604	1840	2084	2304	6000	5000	1	1	1	1	1	1
6	48	1	5	1000	273020	273021.977	273	928.001	3	5	1	2	4	35124	0	1000	1136	370	0	3	5	1	2	4	1374	1640	1862	2104	2316	6000	5000	1	1	1	1	1	1
6	49	1	5	1000	278020	278021.984	278	926.004	3	2	4	5	1	32451	0	1000	1152	306	0	3	2	4	5	1	1310	1562	1814	2050	2278	6000	5000	1	1	1	1	1	1
6	50	1	5	1000	283020	283021.988	283	923.973	3	2	4	5	1	32451	0	1000	1126	270	0	3	2	4	5	1	1274	1524	1742	1972	2192	6000	5000	1	1	1	1	1	1
6	51	1	5	1000	288020	288021.979	288	922.005	1	4	5	2	3	14523	0	16000	1122	312	0	1	4	5	2	3	1316	1556	1772	1976	2206	6000	5000	1	1	1	1	1	1
6	52	1	5	1000	308020	308021.988	308	916.014	1	4	5	2	3	14523	0	1000	1134	380	0	1	4	5	2	3	1384	1630	1858	2074	2328	6000	5000	1	1	1	1	1	1
6	53	1	5	1000	313020	313020.011	313	912.035	3	5	1	2	4	35124	0	1000	1136	330	0	3	5	1	2	4	1334	1554	1788	2000	2210	6000	5000	1	1	1	1	1	1
6	54	0	5	1000	318020	318021.978	318	912.001	3	5	1	2	4	35124	0	1000	1120	340	0	3	5	1	2	4	1344	1562	1788	2000	2202	6000	5000	1	1	1	1	1	1
6	55	0	5	1000	323020	323021.978	323	912.001	3	2	4	5	1	32451	0	1000	1126	274	0	3	2	4	5	1	1278	1530	1770	1986	2210	6000	5000	1	1	1	1	1	1
6	56	1	5	1000	328020	328021.99	328	910.031	1	4	5	2	3	14523	0	1000	1100	304	0	1	4	5	2	3	1308	1520	1728	1956	2176	6000	5000	1	1	1	1	1	1
6	57	1	5	1000	333020	333021.99	333	908.013	1	3	2	5	4	13254	0	1000	1084	252	0	1	3	2	5	4	1256	1498	1746	1956	2176	6000	5000	1	1	1	1	1	1
6	58	0	5	1000	338020	338021.988	338	905.999	1	3	2	5	4	13254	0	1000	1072	330	0	1	3	2	5	4	1334	1572	1816	2038	2258	6000	5000	1	1	1	1	1	1
6	59	0	5	1000	343020	343021.965	343	903.973	3	5	1	2	4	35124	0	1000	1160	444	0	3	5	1	2	4	1448	1688	1912	2144	2366	6000	5000	1	1	1	1	1	1
6	60	1	5	1000	348020	348021.985	348	902.005	1	4	5	2	3	14523	0	1000	1110	334	0	1	4	5	2	3	1338	1582	1778	2002	2242	6000	5000	1	1	1	1	1	1
6	61	1	5	1000	353020	360884.576	353	8762.602	1	4	5	2	3	14523	0	1000	1166	296	0	1	4	5	2	3	1300	1548	1776	2020	2286	6000	5000	1	1	1	1	1	1
6	62	0	5	1000	358020	358021.979	358	900.003	3	2	4	5	1	32451	0	1000	1098	356	0	3	2	4	5	1	1360	1586	1838	2050	2282	6000	5000	1	1	1	1	1	1
6	63	0	5	1000	363020	363021.974	363	897.995	1	3	2	5	4	13254	0	1000	1122	352	0	1	3	2	5	4	1356	1606	1870	2070	2302	6000	5000	1	1	1	1	1	1
6	64	1	5	1000	368020	368021.978	368	896.01	3	5	1	2	4	35124	0	1000	1134	292	0	3	5	1	2	4	1296	1510	1726	1982	2212	6000	5000	1	1	1	1	1	1
6	65	0	5	1000	373020	373021.976	373	894.002	3	2	4	5	1	32451	0	1000	1148	350	0	3	2	4	5	1	1354	1620	1860	2090	2322	6000	5000	1	1	1	1	1	1
6	66	1	5	1000	378020	378021.979	378	892.005	1	3	2	5	4	13254	0	1000	1160	544	0	1	3	2	5	4	1548	1796	2064	2282	2528	6000	5000	1	1	1	1	1	1
6	67	0	5	1000	383020	383021.973	383	889.985	3	2	4	5	1	32451	0	1000	1204	498	0	3	2	4	5	1	1502	1772	2030	2246	2512	6000	5000	1	1	1	1	1	1
6	68	0	5	1000	388020	388021.984	388	890.008	3	2	4	5	1	32451	0	16000	1200	364	0	3	2	4	5	1	1368	1646	1912	2134	2398	6000	5000	1	1	1	1	1	1
7	1	0	5	1000	8020	8021.925	9	16.002	1	3	2	5	4	13254	0	1000	1186	488	0	1	3	2	5	4	1492	1774	2036	2266	2512	6000	5000	1	1	1	1	1	1
7	2	0	5	1000	13020	13021.937	14	14.011	1	3	2	5	4	13254	0	1000	1038	338	0	1	3	2	5	4	1342	1592	1822	2008	2184	6000	5000	1	1	1	1	1	1
7	3	0	5	1000	18020	18021.947	19	13.997	3	5	1	2	4	35124	0	1000	1140	302	0	3	5	1	2	4	1306	1534	1774	2014	2220	6000	5000	1	1	1	1	1	1
7	4	1	5	1000	23020	23021.945	24	12.018	3	2	4	5	1	32451	0	1000	1052	396	0	3	2	4	5	1	1400	1628	1828	2062	2268	6000	5000	1	1	1	1	1	1
7	5	1	5	1000	28020	28021.913	29	9.996	1	4	5	2	3	14523	0	1000	1068	488	0	1	4	5	2	3	1492	1728	1958	2180	2398	6000	5000	1	1	1	1	1	1
7	6	0	5	1000	33020	33021.938	34	8.012	3	2	4	5	1	32451	0	1000	1188	408	0	3	2	4	5	1	1412	1672	1926	2148	2394	6000	5000	1	1	1	1	1	1
7	7	0	5	1000	38020	38021.928	39	6.001	1	4	5	2	3	14523	0	1000	1566	344	1	1	2	5	2	3	1348	1722	2274	2576	2762	6000	5000	0	1	1	1	1	1
7	8	1	5	1000	43020	43020.014	44	2.09	3	2	4	5	1	32451	0	1000	1070	436	0	3	2	4	5	1	1440	1678	1882	2106	2306	6000	5000	1	1	1	1	1	1
7	9	1	5	1000	48020	48021.916	49	2.004	3	5	1	2	4	35124	0	1000	1056	342	0	3	5	1	2	4	1346	1558	1798	2012	2190	6000	5000	1	1	1	1	1	1
7	10	1	5	1000	53020	53021.924	54	1.997	3	2	4	5	1	32451	0	1000	1048	274	0	3	2	4	5	1	1278	1506	1718	1920	2136	6000	5000	1	1	1	1	1	1
7	11	0	5	1000	58020	58021.948	59	0	1	4	5	2	3	14523	0	1000	1214	442	0	1	4	5	2	3	1446	1674	2036	2334	2526	6000	5000	1	1	1	1	1	1
7	12	0	5	1000	63020	63021.914	63	997.99	3	5	1	2	4	35124	0	1000	1000	420	0	3	5	1	2	4	1424	1650	1886	2078	2210	6000	5000	1	1	1	1	1	1
7	13	0	5	1000	68020	68021.95	68	996.024	3	2	4	5	1	32451	0	1000	1124	384	0	3	2	4	5	1	1388	1646	1874	2104	2346	6000	5000	1	1	1	1	1	1
7	14	0	5	1000	73020	73021.914	73	993.987	1	3	2	5	4	13254	0	1000	1054	334	0	1	3	2	5	4	1338	1572	1840	2034	2216	6000	5000	1	1	1	1	1	1
7	15	1	5	1000	78020	78021.927	78	994.012	1	4	5	2	3	14523	0	1000	956	380	0	1	4	5	2	3	1384	1596	1794	2006	2186	6000	5000	1	1	1	1	1	1
7	16	1	5	1000	83020	83021.95	83	992.02	3	5	1	2	4	35124	0	1000	1120	330	0	3	5	1	2	4	1334	1536	1792	2010	2214	6000	5000	1	1	1	1	1	1
7	17	1	5	1000	88020	88021.929	88	990.002	1	3	2	5	4	13254	0	16000	1160	94	0	1	3	2	5	4	1098	1382	1648	1850	2058	6000	5000	1	1	1	1	1	1
7	18	1	5	1000	108020	108021.94	108	981.991	1	3	2	5	4	13254	0	1000	1132	386	0	1	3	2	5	4	1390	1648	1886	2076	2312	6000	5000	1	1	1	1	1	1
7	19	0	5	1000	113020	113021.953	113	981.976	1	3	2	5	4	13254	0	1000	1202	408	0	1	3	2	5	4	1412	1676	1958	2178	2422	6000	5000	1	1	1	1	1	1
7	20	1	5	1000	118020	118021.922	118	979.998	1	3	2	5	4	13254	0	1000	1042	298	0	1	3	2	5	4	1302	1524	1744	1932	2142	6000	5000	1	1	1	1	1	1
7	21	1	5	1000	123020	123021.913	123	977.996	3	2	4	5	1	32451	0	1000	988	372	0	3	2	4	5	1	1376	1588	1780	1960	2144	6000	5000	1	1	1	1	1	1
7	22	0	5	1000	128020	128021.936	128	976.021	3	2	4	5	1	32451	0	1000	948	976	0	3	2	4	5	1	1980	2198	2388	2574	2736	6000	5000	1	1	1	1	1	1
7	23	0	5	1000	133020	133021.922	133	973.999	3	2	4	5	1	32451	0	1000	914	342	0	3	2	4	5	1	1346	1542	1730	1916	2096	6000	5000	1	1	1	1	1	1
7	24	1	5	1000	138020	138021.946	138	971.998	1	4	5	2	3	14523	0	1000	1080	336	0	1	4	5	2	3	1340	1560	1774	1976	2198	6000	5000	1	1	1	1	1	1
7	25	1	5	1000	143020	143021.914	143	971.963	1	3	2	5	4	13254	0	1000	1084	518	0	1	3	2	5	4	1522	1734	1984	2196	2410	6000	5000	1	1	1	1	1	1
7	26	0	5	1000	148020	148021.938	148	970.012	3	5	1	2	4	35124	0	1000	1154	358	0	3	5	1	2	4	1362	1590	1838	2066	2276	6000	5000	1	1	1	1	1	1
7	27	0	5	1000	153020	153021.924	153	967.974	1	3	2	5	4	13254	0	1000	1134	534	0	1	3	2	5	4	1538	1812	2024	2278	2478	6000	5000	1	1	1	1	1	1
7	28	0	5	1000	158020	158021.948	158	966.035	3	2	4	5	1	32451	0	1000	1078	608	0	3	2	4	5	1	1612	1844	2062	2268	2484	6000	5000	1	1	1	1	1	1
7	29	1	5	1000	163020	163021.915	163	965.988	1	3	2	5	4	13254	0	1000	1058	358	0	1	3	2	5	4	1362	1578	1806	1984	2198	6000	5000	1	1	1	1	1	1
7	30	1	5	1000	168020	168021.925	168	962.001	1	4	5	2	3	14523	0	1000	1070	470	0	1	4	5	2	3	1474	1712	1942	2152	2376	6000	5000	1	1	1	1	1	1
7	31	0	5	1000	173020	173021.936	173	959.92	3	5	1	2	4	35124	0	1000	990	338	0	3	5	1	2	4	1342	1536	1766	1960	2132	6000	5000	1	1	1	1	1	1
7	32	1	5	1000	178020	178022.022	178	960.095	1	3	2	5	4	13254	0	1000	1082	372	0	1	3	2	5	4	1376	1594	1826	2032	2238	6000	5000	1	1	1	1	1	1
7	33	0	5	1000	183020	183021.939	183	958.012	3	2	4	5	1	32451	0	1000	1090	222	0	3	2	4	5	1	1226	1428	1672	1892	2098	6000	5000	1	1	1	1	1	1
7	34	0	5	1000	188020	188021.913	188	955.903	3	5	1	2	4	35124	0	16000	1028	310	0	3	5	1	2	4	1314	1518	1746	1938	2124	6000	5000	1	1	1	1	1	1
7	35	0	5	1000	208020	208020.042	208	948.116	3	5	1	2	4	35124	0	1000	1180	1190	0	3	5	1	2	4	2194	2644	2858	3052	3192	6000	5000	1	1	1	1	1	1
7	36	1	5	1000	213020	213021.927	213	947.979	1	4	5	2	3	14523	0	1000	1012	384	0	1	4	5	2	3	1388	1594	1806	2012	2246	6000	5000	1	1	1	1	1	1
7	37	0	5	1000	218020	218021.93	218	945.987	1	4	5	2	3	14523	0	1000	1116	294	0	1	4	5	2	3	1298	1504	1724	1944	2176	6000	5000	1	1	1	1	1	1
7	38	1	5	1000	223020	223021.917	223	943.992	3	5	1	2	4	35124	0	1000	1080	288	0	3	5	1	2	4	1292	1484	1696	1912	2104	6000	5000	1	1	1	1	1	1
7	39	0	5	1000	228020	228021.916	228	942.003	1	4	5	2	3	14523	0	1000	988	316	0	1	4	5	2	3	1320	1516	1720	1926	2128	6000	5000	1	1	1	1	1	1
7	40	1	5	1000	233020	233021.916	233	939.988	1	4	5	2	3	14523	0	1000	972	258	0	1	4	5	2	3	1262	1446	1640	1850	2060	6000	5000	1	1	1	1	1	1
7	41	0	5	1000	238020	238021.937	238	938.01	1	3	2	5	4	13254	0	1000	988	378	0	1	3	2	5	4	1382	1572	1800	1974	2180	6000	5000	1	1	1	1	1	1
7	42	1	5	1000	243020	243021.916	243	937.989	3	5	1	2	4	35124	0	1000	1030	354	0	3	5	1	2	4	1358	1552	1784	1980	2180	6000	5000	1	1	1	1	1	1
7	43	0	5	1000	248020	248021.893	248	935.988	3	2	4	5	1	32451	0	1000	1036	286	0	3	2	4	5	1	1290	1492	1680	1866	2056	6000	5000	1	1	1	1	1	1
7	44	1	5	1000	253020	253021.944	253	934.029	3	5	1	2	4	35124	0	1000	1168	300	0	3	5	1	2	4	1304	1490	1734	1952	2164	6000	5000	1	1	1	1	1	1
7	45	1	5	1000	258020	258021.916	258	931.986	3	5	1	2	4	35124	0	1000	1028	248	0	3	5	1	2	4	1252	1442	1674	1870	2052	6000	5000	1	1	1	1	1	1
7	46	1	5	1000	263020	263021.916	263	929.998	1	4	5	2	3	14523	0	1000	1136	294	0	1	4	5	2	3	1298	1512	1756	1992	2242	6000	5000	1	1	1	1	1	1
7	47	1	5	1000	268020	268021.916	268	928.017	1	4	5	2	3	14523	0	1000	1066	340	0	1	4	5	2	3	1344	1552	1766	1974	2222	6000	5000	1	1	1	1	1	1
7	48	1	5	1000	273020	273021.923	273	928.01	3	2	4	5	1	32451	0	1000	1090	340	0	3	2	4	5	1	1344	1568	1772	1968	2188	6000	5000	1	1	1	1	1	1
7	49	1	5	1000	278020	278021.924	278	925.999	1	3	2	5	4	13254	0	1000	1142	352	0	1	3	2	5	4	1356	1652	1870	2038	2264	6000	5000	1	1	1	1	1	1
7	50	1	5	1000	283020	283021.896	283	923.971	1	3	2	5	4	13254	0	1000	1130	358	0	1	3	2	5	4	1362	1596	1822	2004	2230	6000	5000	1	1	1	1	1	1
7	51	0	5	1000	288020	288021.912	288	921.984	1	4	5	2	3	14523	0	16000	1336	310	0	1	4	5	2	3	1314	1576	1840	2232	2454	6000	5000	1	1	1	1	1	1
7	52	0	5	1000	308020	308021.927	308	916.012	1	4	5	2	3	14523	0	1000	984	600	0	1	4	5	2	3	1604	1790	2000	2200	2382	6000	5000	1	1	1	1	1	1
7	53	0	5	1000	313020	313021.919	313	914.004	3	2	4	5	1	32451	0	1000	1084	446	0	3	2	4	5	1	1450	1662	1866	2070	2242	6000	5000	1	1	1	1	1	1
7	54	1	5	1000	318020	318021.927	318	912.001	3	2	4	5	1	32451	0	1000	972	344	0	3	2	4	5	1	1348	1598	1812	2006	2218	6000	5000	1	1	1	1	1	1
7	55	1	5	1000	323020	323021.914	323	910.014	3	2	4	5	1	32451	0	1000	1126	170	0	3	2	4	5	1	1174	1432	1646	1844	2060	6000	5000	1	1	1	1	1	1
7	56	0	5	1000	328020	328021.913	328	907.975	1	3	2	5	4	13254	0	1000	1306	550	1	1	3	2	4	4	1554	1806	2052	2264	2624	6000	5000	0	1	1	1	1	1
7	57	1	5	1000	333020	333021.919	333	906.002	3	2	4	5	1	32451	0	1000	1086	330	0	3	2	4	5	1	1334	1562	1790	2016	2238	6000	5000	1	1	1	1	1	1
7	58	0	5	1000	338020	338021.915	338	905.99	3	5	1	2	4	35124	0	1000	1112	358	0	3	5	1	2	4	1362	1586	1828	2070	2256	6000	5000	1	1	1	1	1	1
7	59	0	5	1000	343020	343021.914	343	903.998	3	5	1	2	4	35124	0	1000	1168	342	0	3	5	1	2	4	1346	1554	1790	2028	2258	6000	5000	1	1	1	1	1	1
7	60	1	5	1000	348020	348021.914	348	901.998	3	5	1	2	4	35124	0	1000	1350	182	0	3	5	1	2	4	1186	1424	1670	1900	2124	6000	5000	1	1	1	1	1	1
7	61	0	5	1000	353020	353021.914	353	899.997	3	5	1	2	4	35124	0	1000	1230	310	0	3	5	1	2	4	1314	1558	1820	2082	2244	6000	5000	1	1	1	1	1	1
7	62	0	5	1000	358020	358021.926	358	898.01	1	4	5	2	3	14523	0	1000	1250	242	0	1	4	5	2	3	1246	1498	1742	1970	2252	6000	5000	1	1	1	1	1	1
7	63	0	5	1000	363020	363021.928	363	896.001	1	4	5	2	3	14523	0	1000	1246	418	0	1	4	5	2	3	1422	1670	1932	2186	2418	6000	5000	1	1	1	1	1	1
7	64	0	5	1000	368020	368021.914	368	893.998	1	3	2	5	4	13254	0	1000	1120	1018	0	1	3	2	5	4	2022	2310	2546	2756	2952	6000	5000	1	1	1	1	1	1
7	65	0	5	1000	373020	373021.947	373	894.009	1	4	5	2	3	14523	0	1000	1002	352	0	1	4	5	2	3	1356	1586	1804	1996	2178	6000	5000	1	1	1	1	1	1
7	66	1	5	1000	378020	378021.925	378	891.996	1	3	2	5	4	13254	0	1000	1024	316	0	1	3	2	5	4	1320	1544	1782	1968	2160	6000	5000	1	1	1	1	1	1
7	67	1	5	1000	383020	383021.913	383	889.969	3	5	1	2	4	35124	0	1000	1068	264	0	3	5	1	2	4	1268	1464	1690	1886	2052	6000	5000	1	1	1	1	1	1
7	68	0	5	1000	388020	388021.947	388	888.031	1	3	2	5	4	13254	0	16000	1230	198	0	1	3	2	5	4	1202	1470	1738	1938	2186	6000	5000	1	1	1	1	1	1
8	1	0	5	1000	8020	8020.022	9	16.02	3	5	1	2	4	35124	0	1000	1116	382	0	3	5	1	2	4	1386	1620	1864	2102	2288	6000	5000	1	1	1	1	1	1
8	2	0	5	1000	13020	13020.026	14	14.024	3	5	1	2	4	35124	0	1000	1058	334	0	3	5	1	2	4	1338	1534	1768	1980	2166	6000	5000	1	1	1	1	1	1
8	3	1	5	1000	18020	18020.002	19	12.002	3	5	1	2	4	35124	0	1000	982	386	0	3	5	1	2	4	1390	1592	1808	1998	2174	6000	5000	1	1	1	1	1	1
8	4	0	5	1000	23020	23020.015	24	10.005	1	3	2	5	4	13254	0	1000	1290	302	0	1	3	2	5	4	1306	1530	2008	2200	2410	6000	5000	1	1	1	1	1	1
8	5	0	5	1000	28020	28020.094	29	7.979	1	4	5	2	3	14523	0	1000	1116	392	0	1	4	5	2	3	1396	1608	1818	2034	2282	6000	5000	1	1	1	1	1	1
8	6	1	5	1000	33020	33020.1	34	6.064	1	3	2	5	4	13254	0	1000	1072	278	0	1	3	2	5	4	1282	1508	1742	1930	2150	6000	5000	1	1	1	1	1	1
8	7	0	5	1000	38020	38020.035	39	5.998	3	2	4	5	1	32451	0	1000	1098	312	0	3	2	4	5	1	1316	1548	1754	1980	2184	6000	5000	1	1	1	1	1	1
8	8	1	5	1000	43020	43020.036	44	4.001	1	4	5	2	3	14523	0	1000	1088	316	0	1	4	5	2	3	1320	1542	1754	1964	2178	6000	5000	1	1	1	1	1	1
8	9	1	5	1000	48020	48020.022	49	1.981	3	5	1	2	4	35124	0	1000	1190	328	0	3	5	1	2	4	1332	1554	1788	1984	2214	6000	5000	1	1	1	1	1	1
8	10	0	5	1000	53020	53020.002	54	0	1	4	5	2	3	14523	0	1000	1190	356	0	1	4	5	2	3	1360	1556	1768	2192	2356	6000	5000	1	1	1	1	1	1
8	11	0	5	1000	58020	58020.032	58	998.032	1	4	5	2	3	14523	0	1000	924	272	0	1	4	5	2	3	1276	1468	1662	1842	2014	6000	5000	1	1	1	1	1	1
8	12	1	5	1000	63020	63020	63	998.001	3	2	4	5	1	32451	0	1000	1128	262	0	3	2	4	5	1	1266	1504	1734	1958	2168	6000	5000	1	1	1	1	1	1
8	13	0	5	1000	68020	68020.038	68	996.004	1	3	2	5	4	13254	0	1000	1046	354	0	1	3	2	5	4	1358	1596	1832	2022	2230	6000	5000	1	1	1	1	1	1
8	14	1	5	1000	73020	73020.013	73	993.978	3	2	4	5	1	32451	0	1000	1036	328	0	3	2	4	5	1	1332	1556	1764	1956	2152	6000	5000	1	1	1	1	1	1
8	15	1	5	1000	78020	78020.01	78	991.999	1	4	5	2	3	14523	0	1000	1016	284	0	1	4	5	2	3	1288	1492	1718	1912	2126	6000	5000	1	1	1	1	1	1
8	16	1	5	1000	83020	83020.03	83	990.015	1	3	2	5	4	13254	0	1000	1058	422	0	1	3	2	5	4	1426	1658	1884	2090	2300	6000	5000	1	1	1	1	1	1
8	17	0	5	1000	88020	88020.047	88	988.035	1	4	5	2	3	14523	0	16000	928	360	0	1	4	5	2	3	1364	1566	1768	1944	2142	6000	5000	1	1	1	1	1	1
8	18	0	5	1000	108020	108020.001	108	981.979	1	4	5	2	3	14523	0	1000	1048	406	0	1	4	5	2	3	1410	1656	1872	2082	2288	6000	5000	1	1	1	1	1	1
8	19	1	5	1000	113020	113020.012	113	980.001	1	4	5	2	3	14523	0	1000	1020	334	0	1	4	5	2	3	1338	1530	1750	1962	2172	6000	5000	1	1	1	1	1	1
8	20	0	5	1000	118020	118020.001	118	977.938	1	3	2	5	4	13254	0	1000	1064	336	0	1	3	2	5	4	1340	1550	1792	1992	2222	6000	5000	1	1	1	1	1	1
8	21	0	5	1000	123020	123020.044	123	976.019	1	3	2	5	4	13254	0	1000	1212	290	0	1	3	2	5	4	1294	1536	1800	2046	2268	6000	5000	1	1	1	1	1	1
8	22	1	5	1000	128020	128020.011	128	975.995	1	4	5	2	3	14523	0	1000	1170	320	0	1	4	5	2	3	1324	1552	1790	1992	2262	6000	5000	1	1	1	1	1	1
8	23	0	5	1000	133020	133020.036	133	974.035	3	5	1	2	4	35124	0	1000	1220	290	0	3	5	1	2	4	1294	1536	1774	2008	2212	6000	5000	1	1	1	1	1	1
8	24	0	5	1000	138020	138020.012	138	971.998	1	3	2	5	4	13254	0	1000	1190	360	0	1	3	2	5	4	1364	1622	1896	2094	2334	6000	5000	1	1	1	1	1	1
8	25	0	5	1000	143020	143020.026	143	970.022	3	5	1	2	4	35124	0	1000	1154	314	0	3	5	1	2	4	1318	1536	1778	1988	2190	6000	5000	1	1	1	1	1	1
8	26	1	5	1000	148020	148020.008	148	968.024	1	3	2	5	4	13254	0	1000	1126	370	0	1	3	2	5	4	1374	1604	1836	2050	2270	6000	5000	1	1	1	1	1	1
8	27	1	5	1000	153020	153020.022	153	965.999	1	4	5	2	3	14523	0	1000	1016	344	0	1	4	5	2	3	1348	1552	1772	1984	2196	6000	5000	1	1	1	1	1	1
8	28	0	5	1000	158020	158020.012	158	963.988	3	2	4	5	1	32451	0	1000	1174	444	0	3	2	4	5	1	1448	1704	1916	2154	2380	6000	5000	1	1	1	1	1	1
8	29	1	5	1000	163020	163020.012	163	963.905	3	2	4	5	1	32451	0	1000	1142	354	0	3	2	4	5	1	1358	1600	1814	2042	2278	6000	5000	1	1	1	1	1	1
8	30	0	5	1000	168020	168020.012	168	962.001	3	5	1	2	4	35124	0	1000	1178	348	0	3	5	1	2	4	1352	1594	1848	2064	2262	6000	5000	1	1	1	1	1	1
8	31	1	5	1000	173020	173020.012	173	959.979	3	2	4	5	1	32451	0	1000	1184	214	0	3	2	4	5	1	1218	1468	1718	1950	2186	6000	5000	1	1	1	1	1	1
8	32	0	5	1000	178020	178020.008	178	958.01	3	2	4	5	1	32451	0	1000	1184	356	0	3	2	4	5	1	1360	1616	1834	2090	2334	6000	5000	1	1	1	1	1	1
8	33	0	5	1000	183020	183020.024	183	956.013	1	3	2	5	4	13254	0	1000	1216	350	0	1	3	2	5	4	1354	1768	2014	2222	2410	6000	5000	1	1	1	1	1	1
8	34	1	5	1000	188020	188020.01	188	953.997	1	3	2	5	4	13254	0	16000	1128	332	0	1	3	2	5	4	1336	1572	1800	2020	2240	6000	5000	1	1	1	1	1	1
8	35	1	5	1000	208020	208020.092	208	948.059	1	3	2	5	4	13254	0	1000	1136	732	0	1	3	2	5	4	1736	1968	2214	2414	2646	6000	5000	1	1	1	1	1	1
8	36	1	5	1000	213020	213020.024	213	946.008	3	2	4	5	1	32451	0	1000	1108	366	0	3	2	4	5	1	1370	1594	1808	2032	2246	6000	5000	1	1	1	1	1	1
8	37	1	5	1000	218020	218020.024	218	944.038	3	2	4	5	1	32451	0	1000	1076	288	0	3	2	4	5	1	1292	1520	1738	1962	2178	6000	5000	1	1	1	1	1	1
8	38	1	5	1000	223020	223020.042	223	942.029	1	3	2	5	4	13254	0	1000	1062	376	0	1	3	2	5	4	1380	1594	1824	2030	2244	6000	5000	1	1	1	1	1	1
8	39	1	5	1000	228020	228020.013	228	942.01	3	5	1	2	4	35124	0	1000	1084	304	0	3	5	1	2	4	1308	1514	1738	1936	2150	6000	5000	1	1	1	1	1	1
8	40	0	5	1000	233020	233020.002	233	940.007	3	2	4	5	1	32451	0	1000	1010	382	0	3	2	4	5	1	1386	1584	1792	1982	2186	6000	5000	1	1	1	1	1	1
8	41	1	5	1000	238020	238022.012	238	940.012	3	5	1	2	4	35124	0	1000	1058	294	0	3	5	1	2	4	1298	1500	1718	1920	2100	6000	5000	1	1	1	1	1	1
8	42	1	5	1000	243020	243022.008	243	938.008	1	4	5	2	3	14523	0	1000	898	304	0	1	4	5	2	3	1308	1488	1692	1878	2048	6000	5000	1	1	1	1	1	1
8	43	1	5	1000	248020	248020.01	248	934.029	3	2	4	5	1	32451	0	1000	1090	276	0	3	2	4	5	1	1280	1496	1698	1918	2152	6000	5000	1	1	1	1	1	1
8	44	1	5	1000	253020	253021.984	253	934.002	3	5	1	2	4	35124	0	1000	1060	476	0	3	5	1	2	4	1480	1710	1930	2140	2330	6000	5000	1	1	1	1	1	1
8	45	1	5	1000	258020	258020.001	258	931.995	3	5	1	2	4	35124	0	1000	1064	390	0	3	5	1	2	4	1394	1594	1794	1996	2212	6000	5000	1	1	1	1	1	1
8	46	1	5	1000	263020	263020.013	263	929.977	3	2	4	5	1	32451	0	1000	970	372	0	3	2	4	5	1	1376	1604	1820	2008	2214	6000	5000	1	1	1	1	1	1
8	47	0	5	1000	268020	268020.03	268	928.027	1	4	5	2	3	14523	0	1000	966	328	0	1	4	5	2	3	1332	1532	1736	1948	2162	6000	5000	1	1	1	1	1	1
8	48	0	5	1000	273020	273020.001	273	925.998	3	5	1	2	4	35124	0	1000	978	466	0	3	5	1	2	4	1470	1652	1866	2082	2290	6000	5000	1	1	1	1	1	1
8	49	0	5	1000	278020	278020.004	278	924.002	3	2	4	5	1	32451	0	1000	992	432	0	3	2	4	5	1	1436	1678	1896	2080	2296	6000	5000	1	1	1	1	1	1
8	50	0	5	1000	283020	283020.001	283	921.989	3	2	4	5	1	32451	0	1000	992	386	0	3	2	4	5	1	1390	1610	1832	2014	2228	6000	5000	1	1	1	1	1	1
8	51	1	5	1000	288020	288020.001	288	919.974	1	3	2	5	4	13254	0	16000	998	780	0	1	3	2	5	4	1784	1994	2218	2404	2622	6000	5000	1	1	1	1	1	1
8	52	1	5	1000	308020	308020.029	308	914.046	1	3	2	5	4	13254	0	1000	0	0	0	0	0	0	0	0	0	0	0	0	0	6000	5000	0	1	1	1	1	1
8	53	0	5	1000	313020	313020.038	313	911.998	3	5	1	2	4	35124	0	1000	1010	328	0	3	5	1	2	4	1332	1542	1766	1982	2198	6000	5000	1	1	1	1	1	1
8	54	1	5	1000	318020	318020.022	318	910.021	1	4	5	2	3	14523	0	1000	984	306	0	1	4	5	2	3	1310	1504	1722	1942	2168	6000	5000	1	1	1	1	1	1
8	55	1	5	1000	323020	323020.025	323	910.001	1	4	5	2	3	14523	0	1000	950	1102	0	1	4	5	2	3	2106	2290	2504	2720	2922	6000	5000	1	1	1	1	1	1
8	56	0	5	1000	328020	328022	328	909.987	1	4	5	2	3	14523	0	1000	1196	330	0	1	4	5	2	3	1334	1546	1794	2190	2394	6000	5000	1	1	1	1	1	1
8	57	1	5	1000	333020	333020.126	333	906.093	3	5	1	2	4	35124	0	1000	994	314	0	3	5	1	2	4	1318	1514	1722	1946	2146	6000	5000	1	1	1	1	1	1
8	58	1	5	1000	338020	338020.049	338	904.005	1	3	2	5	4	13254	0	1000	1102	280	0	1	3	2	5	4	1284	1510	1766	2024	2228	6000	5000	1	1	1	1	1	1
8	59	1	5	1000	343020	343020	343	901.98	1	3	2	5	4	13254	0	1000	1038	374	0	1	3	2	5	4	1378	1602	1852	2056	2258	6000	5000	1	1	1	1	1	1
8	60	0	5	1000	348020	348020.013	348	900	1	3	2	5	4	13254	0	1000	1060	322	0	1	3	2	5	4	1326	1566	1806	2002	2224	6000	5000	1	1	1	1	1	1
8	61	1	5	1000	353020	353020.015	353	898.016	3	5	1	2	4	35124	0	1000	1042	308	0	3	5	1	2	4	1312	1508	1720	1952	2162	6000	5000	1	1	1	1	1	1
8	62	0	5	1000	358020	358020.013	358	897.915	3	5	1	2	4	35124	0	1000	1172	312	0	3	5	1	2	4	1316	1522	1770	2138	2338	6000	5000	1	1	1	1	1	1
8	63	0	5	1000	363020	363020.024	363	895.883	1	4	5	2	3	14523	0	1000	1010	348	0	1	4	5	2	3	1352	1574	1786	2014	2234	6000	5000	1	1	1	1	1	1
8	64	0	5	1000	368020	368020.026	368	894.027	1	3	2	5	4	13254	0	1000	1022	346	0	1	3	2	5	4	1350	1564	1812	2002	2222	6000	5000	1	1	1	1	1	1
8	65	0	5	1000	373020	373020.036	373	892.002	3	2	4	5	1	32451	0	1000	1054	366	0	3	2	4	5	1	1370	1606	1826	2034	2278	6000	5000	1	1	1	1	1	1
8	66	0	5	1000	378020	378020.031	378	890.018	1	4	5	2	3	14523	0	1000	1014	526	0	1	4	5	2	3	1530	1748	1964	2194	2414	6000	5000	1	1	1	1	1	1
8	67	0	5	1000	383020	383020.04	383	888.019	3	2	4	5	1	32451	0	1000	1028	328	0	3	2	4	5	1	1332	1548	1782	1982	2206	6000	5000	1	1	1	1	1	1
8	68	0	5	1000	388020	388020.025	388	888.004	3	5	1	2	4	35124	0	16000	982	394	0	3	5	1	2	4	1398	1596	1794	2022	2244	6000	5000	1	1	1	1	1	1
9	1	0	5	1000	8020	8020.021	9	16.021	3	2	4	5	1	32451	0	9000	1100	554	0	3	2	4	5	1	1558	1800	2046	2284	2528	6000	5000	1	1	1	1	1	1
9	2	1	5	1000	21020	21022	22	13.999	3	5	1	2	4	35124	0	21000	1294	362	0	3	5	1	2	4	1366	1584	2022	2262	2490	6000	5000	1	1	1	1	1	1
9	3	0	5	1000	46020	46020.013	47	1.984	1	3	2	5	4	13254	0	12000	1108	560	0	1	3	2	5	4	1564	1812	2052	2282	2508	6000	5000	1	1	1	1	1	1
9	4	1	5	1000	62020	62020.021	62	998.02	1	4	5	2	3	14523	0	15000	1088	410	0	1	4	5	2	3	1414	1636	1868	2106	2352	6000	5000	1	1	1	1	1	1
9	5	0	5	1000	81020	81020.001	81	991.992	3	5	1	2	4	35124	0	27000	1100	376	0	3	5	1	2	4	1380	1608	1834	2076	2318	6000	5000	1	1	1	1	1	1
9	6	1	5	1000	112020	112020.029	112	980.025	3	2	4	5	1	32451	0	18000	1030	392	0	3	2	4	5	1	1396	1626	1866	2082	2284	6000	5000	1	1	1	1	1	1
9	7	0	5	1000	134020	134021.991	134	975.948	1	4	5	2	3	14523	0	24000	1158	352	0	1	4	5	2	3	1356	1568	1804	2036	2272	6000	5000	1	1	1	1	1	1
9	8	1	5	1000	162020	162020.007	162	964.022	1	3	2	5	4	13254	0	30000	1088	324	0	1	3	2	5	4	1328	1556	1816	2026	2254	6000	5000	1	1	1	1	1	1
9	9	0	5	1000	196020	196021.998	196	954.021	3	2	4	5	1	32451	0	30000	1058	428	0	3	2	4	5	1	1432	1678	1922	2146	2358	6000	5000	1	1	1	1	1	1
9	10	1	5	1000	230020	230022.03	230	942.048	3	5	1	2	4	35124	0	18000	1092	354	0	3	5	1	2	4	1358	1588	1814	2058	2300	6000	5000	1	1	1	1	1	1
9	11	0	5	1000	252020	252022.003	252	936.015	1	3	2	5	4	13254	0	27000	1274	384	0	1	3	2	5	4	1388	1648	2024	2288	2484	6000	5000	1	1	1	1	1	1
9	12	1	5	1000	283020	283021.988	283	923.987	1	4	5	2	3	14523	0	9000	1046	414	0	1	4	5	2	3	1418	1622	1872	2078	2306	6000	5000	1	1	1	1	1	1
9	13	0	5	1000	296020	296021.985	296	919.988	3	5	1	2	4	35124	0	12000	1166	384	0	3	5	1	2	4	1388	1622	1912	2174	2366	6000	5000	1	1	1	1	1	1
9	14	1	5	1000	312020	312020.001	312	914.01	3	2	4	5	1	32451	0	21000	1040	354	0	3	2	4	5	1	1358	1580	1810	2040	2248	6000	5000	1	1	1	1	1	1
9	15	0	5	1000	337020	337022.013	337	906.021	1	4	5	2	3	14523	0	15000	1054	334	0	1	4	5	2	3	1338	1556	1804	1994	2218	6000	5000	1	1	1	1	1	1
9	16	1	5	1000	356020	356020.001	356	898.012	1	3	2	5	4	13254	0	24000	1010	414	0	1	3	2	5	4	1418	1638	1868	2062	2252	6000	5000	1	1	1	1	1	1