BN	TN	seqType	Horizon	PrepTime	startTime	startTimeReal	startTRReal	startTRtime	press0	press1	press2	press3	press4	cueP	complete	iti	MT	RT	isError	response0	response1	response2	response3	response4	pressTime0	pressTime1	pressTime2	pressTime3	pressTime4	timeThreshold	timeThresholdSuper	points	Gain1	Gain2	Gain3	Gain4	Gain5
1	1	1	5	1000	8020	8020.014	9	16.012	1	4	5	2	3	14523	0	1000	2108	666	0	1	4	5	2	3	1670	2168	2564	3076	3560	6000	5000	1	1	1	1	1	1
1	2	0	5	1000	13020	13020.025	14	14	3	5	1	2	4	35124	0	1000	2180	548	0	3	5	1	2	4	1552	1924	2748	3204	3594	6000	5000	1	1	1	1	1	1
1	3	1	5	1000	18020	18022.03	19	13.98	1	3	2	5	4	13254	0	1000	2048	566	0	1	3	2	5	4	1570	2032	2514	2916	3436	6000	5000	1	1	1	1	1	1
1	4	1	5	1000	23020	23021.999	24	13.994	1	3	2	5	4	13254	0	1000	1920	462	0	1	3	2	5	4	1466	1884	2338	2738	3240	6000	5000	1	1	1	1	1	1
1	5	1	5	1000	28020	28020.001	29	9.996	1	4	5	2	3	14523	0	1000	0	550	0	1	4	5	2	3	1554	2016	2462	2948	3848	6000	5000	0	1	1	1	1	1
1	6	1	5	1000	33020	33020.023	34	7.994	1	3	2	5	4	13254	0	1000	1930	586	0	1	3	2	5	4	1590	1994	2462	2902	3366	6000	5000	1	1	1	1	1	1
1	7	0	5	1000	38020	38022.001	39	7.995	3	5	1	2	4	35124	0	1000	1908	648	0	3	5	1	2	4	1652	2068	2514	2988	3384	6000	5000	1	1	1	1	1	1
1	8	0	5	1000	43020	43020.003	44	4.001	1	3	2	5	4	13254	0	1000	2002	452	0	1	3	2	5	4	1456	1924	2418	2810	3278	6000	5000	1	1	1	1	1	1
1	9	1	5	1000	48020	48020.002	49	2	1	3	2	5	4	13254	0	1000	2030	572	0	1	3	2	5	4	1576	2068	2516	2992	3460	6000	5000	1	1	1	1	1	1
1	10	1	5	1000	53020	53020.003	54	0	3	5	1	2	4	35124	0	1000	1888	526	0	3	5	1	2	4	1530	1954	2400	2844	3266	6000	5000	1	1	1	1	1	1
1	11	1	5	1000	58020	58022.006	59	2.012	3	5	1	2	4	35124	0	1000	1708	476	0	3	5	1	2	4	1480	1850	2252	2676	3082	6000	5000	1	1	1	1	1	1
1	12	1	5	1000	63020	63020.003	63	998.009	3	2	4	5	1	32451	0	1000	1822	400	0	3	2	4	5	1	1404	1790	2174	2576	3016	6000	5000	1	1	1	1	1	1
1	13	1	5	1000	68020	68020.015	68	996.026	1	4	5	2	3	14523	0	1000	2004	448	0	1	4	5	2	3	1452	1938	2372	2840	3292	6000	5000	1	1	1	1	1	1
1	14	0	5	1000	73020	73020.018	73	993.917	1	4	5	2	3	14523	0	1000	2032	484	0	1	4	5	2	3	1488	1904	2318	2886	3328	6000	5000	1	1	1	1	1	1
1	15	1	5	1000	78020	78020.024	78	992.007	1	3	2	5	4	13254	0	1000	2052	484	0	1	3	2	5	4	1488	1944	2394	2904	3384	6000	5000	1	1	1	1	1	1
1	16	0	5	1000	83020	83020.004	83	989.988	3	2	4	5	1	32451	0	1000	2042	628	0	3	2	4	5	1	1632	2102	2574	3012	3426	6000	5000	1	1	1	1	1	1
1	17	1	5	1000	88020	88020.004	88	989.978	1	3	2	5	4	13254	0	16000	2006	568	0	1	3	2	5	4	1572	2030	2484	2898	3380	6000	5000	1	1	1	1	1	1
1	18	1	5	1000	108020	108021.991	108	983.988	1	3	2	5	4	13254	0	1000	2010	838	0	1	3	2	5	4	1842	2272	2730	3182	3682	6000	5000	1	1	1	1	1	1
1	19	0	5	1000	113020	113021.999	113	982.021	1	3	2	5	4	13254	0	1000	2062	490	0	1	3	2	5	4	1494	1932	2412	2856	3390	6000	5000	1	1	1	1	1	1
1	20	1	5	1000	118020	118020.035	118	980.049	3	5	1	2	4	35124	0	1000	1816	454	0	3	5	1	2	4	1458	1838	2244	2686	3078	6000	5000	1	1	1	1	1	1
1	21	0	5	1000	123020	123021.991	123	979.995	1	3	2	5	4	13254	0	1000	1924	502	0	1	3	2	5	4	1506	1932	2412	2792	3250	6000	5000	1	1	1	1	1	1
1	22	0	5	1000	128020	128021.992	128	978	1	3	2	5	4	13254	0	1000	1818	534	0	1	3	2	5	4	1538	1908	2354	2748	3154	6000	5000	1	1	1	1	1	1
1	23	0	5	1000	133020	133020.005	133	974.012	3	2	4	5	1	32451	0	1000	1952	506	0	3	2	4	5	1	1510	1950	2372	2804	3208	6000	5000	1	1	1	1	1	1
1	24	1	5	1000	138020	138020.022	138	972.05	3	5	1	2	4	35124	0	1000	2144	772	0	3	5	1	2	4	1776	2262	2694	3212	3708	6000	5000	1	1	1	1	1	1
1	25	1	5	1000	143020	143020.042	143	970.053	1	4	5	2	3	14523	0	1000	2048	614	0	1	4	5	2	3	1618	2090	2562	3082	3532	6000	5000	1	1	1	1	1	1
1	26	1	5	1000	148020	148021.992	148	970	1	4	5	2	3	14523	0	1000	1848	490	0	1	4	5	2	3	1494	1936	2330	2770	3180	6000	5000	1	1	1	1	1	1
1	27	1	5	1000	153020	153020.003	153	966.014	3	5	1	2	4	35124	0	1000	2022	596	0	3	5	1	2	4	1600	2022	2478	2998	3488	6000	5000	1	1	1	1	1	1
1	28	0	5	1000	158020	158020.023	158	966.028	3	2	4	5	1	32451	0	1000	1936	700	0	3	2	4	5	1	1704	2112	2570	3016	3416	6000	5000	1	1	1	1	1	1
1	29	0	5	1000	163020	163020.001	163	963.986	1	4	5	2	3	14523	0	1000	1934	732	0	1	4	5	2	3	1736	2206	2644	3082	3524	6000	5000	1	1	1	1	1	1
1	30	0	5	1000	168020	168021.999	168	963.999	3	5	1	2	4	35124	0	1000	1938	898	0	3	5	1	2	4	1902	2348	2770	3242	3684	6000	5000	1	1	1	1	1	1
1	31	1	5	1000	173020	173020.005	173	960.002	3	2	4	5	1	32451	0	1000	0	1154	0	3	2	4	5	1	2158	2620	3052	3476	3934	6000	5000	0	1	1	1	1	1
1	32	0	5	1000	178020	178020.02	178	958.002	3	5	1	2	4	35124	0	1000	1976	934	0	3	5	1	2	4	1938	2356	2834	3314	3770	6000	5000	1	1	1	1	1	1
1	33	0	5	1000	183020	183020.007	183	955.983	3	5	1	2	4	35124	0	1000	1958	736	0	3	5	1	2	4	1740	2136	2570	3036	3534	6000	5000	1	1	1	1	1	1
1	34	0	5	1000	188020	188021.992	188	955.992	3	2	4	5	1	32451	0	16000	2032	754	0	3	2	4	5	1	1758	2200	2652	3142	3564	6000	5000	1	1	1	1	1	1
1	35	0	5	1000	208020	208020.025	208	948.012	3	2	4	5	1	32451	0	1000	2080	676	0	3	2	4	5	1	1680	2140	2624	3090	3572	6000	5000	1	1	1	1	1	1
1	36	1	5	1000	213020	213020.003	213	946.011	3	2	4	5	1	32451	0	1000	1940	1026	0	3	2	4	5	1	2030	2430	2870	3306	3726	6000	5000	1	1	1	1	1	1
1	37	0	5	1000	218020	218020.029	218	945.976	1	3	2	5	4	13254	0	1000	1980	474	0	1	3	2	5	4	1478	1896	2368	2822	3322	6000	5000	1	1	1	1	1	1
1	38	1	5	1000	223020	223021.986	223	943.993	1	4	5	2	3	14523	0	1000	1852	532	0	1	4	5	2	3	1536	2002	2434	2860	3266	6000	5000	1	1	1	1	1	1
1	39	0	5	1000	228020	228020.247	228	940.265	1	3	2	5	4	13254	0	1000	1864	478	0	1	3	2	5	4	1482	1910	2338	2706	3160	6000	5000	1	1	1	1	1	1
1	40	0	5	1000	233020	233021.986	233	942.007	1	4	5	2	3	14523	0	1000	1820	564	0	1	4	5	2	3	1568	1992	2418	2834	3234	6000	5000	1	1	1	1	1	1
1	41	0	5	1000	238020	238021.98	238	940.003	1	4	5	2	3	14523	0	1000	1578	696	1	1	4	5	2	2	1700	2150	2628	3046	3078	6000	5000	0	1	1	1	1	1
1	42	0	5	1000	243020	243021.996	243	938.017	3	2	4	5	1	32451	0	1000	2016	728	0	3	2	4	5	1	1732	2190	2620	3052	3482	6000	5000	1	1	1	1	1	1
1	43	0	5	1000	248020	248021.983	248	936.005	3	2	4	5	1	32451	0	1000	2016	526	0	3	2	4	5	1	1530	1964	2422	2876	3328	6000	5000	1	1	1	1	1	1
1	44	1	5	1000	253020	253021.981	253	933.999	1	4	5	2	3	14523	0	1000	1826	480	0	1	4	5	2	3	1484	1904	2278	2732	3166	6000	5000	1	1	1	1	1	1
1	45	0	5	1000	258020	258021.984	258	931.985	3	2	4	5	1	32451	0	1000	1928	644	0	3	2	4	5	1	1648	2050	2476	2908	3374	6000	5000	1	1	1	1	1	1
1	46	0	5	1000	263020	263021.98	263	929.997	1	3	2	5	4	13254	0	1000	1980	638	0	1	3	2	5	4	1642	2084	2534	2968	3462	6000	5000	1	1	1	1	1	1
1	47	1	5	1000	268020	268021.983	268	929.98	3	2	4	5	1	32451	0	1000	2038	672	0	3	2	4	5	1	1676	2138	2580	3038	3482	6000	5000	1	1	1	1	1	1
1	48	0	5	1000	273020	273021.983	273	928.003	1	4	5	2	3	14523	0	1000	2038	540	0	1	4	5	2	3	1544	2016	2470	2918	3426	6000	5000	1	1	1	1	1	1
1	49	1	5	1000	278020	278021.981	278	925.999	1	4	5	2	3	14523	0	1000	2012	940	0	1	4	5	2	3	1944	2424	2838	3292	3784	6000	5000	1	1	1	1	1	1
1	50	1	5	1000	283020	283021.985	283	923.995	3	2	4	5	1	32451	0	1000	1998	630	0	3	2	4	5	1	1634	2050	2494	2918	3382	6000	5000	1	1	1	1	1	1
1	51	1	5	1000	288020	288021.994	288	922.017	3	2	4	5	1	32451	0	16000	1992	502	0	3	2	4	5	1	1506	1964	2374	2808	3256	6000	5000	1	1	1	1	1	1
1	52	1	5	1000	308020	308021.981	308	915.991	3	2	4	5	1	32451	0	1000	0	934	0	3	2	4	5	1	1938	2440	2904	3350	3814	6000	5000	0	1	1	1	1	1
1	53	1	5	1000	313020	313021.99	313	914.004	3	5	1	2	4	35124	0	1000	2000	848	0	3	5	1	2	4	1852	2270	2746	3236	3686	6000	5000	1	1	1	1	1	1
1	54	1	5	1000	318020	318021.991	318	912.002	1	3	2	5	4	13254	0	1000	2140	694	0	1	3	2	5	4	1698	2168	2636	3122	3658	6000	5000	1	1	1	1	1	1
1	55	1	5	1000	323020	323020.002	323	908.013	3	2	4	5	1	32451	0	1000	1892	924	0	3	2	4	5	1	1928	2316	2794	3196	3614	6000	5000	1	1	1	1	1	1
1	56	0	5	1000	328020	328021.99	328	907.987	3	2	4	5	1	32451	0	1000	1982	598	0	3	2	4	5	1	1602	2038	2492	2916	3370	6000	5000	1	1	1	1	1	1
1	57	0	5	1000	333020	333020.004	333	904.008	3	5	1	2	4	35124	0	1000	1858	664	0	3	5	1	2	4	1668	2078	2530	2988	3390	6000	5000	1	1	1	1	1	1
1	58	1	5	1000	338020	338021.99	338	905.99	3	5	1	2	4	35124	0	1000	1828	678	0	3	5	1	2	4	1682	2052	2462	2890	3346	6000	5000	1	1	1	1	1	1
1	59	0	5	1000	343020	343021.991	343	903.997	1	4	5	2	3	14523	0	1000	1924	490	0	1	4	5	2	3	1494	1946	2384	2842	3282	6000	5000	1	1	1	1	1	1
1	60	1	5	1000	348020	348020.002	348	899.98	3	2	4	5	1	32451	0	1000	1896	572	0	3	2	4	5	1	1576	2006	2430	2846	3262	6000	5000	1	1	1	1	1	1
1	61	1	5	1000	353020	353020.002	353	897.996	1	3	2	5	4	13254	0	1000	1866	418	0	1	3	2	5	4	1422	1818	2226	2652	3110	6000	5000	1	1	1	1	1	1
1	62	0	5	1000	358020	358021.974	358	897.974	1	4	5	2	3	14523	0	1000	1962	518	0	1	4	5	2	3	1522	1936	2392	2856	3322	6000	5000	1	1	1	1	1	1
1	63	0	5	1000	363020	363021.975	363	895.961	1	3	2	5	4	13254	0	1000	1832	444	0	1	3	2	5	4	1448	1844	2290	2686	3138	6000	5000	1	1	1	1	1	1
1	64	0	5	1000	368020	368020.065	368	892.076	3	5	1	2	4	35124	0	1000	2148	640	0	3	5	1	2	4	1644	2112	2576	3118	3598	6000	5000	1	1	1	1	1	1
1	65	0	5	1000	373020	373021.988	373	893.992	1	4	5	2	3	14523	0	1000	1844	744	0	1	4	5	2	3	1748	2160	2554	3012	3454	6000	5000	1	1	1	1	1	1
1	66	1	5	1000	378020	378022.009	378	892.017	3	5	1	2	4	35124	0	1000	1782	518	0	3	5	1	2	4	1522	1914	2308	2742	3166	6000	5000	1	1	1	1	1	1
1	67	0	5	1000	383020	383020.021	383	888.011	3	5	1	2	4	35124	0	1000	1930	460	0	3	5	1	2	4	1464	1864	2292	2744	3194	6000	5000	1	1	1	1	1	1
1	68	1	5	1000	388020	388021.992	388	887.982	1	4	5	2	3	14523	0	16000	1856	444	0	1	4	5	2	3	1448	1874	2300	2706	3146	6000	5000	1	1	1	1	1	1
2	1	0	5	1000	8020	8020.006	9	16.022	3	5	1	2	4	35124	0	1000	1962	930	0	3	5	1	2	4	1934	2406	2854	3274	3722	6000	5000	1	1	1	1	1	1
2	2	1	5	1000	13020	13022.009	14	16.013	1	4	5	2	3	14523	0	1000	1932	590	0	1	4	5	2	3	1594	2132	2532	2974	3424	6000	5000	1	1	1	1	1	1
2	3	0	5	1000	18020	18021.998	19	14.004	3	2	4	5	1	32451	0	1000	0	872	0	3	2	4	5	0	1876	2600	3108	3602	0	6000	5000	0	1	1	1	1	1
2	4	1	5	1000	23020	23020.021	24	10.04	1	4	5	2	3	14523	0	1000	1914	698	0	1	4	5	2	3	1702	2156	2600	3004	3462	6000	5000	1	1	1	1	1	1
2	5	1	5	1000	28020	28020.014	29	7.996	1	4	5	2	3	14523	0	1000	1786	514	0	1	4	5	2	3	1518	1914	2316	2742	3152	6000	5000	1	1	1	1	1	1
2	6	1	5	1000	33020	33020.005	34	8.005	3	2	4	5	1	32451	0	1000	1786	514	0	3	2	4	5	1	1518	1848	2272	2664	3030	6000	5000	1	1	1	1	1	1
2	7	1	5	1000	38020	38020.018	39	5.983	3	5	1	2	4	35124	0	1000	1732	566	0	3	5	1	2	4	1570	1944	2322	2758	3150	6000	5000	1	1	1	1	1	1
2	8	0	5	1000	43020	43020.036	44	4.019	1	3	2	5	4	13254	0	1000	1756	490	0	1	3	2	5	4	1494	1862	2312	2680	3094	6000	5000	1	1	1	1	1	1
2	9	1	5	1000	48020	48020.014	49	1.995	3	2	4	5	1	32451	0	1000	1818	546	0	3	2	4	5	1	1550	1926	2350	2742	3122	6000	5000	1	1	1	1	1	1
2	10	0	5	1000	53020	53020.016	54	0	1	3	2	5	4	13254	0	1000	1864	452	0	1	3	2	5	4	1456	1834	2242	2626	3090	6000	5000	1	1	1	1	1	1
2	11	1	5	1000	58020	58020.033	58	998.036	3	5	1	2	4	35124	0	1000	1864	630	0	3	5	1	2	4	1634	2036	2448	2886	3316	6000	5000	1	1	1	1	1	1
2	12	1	5	1000	63020	63021.996	63	999.988	3	2	4	5	1	32451	0	1000	1946	454	0	3	2	4	5	1	1458	1848	2326	2730	3154	6000	5000	1	1	1	1	1	1
2	13	0	5	1000	68020	68020.009	68	995.988	3	2	4	5	1	32451	0	1000	1934	732	0	3	2	4	5	1	1736	2144	2588	2994	3422	6000	5000	1	1	1	1	1	1
2	14	1	5	1000	73020	73022	73	995.964	3	2	4	5	1	32451	0	1000	0	1598	0	3	2	4	5	0	2602	2974	3388	3764	0	6000	5000	0	1	1	1	1	1
2	15	0	5	1000	78020	78020.007	78	991.98	3	5	1	2	4	35124	0	1000	1696	596	0	3	5	1	2	4	1600	1948	2360	2734	3132	6000	5000	1	1	1	1	1	1
2	16	0	5	1000	83020	83020.032	83	990.04	3	2	4	5	1	32451	0	1000	1652	430	0	3	2	4	5	1	1434	1776	2154	2512	2876	6000	5000	1	1	1	1	1	1
2	17	1	5	1000	88020	88020.018	88	988.022	1	3	2	5	4	13254	0	16000	1578	496	0	1	3	2	5	4	1500	1814	2178	2524	2916	6000	5000	1	1	1	1	1	1
2	18	1	5	1000	108020	108021.982	108	983.991	1	3	2	5	4	13254	0	1000	1688	558	0	1	3	2	5	4	1562	1946	2338	2698	3098	6000	5000	1	1	1	1	1	1
2	19	1	5	1000	113020	113020.006	113	979.999	3	2	4	5	1	32451	0	1000	1588	470	0	3	2	4	5	1	1474	1798	2178	2518	2884	6000	5000	1	1	1	1	1	1
2	20	1	5	1000	118020	118020.001	118	977.995	3	2	4	5	1	32451	0	1000	1680	540	0	3	2	4	5	1	1544	1910	2284	2638	3010	6000	5000	1	1	1	1	1	1
2	21	1	5	1000	123020	123020.036	123	976.05	1	4	5	2	3	14523	0	1000	1744	428	0	1	4	5	2	3	1432	2050	2386	2714	3038	6000	5000	1	1	1	1	1	1
2	22	0	5	1000	128020	128020.006	128	976.008	1	4	5	2	3	14523	0	1000	1566	626	0	1	4	5	2	3	1630	1980	2322	2684	3050	6000	5000	1	1	1	1	1	1
2	23	1	5	1000	133020	133022.006	133	975.988	3	5	1	2	4	35124	0	1000	1500	734	0	3	5	1	2	4	1738	2054	2408	2770	3098	6000	5000	1	1	1	1	1	1
2	24	1	5	1000	138020	138020.015	138	971.988	1	4	5	2	3	14523	0	1000	1526	478	0	1	4	5	2	3	1482	1818	2156	2526	2874	6000	5000	1	1	1	1	1	1
2	25	1	5	1000	143020	143020.027	143	970.005	3	5	1	2	4	35124	0	1000	1594	498	0	3	5	1	2	4	1502	1812	2186	2566	2946	6000	5000	1	1	1	1	1	1
2	26	0	5	1000	148020	148020.02	148	967.938	1	4	5	2	3	14523	0	1000	1612	448	0	1	4	5	2	3	1452	1828	2178	2560	2930	6000	5000	1	1	1	1	1	1
2	27	0	5	1000	153020	153021.994	153	967.981	1	4	5	2	3	14523	0	1000	1608	480	0	1	4	5	2	3	1484	1836	2190	2572	2944	6000	5000	1	1	1	1	1	1
2	28	0	5	1000	158020	158020.007	158	966.011	1	3	2	5	4	13254	0	1000	1682	554	0	1	3	2	5	4	1558	1924	2314	2680	3086	6000	5000	1	1	1	1	1	1
2	29	1	5	1000	163020	163022.007	163	966.013	1	3	2	5	4	13254	0	1000	1690	456	0	1	3	2	5	4	1460	1818	2228	2590	2990	6000	5000	1	1	1	1	1	1
2	30	1	5	1000	168020	168021.993	168	963.984	1	4	5	2	3	14523	0	1000	1590	604	0	1	4	5	2	3	1608	1950	2292	2668	3052	6000	5000	1	1	1	1	1	1
2	31	0	5	1000	173020	173020.008	173	960.015	1	3	2	5	4	13254	0	1000	1636	832	0	1	3	2	5	4	1836	2184	2582	2940	3306	6000	5000	1	1	1	1	1	1
2	32	0	5	1000	178020	178020.157	178	958.162	3	5	1	2	4	35124	0	1000	1614	788	0	3	5	1	2	4	1792	2134	2508	2872	3232	6000	5000	1	1	1	1	1	1
2	33	0	5	1000	183020	183021.983	183	957.974	1	4	5	2	3	14523	0	1000	1822	490	0	1	4	5	2	3	1494	1892	2278	2668	3126	6000	5000	1	1	1	1	1	1
2	34	0	5	1000	188020	188021.998	188	956.002	3	5	1	2	4	35124	0	16000	1712	612	0	3	5	1	2	4	1616	1934	2302	2760	3172	6000	5000	1	1	1	1	1	1
2	35	0	5	1000	208020	208021.994	208	950.011	3	5	1	2	4	35124	0	1000	1676	808	0	3	5	1	2	4	1812	2174	2564	2958	3334	6000	5000	1	1	1	1	1	1
2	36	1	5	1000	213020	213021.997	213	948.012	1	3	2	5	4	13254	0	1000	1724	512	0	1	3	2	5	4	1516	1918	2310	2666	3072	6000	5000	1	1	1	1	1	1
2	37	0	5	1000	218020	218020.009	218	944.013	1	4	5	2	3	14523	0	1000	1664	486	0	1	4	5	2	3	1490	1888	2250	2652	3032	6000	5000	1	1	1	1	1	1
2	38	0	5	1000	223020	223021.996	223	944.029	3	2	4	5	1	32451	0	1000	1748	696	0	3	2	4	5	1	1700	2080	2478	2854	3268	6000	5000	1	1	1	1	1	1
2	39	0	5	1000	228020	228021.968	228	943.979	1	4	5	2	3	14523	0	1000	1642	526	0	1	4	5	2	3	1530	1912	2266	2662	3024	6000	5000	1	1	1	1	1	1
2	40	1	5	1000	233020	233021.971	233	941.983	3	2	4	5	1	32451	0	1000	1608	534	0	3	2	4	5	1	1538	1872	2234	2566	2962	6000	5000	1	1	1	1	1	1
2	41	0	5	1000	238020	238021.965	238	939.977	1	4	5	2	3	14523	0	1000	1704	426	0	1	4	5	2	3	1430	1816	2176	2590	2994	6000	5000	1	1	1	1	1	1
2	42	1	5	1000	243020	243022.014	243	938.046	1	3	2	5	4	13254	0	1000	1792	618	0	1	3	2	5	4	1622	2088	2470	2902	3288	6000	5000	1	1	1	1	1	1
2	43	0	5	1000	248020	248021.97	248	936	1	3	2	5	4	13254	0	1000	1314	978	0	1	3	2	5	4	1982	2284	2632	2900	3190	6000	5000	1	1	1	1	1	1
2	44	1	5	1000	253020	253021.97	253	933.996	1	4	5	2	3	14523	0	1000	1626	492	0	1	4	5	2	3	1496	1900	2226	2592	2982	6000	5000	1	1	1	1	1	1
2	45	0	5	1000	258020	258022.009	258	934.039	3	5	1	2	4	35124	0	1000	1476	504	0	3	5	1	2	4	1508	1806	2166	2514	2856	6000	5000	1	1	1	1	1	1
2	46	1	5	1000	263020	263021.976	263	931.997	3	2	4	5	1	32451	0	1000	1538	438	0	3	2	4	5	1	1442	1754	2100	2434	2798	6000	5000	1	1	1	1	1	1
2	47	1	5	1000	268020	268021.965	268	929.992	1	3	2	5	4	13254	0	1000	1590	510	0	1	3	2	5	4	1514	1880	2242	2582	2964	6000	5000	1	1	1	1	1	1
2	48	1	5	1000	273020	273021.99	273	928.003	1	3	2	5	4	13254	0	1000	1626	458	0	1	3	2	5	4	1462	1832	2214	2574	2964	6000	5000	1	1	1	1	1	1
2	49	1	5	1000	278020	278021.987	278	926.004	3	5	1	2	4	35124	0	1000	1614	518	0	3	5	1	2	4	1522	1876	2280	2632	3014	6000	5000	1	1	1	1	1	1
2	50	0	5	1000	283020	283021.982	283	923.984	3	2	4	5	1	32451	0	1000	1730	412	0	3	2	4	5	1	1416	1776	2178	2536	2930	6000	5000	1	1	1	1	1	1
2	51	0	5	1000	288020	288020.012	288	920.028	3	2	4	5	1	32451	0	16000	1562	598	0	3	2	4	5	1	1602	1932	2324	2640	2984	6000	5000	1	1	1	1	1	1
2	52	0	5	1000	308020	308021.983	308	917.968	3	2	4	5	1	32451	0	1000	1760	772	0	3	2	4	5	1	1776	2158	2580	2966	3384	6000	5000	1	1	1	1	1	1
2	53	0	5	1000	313020	313021.984	313	913.979	1	3	2	5	4	13254	0	1000	1676	440	0	1	3	2	5	4	1444	1792	2154	2508	2956	6000	5000	1	1	1	1	1	1
2	54	0	5	1000	318020	318020.016	318	910	1	4	5	2	3	14523	0	1000	1584	624	0	1	4	5	2	3	1628	1976	2328	2702	3068	6000	5000	1	1	1	1	1	1
2	55	1	5	1000	323020	323021.985	323	912.004	1	4	5	2	3	14523	0	1000	1604	506	0	1	4	5	2	3	1510	1872	2192	2600	2972	6000	5000	1	1	1	1	1	1
2	56	1	5	1000	328020	328021.994	328	909.997	1	3	2	5	4	13254	0	1000	1632	440	0	1	3	2	5	4	1444	1800	2192	2548	2954	6000	5000	1	1	1	1	1	1
2	57	0	5	1000	333020	333021.99	333	907.992	3	5	1	2	4	35124	0	1000	1564	1320	0	3	5	1	2	4	2324	2722	3078	3418	3750	6000	5000	1	1	1	1	1	1
2	58	1	5	1000	338020	338021.987	338	906.019	3	5	1	2	4	35124	0	1000	1612	658	0	3	5	1	2	4	1662	1992	2366	2820	3172	6000	5000	1	1	1	1	1	1
2	59	1	5	1000	343020	343022.008	343	903.989	3	5	1	2	4	35124	0	1000	1584	544	0	3	5	1	2	4	1548	1888	2236	2584	3008	6000	5000	1	1	1	1	1	1
2	60	1	5	1000	348020	348021.99	348	901.979	1	3	2	5	4	13254	0	1000	1608	432	0	1	3	2	5	4	1436	1798	2156	2490	2894	6000	5000	1	1	1	1	1	1
2	61	0	5	1000	353020	353020.016	353	898.029	3	2	4	5	1	32451	0	1000	1700	518	0	3	2	4	5	1	1522	1872	2256	2612	3012	6000	5000	1	1	1	1	1	1
2	62	1	5	1000	358020	358022.012	358	900.045	3	5	1	2	4	35124	0	1000	1592	456	0	3	5	1	2	4	1460	1764	2148	2542	2898	6000	5000	1	1	1	1	1	1
2	63	0	5	1000	363020	363022.004	363	898.019	3	5	1	2	4	35124	0	1000	1576	374	0	3	5	1	2	4	1378	1668	2024	2410	2798	6000	5000	1	1	1	1	1	1
2	64	0	5	1000	368020	368021.989	368	896.002	3	5	1	2	4	35124	0	1000	1550	520	0	3	5	1	2	4	1524	1840	2202	2562	2928	6000	5000	1	1	1	1	1	1
2	65	0	5	1000	373020	373021.983	373	893.998	1	3	2	5	4	13254	0	1000	1602	552	0	1	3	2	5	4	1556	1926	2316	2640	3050	6000	5000	1	1	1	1	1	1
2	66	0	5	1000	378020	378021.995	378	892.004	1	3	2	5	4	13254	0	1000	1618	398	0	1	3	2	5	4	1402	1792	2168	2518	2902	6000	5000	1	1	1	1	1	1
2	67	0	5	1000	383020	383021.975	383	889.976	3	2	4	5	1	32451	0	1000	1556	360	0	3	2	4	5	1	1364	1678	2038	2370	2732	6000	5000	1	1	1	1	1	1
2	68	0	5	1000	388020	388021.989	388	890.022	3	5	1	2	4	35124	0	16000	1470	356	0	3	5	1	2	4	1360	1658	2008	2374	2706	6000	5000	1	1	1	1	1	1
3	1	0	5	1000	8020	8020.003	9	15.987	3	2	4	5	1	32451	0	1000	1842	764	0	3	2	4	5	1	1768	2174	2612	2992	3398	6000	5000	1	1	1	1	1	1
3	2	1	5	1000	13020	13021.982	14	15.995	3	2	4	5	1	32451	0	1000	1782	620	0	3	2	4	5	1	1624	2024	2438	2812	3208	6000	5000	1	1	1	1	1	1
3	3	1	5	1000	18020	18020.003	19	11.995	1	3	2	5	4	13254	0	1000	1676	504	0	1	3	2	5	4	1508	1896	2264	2628	3040	6000	5000	1	1	1	1	1	1
3	4	1	5	1000	23020	23020.021	24	10.021	3	2	4	5	1	32451	0	1000	1602	506	0	3	2	4	5	1	1510	1828	2198	2536	2918	6000	5000	1	1	1	1	1	1
3	5	0	5	1000	28020	28020.027	29	8.023	3	2	4	5	1	32451	0	1000	1688	682	0	3	2	4	5	1	1686	2042	2446	2794	3206	6000	5000	1	1	1	1	1	1
3	6	1	5	1000	33020	33021.985	34	7.982	3	5	1	2	4	35124	0	1000	1618	470	0	3	5	1	2	4	1474	1786	2140	2550	2948	6000	5000	1	1	1	1	1	1
3	7	1	5	1000	38020	38021.992	39	5.987	3	5	1	2	4	35124	0	1000	1588	942	0	3	5	1	2	4	1946	2320	2650	3004	3382	6000	5000	1	1	1	1	1	1
3	8	0	5	1000	43020	43020.002	44	4.002	1	4	5	2	3	14523	0	1000	1724	688	0	1	4	5	2	3	1692	2098	2460	2862	3266	6000	5000	1	1	1	1	1	1
3	9	0	5	1000	48020	48020.001	49	1.983	3	5	1	2	4	35124	0	1000	1520	704	0	3	5	1	2	4	1708	2018	2384	2736	3134	6000	5000	1	1	1	1	1	1
3	10	1	5	1000	53020	53020.003	54	0	3	2	4	5	1	32451	0	1000	1996	452	0	3	2	4	5	1	1456	1790	2536	2914	3246	6000	5000	1	1	1	1	1	1
3	11	1	5	1000	58020	58020.001	58	998.019	3	2	4	5	1	32451	0	1000	1682	496	0	3	2	4	5	1	1500	1834	2254	2600	2996	6000	5000	1	1	1	1	1	1
3	12	1	5	1000	63020	63020	63	996.01	1	4	5	2	3	14523	0	1000	1568	472	0	1	4	5	2	3	1476	1862	2204	2554	2914	6000	5000	1	1	1	1	1	1
3	13	1	5	1000	68020	68020.011	68	995.982	3	2	4	5	1	32451	0	1000	1658	368	0	3	2	4	5	1	1372	1686	2082	2434	2836	6000	5000	1	1	1	1	1	1
3	14	1	5	1000	73020	73020.002	73	993.967	3	5	1	2	4	35124	0	1000	1616	400	0	3	5	1	2	4	1404	1738	2136	2492	2882	6000	5000	1	1	1	1	1	1
3	15	1	5	1000	78020	78021.978	78	993.955	1	4	5	2	3	14523	0	1000	1634	430	0	1	4	5	2	3	1434	1788	2130	2522	2916	6000	5000	1	1	1	1	1	1
3	16	0	5	1000	83020	83020.021	83	990.042	1	3	2	5	4	13254	0	1000	1616	542	0	1	3	2	5	4	1546	1906	2276	2630	3048	6000	5000	1	1	1	1	1	1
3	17	1	5	1000	88020	88020.022	88	988	3	5	1	2	4	35124	0	16000	1704	458	0	3	5	1	2	4	1462	1794	2200	2600	3002	6000	5000	1	1	1	1	1	1
3	18	1	5	1000	108020	108020.001	108	981.976	3	5	1	2	4	35124	0	1000	1708	774	0	3	5	1	2	4	1778	2136	2540	2934	3348	6000	5000	1	1	1	1	1	1
3	19	1	5	1000	113020	113022.002	113	982.001	1	3	2	5	4	13254	0	1000	1792	568	0	1	3	2	5	4	1572	1972	2372	2732	3178	6000	5000	1	1	1	1	1	1
3	20	0	5	1000	118020	118020.079	118	978.066	3	5	1	2	4	35124	0	1000	1632	540	0	3	5	1	2	4	1544	1880	2242	2658	3050	6000	5000	1	1	1	1	1	1
3	21	0	5	1000	123020	123021.978	123	977.954	3	5	1	2	4	35124	0	1000	1740	638	0	3	5	1	2	4	1642	1996	2390	2812	3266	6000	5000	1	1	1	1	1	1
3	22	1	5	1000	128020	128020.011	128	974.011	1	4	5	2	3	14523	0	1000	1778	470	0	1	4	5	2	3	1474	1888	2258	2660	3076	6000	5000	1	1	1	1	1	1
3	23	1	5	1000	133020	133020.002	133	973.993	1	4	5	2	3	14523	0	1000	1770	498	0	1	4	5	2	3	1502	1916	2282	2690	3098	6000	5000	1	1	1	1	1	1
3	24	0	5	1000	138020	138020.003	138	971.978	3	2	4	5	1	32451	0	1000	1726	682	0	3	2	4	5	1	1686	2054	2452	2830	3222	6000	5000	1	1	1	1	1	1
3	25	0	5	1000	143020	143020.025	143	969.998	3	5	1	2	4	35124	0	1000	1656	478	0	3	5	1	2	4	1482	1824	2186	2584	3026	6000	5000	1	1	1	1	1	1
3	26	0	5	1000	148020	148020.043	148	967.989	1	4	5	2	3	14523	0	1000	1634	514	0	1	4	5	2	3	1518	1884	2240	2622	2994	6000	5000	1	1	1	1	1	1
3	27	0	5	1000	153020	153020.011	153	965.988	1	4	5	2	3	14523	0	1000	1722	496	0	1	4	5	2	3	1500	1892	2266	2654	3066	6000	5000	1	1	1	1	1	1
3	28	1	5	1000	158020	158022.011	158	965.979	3	2	4	5	1	32451	0	1000	2104	540	0	3	2	4	5	1	1544	1886	2664	3068	3404	6000	5000	1	1	1	1	1	1
3	29	0	5	1000	163020	163022.004	163	963.984	1	4	5	2	3	14523	0	1000	1720	372	0	1	4	5	2	3	1376	1778	2148	2536	2932	6000	5000	1	1	1	1	1	1
3	30	1	5	1000	168020	168020.002	168	962.002	3	5	1	2	4	35124	0	1000	1656	580	0	3	5	1	2	4	1584	1948	2312	2700	3080	6000	5000	1	1	1	1	1	1
3	31	0	5	1000	173020	173022.002	173	961.994	3	5	1	2	4	35124	0	1000	1794	496	0	3	5	1	2	4	1500	1822	2234	2670	3124	6000	5000	1	1	1	1	1	1
3	32	1	5	1000	178020	178021.999	178	959.989	3	5	1	2	4	35124	0	1000	1626	550	0	3	5	1	2	4	1554	1900	2274	2628	3038	6000	5000	1	1	1	1	1	1
3	33	0	5	1000	183020	183020.026	183	956.025	3	2	4	5	1	32451	0	1000	1784	630	0	3	2	4	5	1	1634	2012	2418	2812	3210	6000	5000	1	1	1	1	1	1
3	34	0	5	1000	188020	188020.01	188	953.987	1	3	2	5	4	13254	0	16000	1684	522	0	1	3	2	5	4	1526	1932	2300	2662	3056	6000	5000	1	1	1	1	1	1
3	35	0	5	1000	208020	208020.021	208	948.009	1	3	2	5	4	13254	0	1000	1606	804	0	1	3	2	5	4	1808	2188	2552	2922	3324	6000	5000	1	1	1	1	1	1
3	36	1	5	1000	213020	213022.003	213	948.003	3	2	4	5	1	32451	0	1000	1804	734	0	3	2	4	5	1	1738	2154	2580	2954	3352	6000	5000	1	1	1	1	1	1
3	37	0	5	1000	218020	218020	218	943.99	1	3	2	5	4	13254	0	1000	1746	626	0	1	3	2	5	4	1630	2022	2406	2776	3168	6000	5000	1	1	1	1	1	1
3	38	0	5	1000	223020	223020.011	223	941.988	3	2	4	5	1	32451	0	1000	1798	632	0	3	2	4	5	1	1636	1974	2380	2772	3160	6000	5000	1	1	1	1	1	1
3	39	1	5	1000	228020	228020.008	228	940.006	1	4	5	2	3	14523	0	1000	1868	460	0	1	4	5	2	3	1464	1862	2230	2660	3102	6000	5000	1	1	1	1	1	1
3	40	0	5	1000	233020	233021.989	233	942.009	1	4	5	2	3	14523	0	1000	1764	432	0	1	4	5	2	3	1436	1832	2224	2636	3032	6000	5000	1	1	1	1	1	1
3	41	1	5	1000	238020	238020.003	238	938.014	1	3	2	5	4	13254	0	1000	1738	486	0	1	3	2	5	4	1490	1918	2302	2656	3098	6000	5000	1	1	1	1	1	1
3	42	0	5	1000	243020	243021.986	243	938.017	1	4	5	2	3	14523	0	1000	1650	478	0	1	4	5	2	3	1482	1864	2248	2616	2992	6000	5000	1	1	1	1	1	1
3	43	0	5	1000	248020	248021.992	248	936.011	3	2	4	5	1	32451	0	1000	1700	728	0	3	2	4	5	1	1732	2108	2538	2894	3262	6000	5000	1	1	1	1	1	1
3	44	0	5	1000	253020	253021.993	253	934.019	1	4	5	2	3	14523	0	1000	1690	642	0	1	4	5	2	3	1646	2038	2418	2820	3204	6000	5000	1	1	1	1	1	1
3	45	1	5	1000	258020	258021.975	258	931.998	1	4	5	2	3	14523	0	1000	1592	582	0	1	4	5	2	3	1586	1954	2302	2670	3030	6000	5000	1	1	1	1	1	1
3	46	1	5	1000	263020	263021.976	263	929.998	1	3	2	5	4	13254	0	1000	1712	568	0	1	3	2	5	4	1572	1952	2336	2694	3134	6000	5000	1	1	1	1	1	1
3	47	0	5	1000	268020	268021.988	268	930.013	3	2	4	5	1	32451	0	1000	1750	536	0	3	2	4	5	1	1540	1918	2366	2714	3094	6000	5000	1	1	1	1	1	1
3	48	0	5	1000	273020	273021.99	273	927.943	3	2	4	5	1	32451	0	1000	1682	506	0	3	2	4	5	1	1510	1872	2280	2632	2994	6000	5000	1	1	1	1	1	1
3	49	1	5	1000	278020	278020.029	278	924.056	1	3	2	5	4	13254	0	1000	1638	522	0	1	3	2	5	4	1526	1912	2284	2618	3044	6000	5000	1	1	1	1	1	1
3	50	1	5	1000	283020	283021.996	283	923.953	1	3	2	5	4	13254	0	1000	1734	562	0	1	3	2	5	4	1566	1918	2340	2704	3158	6000	5000	1	1	1	1	1	1
3	51	0	5	1000	288020	288021.998	288	921.99	1	3	2	5	4	13254	0	16000	1532	702	0	1	3	2	5	4	1706	2044	2404	2744	3126	6000	5000	1	1	1	1	1	1
3	52	0	5	1000	308020	308021.991	308	916.005	1	3	2	5	4	13254	0	1000	1752	802	0	1	3	2	5	4	1806	2190	2578	2958	3436	6000	5000	1	1	1	1	1	1
3	53	0	5	1000	313020	313022.012	313	913.999	3	5	1	2	4	35124	0	1000	1608	702	0	3	5	1	2	4	1706	2048	2416	2782	3172	6000	5000	1	1	1	1	1	1
3	54	0	5	1000	318020	318021.99	318	912.001	1	3	2	5	4	13254	0	1000	1686	506	0	1	3	2	5	4	1510	1888	2256	2654	3052	6000	5000	1	1	1	1	1	1
3	55	0	5	1000	323020	323020.002	323	908.003	1	3	2	5	4	13254	0	1000	1638	552	0	1	3	2	5	4	1556	1902	2250	2626	3042	6000	5000	1	1	1	1	1	1
3	56	0	5	1000	328020	328021.989	328	908.012	1	4	5	2	3	14523	0	1000	1766	514	0	1	4	5	2	3	1518	1936	2300	2708	3102	6000	5000	1	1	1	1	1	1
3	57	0	5	1000	333020	333020.018	333	906.018	1	3	2	5	4	13254	0	1000	1588	488	0	1	3	2	5	4	1492	1848	2220	2572	2972	6000	5000	1	1	1	1	1	1
3	58	1	5	1000	338020	338021.993	338	906.003	1	4	5	2	3	14523	0	1000	1572	406	0	1	4	5	2	3	1410	1762	2108	2466	2858	6000	5000	1	1	1	1	1	1
3	59	0	5	1000	343020	343022.081	343	904.089	3	5	1	2	4	35124	0	1000	1590	614	0	3	5	1	2	4	1618	1980	2344	2722	3110	6000	5000	1	1	1	1	1	1
3	60	1	5	1000	348020	348022.018	348	902.022	1	3	2	5	4	13254	0	1000	2064	388	0	1	3	2	5	4	1392	1728	2104	2434	3212	6000	5000	1	1	1	1	1	1
3	61	1	5	1000	353020	353021.989	353	900.003	3	5	1	2	4	35124	0	1000	1636	616	0	3	5	1	2	4	1620	1946	2308	2682	3096	6000	5000	1	1	1	1	1	1
3	62	0	5	1000	358020	358021.992	358	898.004	1	3	2	5	4	13254	0	1000	1580	368	0	1	3	2	5	4	1372	1726	2084	2422	2834	6000	5000	1	1	1	1	1	1
3	63	1	5	1000	363020	363021.969	363	897.948	1	3	2	5	4	13254	0	1000	1588	434	0	1	3	2	5	4	1438	1782	2154	2506	2906	6000	5000	1	1	1	1	1	1
3	64	1	5	1000	368020	368020	368	894.01	1	4	5	2	3	14523	0	1000	1584	366	0	1	4	5	2	3	1370	1712	2048	2432	2808	6000	5000	1	1	1	1	1	1
3	65	1	5	1000	373020	373021.996	373	894.008	3	5	1	2	4	35124	0	1000	1586	572	0	3	5	1	2	4	1576	1908	2282	2642	3038	6000	5000	1	1	1	1	1	1
3	66	1	5	1000	378020	378020.002	378	890.006	3	2	4	5	1	32451	0	1000	1612	482	0	3	2	4	5	1	1486	1816	2218	2528	2906	6000	5000	1	1	1	1	1	1
3	67	0	5	1000	383020	383020.017	383	888.015	3	5	1	2	4	35124	0	1000	1552	604	0	3	5	1	2	4	1608	1934	2276	2634	3036	6000	5000	1	1	1	1	1	1
3	68	0	5	1000	388020	388021.971	388	887.978	3	2	4	5	1	32451	0	16000	1564	624	0	3	2	4	5	1	1628	1966	2336	2660	3012	6000	5000	1	1	1	1	1	1
4	1	0	5	1000	8020	8021.995	9	16.014	1	3	2	5	4	13254	0	1000	1752	540	0	1	3	2	5	4	1544	1950	2338	2716	3132	6000	5000	1	1	1	1	1	1
4	2	0	5	1000	13020	13021.994	14	13.992	1	4	5	2	3	14523	0	1000	1716	680	0	1	4	5	2	3	1684	2076	2446	2860	3242	6000	5000	1	1	1	1	1	1
4	3	1	5	1000	18020	18022.002	19	12.012	3	5	1	2	4	35124	0	1000	1550	552	0	3	5	1	2	4	1556	1892	2268	2618	2998	6000	5000	1	1	1	1	1	1
4	4	0	5	1000	23020	23022.002	24	11.883	1	4	5	2	3	14523	0	1000	1588	440	0	1	4	5	2	3	1444	1820	2148	2518	2894	6000	5000	1	1	1	1	1	1
4	5	0	5	1000	28020	28021.981	29	9.999	1	4	5	2	3	14523	0	1000	1664	422	0	1	4	5	2	3	1426	1800	2146	2550	2934	6000	5000	1	1	1	1	1	1
4	6	1	5	1000	33020	33021.981	34	8.012	1	4	5	2	3	14523	0	1000	1894	480	0	1	4	5	2	3	1484	2190	2556	2876	3204	6000	5000	1	1	1	1	1	1
4	7	1	5	1000	38020	38020.006	39	4.016	3	5	1	2	4	35124	0	1000	1932	452	0	3	5	1	2	4	1456	1746	2106	2456	3130	6000	5000	1	1	1	1	1	1
4	8	0	5	1000	43020	43020.012	44	2.013	3	2	4	5	1	32451	0	1000	1576	626	0	3	2	4	5	1	1630	1964	2328	2654	3012	6000	5000	1	1	1	1	1	1
4	9	0	5	1000	48020	48022.004	49	2.006	3	2	4	5	1	32451	0	1000	1588	464	0	3	2	4	5	1	1468	1790	2176	2504	2892	6000	5000	1	1	1	1	1	1
4	10	1	5	1000	53020	53021.997	54	2.029	3	2	4	5	1	32451	0	1000	1586	812	0	3	2	4	5	1	1816	2154	2544	2870	3246	6000	5000	1	1	1	1	1	1
4	11	0	5	1000	58020	58021.994	59	0	1	3	2	5	4	13254	0	1000	1598	588	0	1	3	2	5	4	1592	1950	2310	2648	3068	6000	5000	1	1	1	1	1	1
4	12	1	5	1000	63020	63021.993	63	998.012	1	3	2	5	4	13254	0	1000	1680	598	0	1	3	2	5	4	1602	1966	2344	2704	3130	6000	5000	1	1	1	1	1	1
4	13	0	5	1000	68020	68021.991	68	996.033	1	4	5	2	3	14523	0	1000	1746	394	0	1	4	5	2	3	1398	1836	2214	2622	2994	6000	5000	1	1	1	1	1	1
4	14	0	5	1000	73020	73022.068	73	994.089	3	2	4	5	1	32451	0	1000	1570	642	0	3	2	4	5	1	1646	1986	2404	2714	3086	6000	5000	1	1	1	1	1	1
4	15	1	5	1000	78020	78021.995	78	992.012	3	5	1	2	4	35124	0	1000	1486	452	0	3	5	1	2	4	1456	1780	2142	2484	2818	6000	5000	1	1	1	1	1	1
4	16	0	5	1000	83020	83020.002	83	990.021	3	5	1	2	4	35124	0	1000	1536	546	0	3	5	1	2	4	1550	1900	2280	2622	2986	6000	5000	1	1	1	1	1	1
4	17	0	5	1000	88020	88021.981	88	990.014	1	4	5	2	3	14523	0	16000	1614	804	0	1	4	5	2	3	1808	2196	2532	2916	3326	6000	5000	1	1	1	1	1	1
4	18	0	5	1000	108020	108021.996	108	981.992	1	4	5	2	3	14523	0	1000	1848	1110	0	1	4	5	2	3	2114	2820	3156	3490	3800	6000	5000	1	1	1	1	1	1
4	19	0	5	1000	113020	113021.996	113	982.005	1	3	2	5	4	13254	0	1000	1426	566	0	1	3	2	5	4	1570	1894	2206	2502	2846	6000	5000	1	1	1	1	1	1
4	20	0	5	1000	118020	118021.992	118	979.984	1	3	2	5	4	13254	0	1000	1566	476	0	1	3	2	5	4	1480	1928	2242	2568	2908	6000	5000	1	1	1	1	1	1
4	21	1	5	1000	123020	123021.981	123	977.975	1	4	5	2	3	14523	0	1000	1488	398	0	1	4	5	2	3	1402	1748	2062	2404	2742	6000	5000	1	1	1	1	1	1
4	22	0	5	1000	128020	128020.004	128	974.024	1	3	2	5	4	13254	0	1000	1496	576	0	1	3	2	5	4	1580	1926	2264	2552	2926	6000	5000	1	1	1	1	1	1
4	23	1	5	1000	133020	133021.992	133	973.987	3	5	1	2	4	35124	0	1000	1408	512	0	3	5	1	2	4	1516	1818	2142	2468	2808	6000	5000	1	1	1	1	1	1
4	24	1	5	1000	138020	138020.012	138	970.022	1	4	5	2	3	14523	0	1000	1478	470	0	1	4	5	2	3	1474	1838	2136	2478	2822	6000	5000	1	1	1	1	1	1
4	25	1	5	1000	143020	143021.967	143	969.986	3	2	4	5	1	32451	0	1000	1742	612	0	3	2	4	5	1	1616	1918	2608	2902	3184	6000	5000	1	1	1	1	1	1
4	26	0	5	1000	148020	148020.015	148	968.034	3	5	1	2	4	35124	0	1000	1376	606	0	3	5	1	2	4	1610	1902	2214	2536	2868	6000	5000	1	1	1	1	1	1
4	27	1	5	1000	153020	153022.042	153	968.039	3	2	4	5	1	32451	0	1000	1520	618	0	3	2	4	5	1	1622	1960	2320	2622	2978	6000	5000	1	1	1	1	1	1
4	28	0	5	1000	158020	158020.01	158	964.007	1	4	5	2	3	14523	0	1000	1576	554	0	1	4	5	2	3	1558	1922	2252	2604	2980	6000	5000	1	1	1	1	1	1
4	29	1	5	1000	163020	163022.003	163	964	3	2	4	5	1	32451	0	1000	1522	572	0	3	2	4	5	1	1576	1886	2248	2562	2938	6000	5000	1	1	1	1	1	1
4	30	0	5	1000	168020	168021.995	168	962.013	3	2	4	5	1	32451	0	1000	1488	622	0	3	2	4	5	1	1626	1948	2298	2604	2952	6000	5000	1	1	1	1	1	1
4	31	0	5	1000	173020	173020.038	173	958.036	1	4	5	2	3	14523	0	1000	1418	566	0	1	4	5	2	3	1570	1886	2182	2506	2864	6000	5000	1	1	1	1	1	1
4	32	1	5	1000	178020	178021.967	178	959.971	1	3	2	5	4	13254	0	1000	1552	534	0	1	3	2	5	4	1538	1906	2230	2566	2944	6000	5000	1	1	1	1	1	1
4	33	1	5	1000	183020	183021.982	183	957.987	1	4	5	2	3	14523	0	1000	1424	564	0	1	4	5	2	3	1568	1914	2212	2540	2880	6000	5000	1	1	1	1	1	1
4	34	0	5	1000	188020	188021.981	188	955.978	1	4	5	2	3	14523	0	16000	1422	400	0	1	4	5	2	3	1404	1734	2038	2378	2714	6000	5000	1	1	1	1	1	1
4	35	0	5	1000	208020	208021.991	208	949.897	1	4	5	2	3	14523	0	1000	1708	788	0	1	4	5	2	3	1792	2476	2792	3086	3352	6000	5000	1	1	1	1	1	1
4	36	0	5	1000	213020	213022.004	213	947.939	3	5	1	2	4	35124	0	1000	1472	766	0	3	5	1	2	4	1770	2060	2398	2730	3094	6000	5000	1	1	1	1	1	1
4	37	0	5	1000	218020	218021.984	218	945.994	3	5	1	2	4	35124	0	1000	1446	710	0	3	5	1	2	4	1714	2008	2324	2660	2974	6000	5000	1	1	1	1	1	1
4	38	0	5	1000	223020	223022.001	223	943.996	3	2	4	5	1	32451	0	1000	1518	686	0	3	2	4	5	1	1690	1998	2350	2668	2986	6000	5000	1	1	1	1	1	1
4	39	1	5	1000	228020	228021.968	228	941.996	1	4	5	2	3	14523	0	1000	1350	492	0	1	4	5	2	3	1496	1794	2072	2396	2712	6000	5000	1	1	1	1	1	1
4	40	0	5	1000	233020	233021.97	233	939.998	3	5	1	2	4	35124	0	1000	1336	576	0	3	5	1	2	4	1580	1862	2162	2458	2778	6000	5000	1	1	1	1	1	1
4	41	1	5	1000	238020	238021.958	238	938.001	1	4	5	2	3	14523	0	1000	1414	472	0	1	4	5	2	3	1476	1802	2086	2424	2762	6000	5000	1	1	1	1	1	1
4	42	1	5	1000	243020	243021.958	243	937.976	1	3	2	5	4	13254	0	1000	1492	418	0	1	3	2	5	4	1422	1742	2076	2410	2766	6000	5000	1	1	1	1	1	1
4	43	1	5	1000	248020	248021.953	248	935.996	3	5	1	2	4	35124	0	1000	1420	550	0	3	5	1	2	4	1554	1860	2176	2510	2852	6000	5000	1	1	1	1	1	1
4	44	1	5	1000	253020	253021.953	253	933.998	1	3	2	5	4	13254	0	1000	1452	608	0	1	3	2	5	4	1612	1956	2266	2580	2928	6000	5000	1	1	1	1	1	1
4	45	0	5	1000	258020	258021.952	258	931.995	3	2	4	5	1	32451	0	1000	1498	536	0	3	2	4	5	1	1540	1848	2196	2506	2862	6000	5000	1	1	1	1	1	1
4	46	1	5	1000	263020	263021.952	263	929.998	1	3	2	5	4	13254	0	1000	1462	526	0	1	3	2	5	4	1530	1888	2188	2480	2814	6000	5000	1	1	1	1	1	1
4	47	0	5	1000	268020	268021.995	268	928.029	1	3	2	5	4	13254	0	1000	1476	520	0	1	3	2	5	4	1524	1864	2202	2512	2848	6000	5000	1	1	1	1	1	1
4	48	0	5	1000	273020	273021.97	273	926.02	3	5	1	2	4	35124	0	1000	1442	502	0	3	5	1	2	4	1506	1802	2122	2460	2780	6000	5000	1	1	1	1	1	1
4	49	1	5	1000	278020	278021.989	278	926.013	3	5	1	2	4	35124	0	1000	1442	424	0	3	5	1	2	4	1428	1714	2034	2372	2710	6000	5000	1	1	1	1	1	1
4	50	1	5	1000	283020	283021.985	283	924.006	3	2	4	5	1	32451	0	1000	1592	494	0	3	2	4	5	1	1498	1852	2276	2594	2922	6000	5000	1	1	1	1	1	1
4	51	1	5	1000	288020	288021.998	288	922.005	1	4	5	2	3	14523	0	16000	1508	364	0	1	4	5	2	3	1368	1700	2022	2378	2724	6000	5000	1	1	1	1	1	1
4	52	1	5	1000	308020	308021.968	308	915.997	1	4	5	2	3	14523	0	1000	1324	878	0	1	4	5	2	3	1882	2210	2480	2786	3074	6000	5000	1	1	1	1	1	1
4	53	1	5	1000	313020	313021.999	313	914.028	1	4	5	2	3	14523	0	1000	1388	628	0	1	4	5	2	3	1632	1964	2236	2556	2900	6000	5000	1	1	1	1	1	1
4	54	0	5	1000	318020	318021.971	318	911.988	3	2	4	5	1	32451	0	1000	1466	710	0	3	2	4	5	1	1714	2004	2358	2666	2988	6000	5000	1	1	1	1	1	1
4	55	0	5	1000	323020	323021.982	323	910.013	1	3	2	5	4	13254	0	1000	1406	646	0	1	3	2	5	4	1650	1960	2252	2562	2896	6000	5000	1	1	1	1	1	1
4	56	0	5	1000	328020	328021.984	328	908.018	3	2	4	5	1	32451	0	1000	1484	600	0	3	2	4	5	1	1604	1904	2244	2572	2908	6000	5000	1	1	1	1	1	1
4	57	0	5	1000	333020	333021.981	333	906.009	3	5	1	2	4	35124	0	1000	1336	582	0	3	5	1	2	4	1586	1842	2148	2470	2832	6000	5000	1	1	1	1	1	1
4	58	1	5	1000	338020	338021.977	338	904.005	1	3	2	5	4	13254	0	1000	1452	556	0	1	3	2	5	4	1560	2026	2340	2612	2922	6000	5000	1	1	1	1	1	1
4	59	1	5	1000	343020	343022	343	904.05	1	3	2	5	4	13254	0	1000	1370	352	0	1	3	2	5	4	1356	1710	2008	2276	2584	6000	5000	1	1	1	1	1	1
4	60	1	5	1000	348020	348021.981	348	902.017	3	2	4	5	1	32451	0	1000	1350	520	0	3	2	4	5	1	1524	1822	2158	2442	2736	6000	5000	1	1	1	1	1	1
4	61	1	5	1000	353020	353021.964	353	899.996	3	5	1	2	4	35124	0	1000	1718	488	0	3	5	1	2	4	1492	1766	2076	2674	3010	6000	5000	1	1	1	1	1	1
4	62	1	5	1000	358020	358021.973	358	898.005	3	5	1	2	4	35124	0	1000	1286	460	0	3	5	1	2	4	1464	1732	2042	2356	2634	6000	5000	1	1	1	1	1	1
4	63	0	5	1000	363020	363021.982	363	896.013	1	3	2	5	4	13254	0	1000	1396	368	0	1	3	2	5	4	1372	1702	2004	2296	2616	6000	5000	1	1	1	1	1	1
4	64	1	5	1000	368020	368021.97	368	893.985	3	2	4	5	1	32451	0	1000	1416	432	0	3	2	4	5	1	1436	1744	2064	2374	2694	6000	5000	1	1	1	1	1	1
4	65	1	5	1000	373020	373021.969	373	893.999	3	2	4	5	1	32451	0	1000	1400	350	0	3	2	4	5	1	1354	1620	1954	2266	2600	6000	5000	1	1	1	1	1	1
4	66	1	5	1000	378020	378021.97	378	891.981	1	3	2	5	4	13254	0	1000	1388	466	0	1	3	2	5	4	1470	1782	2100	2402	2712	6000	5000	1	1	1	1	1	1
4	67	0	5	1000	383020	383021.971	383	890.019	3	5	1	2	4	35124	0	1000	1734	562	0	3	5	1	2	4	1566	1880	2198	2796	3128	6000	5000	1	1	1	1	1	1
4	68	0	5	1000	388020	388021.978	388	888.002	1	3	2	5	4	13254	0	16000	1412	442	0	1	3	2	5	4	1446	1772	2070	2354	2690	6000	5000	1	1	1	1	1	1
5	1	1	5	1000	8020	8020.009	9	16.005	3	5	1	2	4	35124	0	1000	1600	652	0	3	5	1	2	4	1656	2064	2410	2742	3108	6000	5000	1	1	1	1	1	1
5	2	1	5	1000	13020	13020.004	14	13.988	1	4	5	2	3	14523	0	1000	1512	474	0	1	4	5	2	3	1478	1866	2188	2508	2842	6000	5000	1	1	1	1	1	1
5	3	0	5	1000	18020	18020.029	19	11.999	3	2	4	5	1	32451	0	1000	1476	512	0	3	2	4	5	1	1516	1810	2160	2472	2822	6000	5000	1	1	1	1	1	1
5	4	0	5	1000	23020	23020.041	24	10.012	1	3	2	5	4	13254	0	1000	1472	510	0	1	3	2	5	4	1514	1852	2158	2448	2800	6000	5000	1	1	1	1	1	1
5	5	0	5	1000	28020	28020.015	29	7.996	1	3	2	5	4	13254	0	1000	1558	470	0	1	3	2	5	4	1474	1812	2164	2482	2850	6000	5000	1	1	1	1	1	1
5	6	1	5	1000	33020	33020.007	34	6.018	1	4	5	2	3	14523	0	1000	1462	452	0	1	4	5	2	3	1456	1764	2068	2412	2760	6000	5000	1	1	1	1	1	1
5	7	1	5	1000	38020	38020.029	39	5.993	1	4	5	2	3	14523	0	1000	1396	452	0	1	4	5	2	3	1456	1758	2064	2384	2734	6000	5000	1	1	1	1	1	1
5	8	0	5	1000	43020	43022.007	44	5.995	3	5	1	2	4	35124	0	1000	1316	792	0	3	5	1	2	4	1796	2072	2374	2682	2998	6000	5000	1	1	1	1	1	1
5	9	0	5	1000	48020	48020.006	49	1.998	3	5	1	2	4	35124	0	1000	1348	672	0	3	5	1	2	4	1676	1950	2274	2606	2912	6000	5000	1	1	1	1	1	1
5	10	1	5	1000	53020	53020.005	54	0	1	3	2	5	4	13254	0	1000	1458	422	0	1	3	2	5	4	1426	1742	2082	2414	2778	6000	5000	1	1	1	1	1	1
5	11	0	5	1000	58020	58022.004	59	0	1	4	5	2	3	14523	0	1000	1542	458	0	1	4	5	2	3	1462	1804	2158	2522	2914	6000	5000	1	1	1	1	1	1
5	12	0	5	1000	63020	63020.018	63	995.986	1	4	5	2	3	14523	0	1000	1480	486	0	1	4	5	2	3	1490	1822	2154	2496	2868	6000	5000	1	1	1	1	1	1
5	13	0	5	1000	68020	68020.005	68	995.988	3	5	1	2	4	35124	0	1000	1426	604	0	3	5	1	2	4	1608	1888	2230	2566	2890	6000	5000	1	1	1	1	1	1
5	14	1	5	1000	73020	73020.03	73	994.05	3	5	1	2	4	35124	0	1000	1378	566	0	3	5	1	2	4	1570	1874	2200	2530	2826	6000	5000	1	1	1	1	1	1
5	15	1	5	1000	78020	78020.007	78	991.989	1	3	2	5	4	13254	0	1000	1436	448	0	1	3	2	5	4	1452	1778	2108	2376	2730	6000	5000	1	1	1	1	1	1
5	16	1	5	1000	83020	83020.025	83	990.007	3	2	4	5	1	32451	0	1000	1360	694	0	3	2	4	5	1	1698	1984	2324	2622	2918	6000	5000	1	1	1	1	1	1
5	17	0	5	1000	88020	88020.032	88	987.999	3	2	4	5	1	32451	0	16000	1436	694	0	3	2	4	5	1	1698	2002	2348	2660	2990	6000	5000	1	1	1	1	1	1
5	18	0	5	1000	108020	108022.008	108	984.005	3	2	4	5	1	32451	0	1000	1522	652	0	3	2	4	5	1	1656	1988	2368	2676	3004	6000	5000	1	1	1	1	1	1
5	19	1	5	1000	113020	113020.023	113	980.001	3	2	4	5	1	32451	0	1000	1556	756	0	3	2	4	5	1	1760	2074	2442	2780	3120	6000	5000	1	1	1	1	1	1
5	20	1	5	1000	118020	118020.032	118	978.024	3	5	1	2	4	35124	0	1000	1404	900	0	3	5	1	2	4	1904	2216	2526	2842	3178	6000	5000	1	1	1	1	1	1
5	21	0	5	1000	123020	123020.006	123	977.99	1	3	2	5	4	13254	0	1000	1470	660	0	1	3	2	5	4	1664	1970	2298	2644	3004	6000	5000	1	1	1	1	1	1
5	22	1	5	1000	128020	128020.018	128	975.995	3	2	4	5	1	32451	0	1000	1448	556	0	3	2	4	5	1	1560	1874	2226	2548	2872	6000	5000	1	1	1	1	1	1
5	23	0	5	1000	133020	133020.005	133	973.985	3	5	1	2	4	35124	0	1000	1398	616	0	3	5	1	2	4	1620	1938	2252	2562	2892	6000	5000	1	1	1	1	1	1
5	24	0	5	1000	138020	138020.005	138	972.002	3	2	4	5	1	32451	0	1000	1500	756	0	3	2	4	5	1	1760	2078	2436	2774	3166	6000	5000	1	1	1	1	1	1
5	25	0	5	1000	143020	143020.005	143	969.998	1	4	5	2	3	14523	0	1000	1886	612	0	1	4	5	2	3	1616	1970	2314	2652	3362	6000	5000	1	1	1	1	1	1
5	26	1	5	1000	148020	148020.007	148	967.905	3	5	1	2	4	35124	0	1000	1666	814	0	3	5	1	2	4	1818	2096	2696	3026	3324	6000	5000	1	1	1	1	1	1
5	27	1	5	1000	153020	153020.027	153	965.99	3	5	1	2	4	35124	0	1000	1442	730	0	3	5	1	2	4	1734	2062	2368	2708	3022	6000	5000	1	1	1	1	1	1
5	28	1	5	1000	158020	158020.01	158	964.013	3	2	4	5	1	32451	0	1000	1434	596	0	3	2	4	5	1	1600	1874	2216	2524	2848	6000	5000	1	1	1	1	1	1
5	29	1	5	1000	163020	163020.005	163	963.999	1	4	5	2	3	14523	0	1000	1482	396	0	1	4	5	2	3	1400	1722	2036	2392	2734	6000	5000	1	1	1	1	1	1
5	30	1	5	1000	168020	168020.017	168	962.01	3	2	4	5	1	32451	0	1000	1474	472	0	3	2	4	5	1	1476	1740	2096	2428	2764	6000	5000	1	1	1	1	1	1
5	31	1	5	1000	173020	173020.044	173	960.025	3	2	4	5	1	32451	0	1000	1406	518	0	3	2	4	5	1	1522	1800	2132	2424	2738	6000	5000	1	1	1	1	1	1
5	32	0	5	1000	178020	178020.009	178	958.011	1	3	2	5	4	13254	0	1000	1478	470	0	1	3	2	5	4	1474	1794	2096	2424	2778	6000	5000	1	1	1	1	1	1
5	33	0	5	1000	183020	183020.009	183	956.001	3	5	1	2	4	35124	0	1000	1352	470	0	3	5	1	2	4	1474	1756	2048	2350	2666	6000	5000	1	1	1	1	1	1
5	34	1	5	1000	188020	188020.039	188	954.022	3	2	4	5	1	32451	0	16000	1428	526	0	3	2	4	5	1	1530	1848	2156	2468	2810	6000	5000	1	1	1	1	1	1
5	35	1	5	1000	208020	208020.01	208	947.978	3	2	4	5	1	32451	0	1000	1482	774	0	3	2	4	5	1	1778	2094	2444	2756	3082	6000	5000	1	1	1	1	1	1
5	36	1	5	1000	213020	213020.032	213	946.039	1	3	2	5	4	13254	0	1000	2058	616	0	1	3	2	5	4	1620	2654	2972	3236	3512	6000	5000	1	1	1	1	1	1
5	37	1	5	1000	218020	218020.006	218	943.99	1	4	5	2	3	14523	0	1000	1452	578	0	1	4	5	2	3	1582	1900	2200	2502	2806	6000	5000	1	1	1	1	1	1
5	38	1	5	1000	223020	223020.025	223	942.02	3	5	1	2	4	35124	0	1000	1300	518	0	3	5	1	2	4	1522	1792	2070	2356	2650	6000	5000	1	1	1	1	1	1
5	39	0	5	1000	228020	228022.002	228	943.993	3	5	1	2	4	35124	0	1000	1322	382	0	3	5	1	2	4	1386	1644	1936	2240	2520	6000	5000	1	1	1	1	1	1
5	40	1	5	1000	233020	233020.002	233	940.003	1	4	5	2	3	14523	0	1000	1352	368	0	1	4	5	2	3	1372	1680	1966	2278	2578	6000	5000	1	1	1	1	1	1
5	41	1	5	1000	238020	238020.001	238	938.003	1	3	2	5	4	13254	0	1000	1468	460	0	1	3	2	5	4	1464	1782	2112	2422	2774	6000	5000	1	1	1	1	1	1
5	42	0	5	1000	243020	243021.995	243	938.013	1	3	2	5	4	13254	0	1000	1408	426	0	1	3	2	5	4	1430	1724	2052	2340	2692	6000	5000	1	1	1	1	1	1
5	43	0	5	1000	248020	248021.983	248	936.002	1	4	5	2	3	14523	0	1000	1486	564	0	1	4	5	2	3	1568	1878	2196	2536	2898	6000	5000	1	1	1	1	1	1
5	44	1	5	1000	253020	253020.061	253	932.079	1	4	5	2	3	14523	0	1000	1308	776	0	1	4	5	2	3	1780	2094	2372	2666	2944	6000	5000	1	1	1	1	1	1
5	45	0	5	1000	258020	258021.978	258	931.997	1	3	2	5	4	13254	0	1000	1296	508	0	1	3	2	5	4	1512	1828	2112	2400	2698	6000	5000	1	1	1	1	1	1
5	46	0	5	1000	263020	263021.981	263	932.001	3	2	4	5	1	32451	0	1000	1376	616	0	3	2	4	5	1	1620	1906	2232	2514	2806	6000	5000	1	1	1	1	1	1
5	47	1	5	1000	268020	268021.992	268	930.013	1	4	5	2	3	14523	0	1000	1328	496	0	1	4	5	2	3	1500	1804	2092	2388	2682	6000	5000	1	1	1	1	1	1
5	48	0	5	1000	273020	273021.995	273	928.014	1	4	5	2	3	14523	0	1000	1414	494	0	1	4	5	2	3	1498	1814	2128	2432	2758	6000	5000	1	1	1	1	1	1
5	49	1	5	1000	278020	278021.979	278	925.989	1	3	2	5	4	13254	0	1000	1444	476	0	1	3	2	5	4	1480	1826	2138	2456	2776	6000	5000	1	1	1	1	1	1
5	50	1	5	1000	283020	283020.007	283	922.006	1	3	2	5	4	13254	0	1000	1398	416	0	1	3	2	5	4	1420	1734	2040	2332	2626	6000	5000	1	1	1	1	1	1
5	51	0	5	1000	288020	288020.025	288	920.019	3	5	1	2	4	35124	0	16000	1410	606	0	3	5	1	2	4	1610	1892	2210	2504	2852	6000	5000	1	1	1	1	1	1
5	52	0	5	1000	308020	308020.005	308	914.012	3	5	1	2	4	35124	0	1000	1470	836	0	3	5	1	2	4	1840	2142	2456	2808	3148	6000	5000	1	1	1	1	1	1
5	53	0	5	1000	313020	313021.991	313	913.995	1	4	5	2	3	14523	0	1000	1498	546	0	1	4	5	2	3	1550	1888	2184	2522	2868	6000	5000	1	1	1	1	1	1
5	54	1	5	1000	318020	318021.995	318	912.003	3	2	4	5	1	32451	0	1000	1426	514	0	3	2	4	5	1	1518	1808	2114	2408	2730	6000	5000	1	1	1	1	1	1
5	55	0	5	1000	323020	323022.012	323	910.015	1	4	5	2	3	14523	0	1000	1480	514	0	1	4	5	2	3	1518	1842	2150	2488	2840	6000	5000	1	1	1	1	1	1
5	56	0	5	1000	328020	328020.007	328	908.005	1	3	2	5	4	13254	0	1000	1470	644	0	1	3	2	5	4	1648	1972	2282	2584	2950	6000	5000	1	1	1	1	1	1
5	57	1	5	1000	333020	333021.999	333	907.992	1	3	2	5	4	13254	0	1000	1460	364	0	1	3	2	5	4	1368	1676	1998	2304	2666	6000	5000	1	1	1	1	1	1
5	58	0	5	1000	338020	338022.006	338	906.007	3	2	4	5	1	32451	0	1000	1408	508	0	3	2	4	5	1	1512	1802	2122	2424	2730	6000	5000	1	1	1	1	1	1
5	59	0	5	1000	343020	343020.01	343	901.995	3	2	4	5	1	32451	0	1000	1402	458	0	3	2	4	5	1	1462	1748	2066	2366	2670	6000	5000	1	1	1	1	1	1
5	60	0	5	1000	348020	348020.003	348	900.01	3	5	1	2	4	35124	0	1000	1400	516	0	3	5	1	2	4	1520	1838	2156	2476	2804	6000	5000	1	1	1	1	1	1
5	61	0	5	1000	353020	353022.02	353	902.003	1	3	2	5	4	13254	0	1000	1502	484	0	1	3	2	5	4	1488	1880	2206	2502	2862	6000	5000	1	1	1	1	1	1
5	62	1	5	1000	358020	358020.004	358	898.015	3	5	1	2	4	35124	0	1000	1364	478	0	3	5	1	2	4	1482	1762	2060	2388	2712	6000	5000	1	1	1	1	1	1
5	63	0	5	1000	363020	363021.988	363	897.979	1	4	5	2	3	14523	0	1000	1464	432	0	1	4	5	2	3	1436	1754	2048	2390	2736	6000	5000	1	1	1	1	1	1
5	64	0	5	1000	368020	368022.032	368	896.042	3	2	4	5	1	32451	0	1000	1312	1136	0	3	2	4	5	1	2140	2430	2738	3020	3308	6000	5000	1	1	1	1	1	1
5	65	1	5	1000	373020	373020.006	373	892.032	3	5	1	2	4	35124	0	1000	1406	560	0	3	5	1	2	4	1564	1844	2162	2482	2804	6000	5000	1	1	1	1	1	1
5	66	0	5	1000	378020	378020.024	378	890.025	3	2	4	5	1	32451	0	1000	1474	634	0	3	2	4	5	1	1638	1928	2246	2564	2912	6000	5000	1	1	1	1	1	1
5	67	1	5	1000	383020	383022.038	383	890.044	1	3	2	5	4	13254	0	1000	1414	426	0	1	3	2	5	4	1430	1746	2054	2344	2696	6000	5000	1	1	1	1	1	1
5	68	1	5	1000	388020	388021.983	388	887.971	3	5	1	2	4	35124	0	16000	1352	552	0	3	5	1	2	4	1556	1854	2142	2448	2758	6000	5000	1	1	1	1	1	1
6	1	0	5	1000	8020	8021.988	9	17.993	1	4	5	2	3	14523	0	1000	1472	1018	0	1	4	5	2	3	2022	2386	2692	3018	3330	6000	5000	1	1	1	1	1	1
6	2	0	5	1000	13020	13022.001	14	16.002	1	4	5	2	3	14523	0	1000	1454	896	0	1	4	5	2	3	1900	2226	2512	2856	3202	6000	5000	1	1	1	1	1	1
6	3	1	5	1000	18020	18021.989	19	14.021	1	4	5	2	3	14523	0	1000	1470	406	0	1	4	5	2	3	1410	1736	2010	2328	2668	6000	5000	1	1	1	1	1	1
6	4	0	5	1000	23020	23021.989	24	11.998	3	5	1	2	4	35124	0	1000	1342	778	0	3	5	1	2	4	1782	2064	2386	2678	2994	6000	5000	1	1	1	1	1	1
6	5	0	5	1000	28020	28021.993	29	10.002	1	3	2	5	4	13254	0	1000	1410	702	0	1	3	2	5	4	1706	2024	2338	2630	2952	6000	5000	1	1	1	1	1	1
6	6	0	5	1000	33020	33021.991	34	8.001	3	2	4	5	1	32451	0	1000	1508	652	0	3	2	4	5	1	1656	1980	2326	2630	2976	6000	5000	1	1	1	1	1	1
6	7	1	5	1000	38020	38022.013	39	8.013	3	5	1	2	4	35124	0	1000	1322	486	0	3	5	1	2	4	1490	1768	2072	2380	2664	6000	5000	1	1	1	1	1	1
6	8	0	5	1000	43020	43021.989	44	5.994	1	3	2	5	4	13254	0	1000	1418	430	0	1	3	2	5	4	1434	1746	2058	2362	2694	6000	5000	1	1	1	1	1	1
6	9	1	5	1000	48020	48020.009	49	1.986	3	2	4	5	1	32451	0	1000	1466	342	0	3	2	4	5	1	1346	1632	2014	2308	2660	6000	5000	1	1	1	1	1	1
6	10	0	5	1000	53020	53022.006	54	2.008	3	2	4	5	1	32451	0	1000	1484	416	0	3	2	4	5	1	1420	1722	2074	2400	2760	6000	5000	1	1	1	1	1	1
6	11	0	5	1000	58020	58021.996	59	0	3	5	1	2	4	35124	0	1000	1490	534	0	3	5	1	2	4	1538	1836	2168	2512	2882	6000	5000	1	1	1	1	1	1
6	12	0	5	1000	63020	63022.014	63	1000.016	3	2	4	5	1	32451	0	1000	1462	650	0	3	2	4	5	1	1654	1954	2308	2620	2968	6000	5000	1	1	1	1	1	1
6	13	0	5	1000	68020	68020.006	68	996.045	1	4	5	2	3	14523	0	1000	1432	618	0	1	4	5	2	3	1622	1944	2270	2598	2958	6000	5000	1	1	1	1	1	1
6	14	1	5	1000	73020	73021.976	73	995.93	1	3	2	5	4	13254	0	1000	1438	406	0	1	3	2	5	4	1410	1734	2076	2354	2684	6000	5000	1	1	1	1	1	1
6	15	1	5	1000	78020	78020.015	78	992.017	3	2	4	5	1	32451	0	1000	1552	662	0	3	2	4	5	1	1666	1996	2444	2730	3050	6000	5000	1	1	1	1	1	1
6	16	1	5	1000	83020	83021.986	83	991.997	1	4	5	2	3	14523	0	1000	1574	684	0	1	4	5	2	3	1688	2198	2512	2836	3180	6000	5000	1	1	1	1	1	1
6	17	1	5	1000	88020	88020.006	88	987.996	3	5	1	2	4	35124	0	16000	1410	452	0	3	5	1	2	4	1456	1760	2092	2416	2748	6000	5000	1	1	1	1	1	1
6	18	1	5	1000	108020	108020.008	108	982.007	3	5	1	2	4	35124	0	1000	1294	982	0	3	5	1	2	4	1986	2258	2566	2860	3174	6000	5000	1	1	1	1	1	1
6	19	0	5	1000	113020	113020.008	113	980.019	1	4	5	2	3	14523	0	1000	1444	812	0	1	4	5	2	3	1816	2166	2456	2788	3106	6000	5000	1	1	1	1	1	1
6	20	1	5	1000	118020	118021.978	118	979.965	3	5	1	2	4	35124	0	1000	1366	632	0	3	5	1	2	4	1636	1930	2254	2556	2892	6000	5000	1	1	1	1	1	1
6	21	1	5	1000	123020	123021.992	123	978.003	3	2	4	5	1	32451	0	1000	1404	462	0	3	2	4	5	1	1466	1770	2100	2408	2732	6000	5000	1	1	1	1	1	1
6	22	1	5	1000	128020	128020.001	128	975.956	1	3	2	5	4	13254	0	1000	1410	352	0	1	3	2	5	4	1356	1660	1994	2278	2624	6000	5000	1	1	1	1	1	1
6	23	0	5	1000	133020	133022.001	133	975.987	3	2	4	5	1	32451	0	1000	1414	506	0	3	2	4	5	1	1510	1806	2138	2436	2778	6000	5000	1	1	1	1	1	1
6	24	1	5	1000	138020	138020	138	972.013	1	3	2	5	4	13254	0	1000	1400	394	0	1	3	2	5	4	1398	1708	2042	2336	2670	6000	5000	1	1	1	1	1	1
6	25	1	5	1000	143020	143021.97	143	971.953	3	5	1	2	4	35124	0	1000	1306	418	0	3	5	1	2	4	1422	1694	1992	2304	2604	6000	5000	1	1	1	1	1	1
6	26	0	5	1000	148020	148020.015	148	968.004	3	5	1	2	4	35124	0	1000	1370	416	0	3	5	1	2	4	1420	1742	2046	2350	2666	6000	5000	1	1	1	1	1	1
6	27	0	5	1000	153020	153020.023	153	965.998	1	4	5	2	3	14523	0	1000	1496	506	0	1	4	5	2	3	1510	1816	2136	2480	2862	6000	5000	1	1	1	1	1	1
6	28	0	5	1000	158020	158020.006	158	964.02	1	3	2	5	4	13254	0	1000	1424	620	0	1	3	2	5	4	1624	1942	2234	2532	2880	6000	5000	1	1	1	1	1	1
6	29	0	5	1000	163020	163021.988	163	966.011	1	3	2	5	4	13254	0	1000	1366	460	0	1	3	2	5	4	1464	1764	2060	2352	2690	6000	5000	1	1	1	1	1	1
6	30	0	5	1000	168020	168020.009	168	961.995	3	5	1	2	4	35124	0	1000	1432	466	0	3	5	1	2	4	1470	1794	2108	2450	2802	6000	5000	1	1	1	1	1	1
6	31	0	5	1000	173020	173020.006	173	959.991	3	5	1	2	4	35124	0	1000	1432	502	0	3	5	1	2	4	1506	1822	2132	2476	2804	6000	5000	1	1	1	1	1	1
6	32	1	5	1000	178020	178020.003	178	958.014	3	5	1	2	4	35124	0	1000	1426	570	0	3	5	1	2	4	1574	1888	2204	2540	2886	6000	5000	1	1	1	1	1	1
6	33	1	5	1000	183020	183021.975	183	957.999	1	4	5	2	3	14523	0	1000	1414	360	0	1	4	5	2	3	1364	1696	1986	2304	2632	6000	5000	1	1	1	1	1	1
6	34	0	5	1000	188020	188020.021	188	954.003	3	2	4	5	1	32451	0	16000	1504	484	0	3	2	4	5	1	1488	1804	2164	2474	2822	6000	5000	1	1	1	1	1	1
6	35	0	5	1000	208020	208020.012	208	948.008	3	2	4	5	1	32451	0	1000	1560	790	0	3	2	4	5	1	1794	2146	2514	2836	3166	6000	5000	1	1	1	1	1	1
6	36	0	5	1000	213020	213020.011	213	945.902	3	2	4	5	1	32451	0	1000	1478	660	0	3	2	4	5	1	1664	1974	2304	2606	2964	6000	5000	1	1	1	1	1	1
6	37	1	5	1000	218020	218020.002	218	943.995	1	4	5	2	3	14523	0	1000	1388	490	0	1	4	5	2	3	1494	1820	2108	2424	2752	6000	5000	1	1	1	1	1	1
6	38	0	5	1000	223020	223022	223	943.999	1	3	2	5	4	13254	0	1000	1474	478	0	1	3	2	5	4	1482	1792	2104	2424	2766	6000	5000	1	1	1	1	1	1
6	39	1	5	1000	228020	228021.99	228	944.01	1	4	5	2	3	14523	0	1000	1776	464	0	1	4	5	2	3	1468	1814	2128	2440	3078	6000	5000	1	1	1	1	1	1
6	40	0	5	1000	233020	233021.962	233	941.985	1	4	5	2	3	14523	0	1000	1386	500	0	1	4	5	2	3	1504	1822	2088	2418	2736	6000	5000	1	1	1	1	1	1
6	41	1	5	1000	238020	238021.959	238	939.956	3	2	4	5	1	32451	0	1000	1448	622	0	3	2	4	5	1	1626	1928	2290	2592	2896	6000	5000	1	1	1	1	1	1
6	42	0	5	1000	243020	243021.981	243	938.024	3	5	1	2	4	35124	0	1000	1326	908	0	3	5	1	2	4	1912	2192	2498	2770	3072	6000	5000	1	1	1	1	1	1
6	43	1	5	1000	248020	248021.961	248	935.997	1	4	5	2	3	14523	0	1000	1420	476	0	1	4	5	2	3	1480	1810	2106	2422	2748	6000	5000	1	1	1	1	1	1
6	44	1	5	1000	253020	253021.962	253	934.002	1	4	5	2	3	14523	0	1000	1432	376	0	1	4	5	2	3	1380	1692	2004	2318	2646	6000	5000	1	1	1	1	1	1
6	45	1	5	1000	258020	258021.963	258	934.002	3	2	4	5	1	32451	0	1000	1370	334	0	3	2	4	5	1	1338	1624	1946	2252	2580	6000	5000	1	1	1	1	1	1
6	46	0	5	1000	263020	263021.964	263	931.998	1	4	5	2	3	14523	0	1000	1586	426	0	1	4	5	2	3	1430	1840	2162	2514	2856	6000	5000	1	1	1	1	1	1
6	47	0	5	1000	268020	268021.973	268	930.008	3	2	4	5	1	32451	0	1000	1460	690	0	3	2	4	5	1	1694	1998	2336	2650	2976	6000	5000	1	1	1	1	1	1
6	48	1	5	1000	273020	273021.975	273	928.011	3	2	4	5	1	32451	0	1000	1424	762	0	3	2	4	5	1	1766	2060	2378	2688	3024	6000	5000	1	1	1	1	1	1
6	49	1	5	1000	278020	278021.972	278	925.98	3	2	4	5	1	32451	0	1000	1336	470	0	3	2	4	5	1	1474	1776	2076	2368	2658	6000	5000	1	1	1	1	1	1
6	50	0	5	1000	283020	283021.981	283	924.023	1	3	2	5	4	13254	0	1000	1496	498	0	1	3	2	5	4	1502	1822	2130	2442	2802	6000	5000	1	1	1	1	1	1
6	51	1	5	1000	288020	288021.979	288	921.995	3	5	1	2	4	35124	0	16000	1382	732	0	3	5	1	2	4	1736	2014	2356	2636	2968	6000	5000	1	1	1	1	1	1
6	52	1	5	1000	308020	308021.961	308	915.986	3	5	1	2	4	35124	0	1000	1422	770	0	3	5	1	2	4	1774	2066	2366	2720	3038	6000	5000	1	1	1	1	1	1
6	53	1	5	1000	313020	313021.976	313	913.999	1	3	2	5	4	13254	0	1000	1368	432	0	1	3	2	5	4	1436	1744	2034	2314	2628	6000	5000	1	1	1	1	1	1
6	54	1	5	1000	318020	318021.978	318	911.975	1	3	2	5	4	13254	0	1000	1320	478	0	1	3	2	5	4	1482	1796	2072	2340	2626	6000	5000	1	1	1	1	1	1
6	55	0	5	1000	323020	323021.992	323	911.988	3	5	1	2	4	35124	0	1000	1312	830	0	3	5	1	2	4	1834	2096	2382	2674	3006	6000	5000	1	1	1	1	1	1
6	56	1	5	1000	328020	328021.986	328	910.011	3	2	4	5	1	32451	0	1000	1302	610	0	3	2	4	5	1	1614	1904	2218	2496	2804	6000	5000	1	1	1	1	1	1
6	57	1	5	1000	333020	333021.976	333	908.001	3	5	1	2	4	35124	0	1000	1260	402	0	3	5	1	2	4	1406	1668	1936	2214	2538	6000	5000	1	1	1	1	1	1
6	58	1	5	1000	338020	338021.992	338	906.015	3	5	1	2	4	35124	0	1000	1222	446	0	3	5	1	2	4	1450	1686	1982	2236	2540	6000	5000	1	1	1	1	1	1
6	59	0	5	1000	343020	343021.979	343	904.001	3	2	4	5	1	32451	0	1000	1400	426	0	3	2	4	5	1	1430	1726	2052	2348	2664	6000	5000	1	1	1	1	1	1
6	60	0	5	1000	348020	348022.004	348	902.047	1	3	2	5	4	13254	0	1000	1308	410	0	1	3	2	5	4	1414	1700	2010	2266	2572	6000	5000	1	1	1	1	1	1
6	61	1	5	1000	353020	353021.985	353	900.009	1	3	2	5	4	13254	0	1000	1352	486	0	1	3	2	5	4	1490	1792	2080	2360	2692	6000	5000	1	1	1	1	1	1
6	62	1	5	1000	358020	358021.978	358	900.021	1	4	5	2	3	14523	0	1000	1394	714	0	1	4	5	2	3	1718	2058	2354	2648	2946	6000	5000	1	1	1	1	1	1
6	63	1	5	1000	363020	363021.988	363	898.013	1	3	2	5	4	13254	0	1000	1388	336	0	1	3	2	5	4	1340	1648	1952	2224	2542	6000	5000	1	1	1	1	1	1
6	64	0	5	1000	368020	368021.988	368	896.008	1	3	2	5	4	13254	0	1000	1372	362	0	1	3	2	5	4	1366	1680	1984	2268	2570	6000	5000	1	1	1	1	1	1
6	65	0	5	1000	373020	373021.969	373	894.012	1	4	5	2	3	14523	0	1000	1370	354	0	1	4	5	2	3	1358	1668	1978	2284	2594	6000	5000	1	1	1	1	1	1
6	66	0	5	1000	378020	378021.978	378	892.017	3	5	1	2	4	35124	0	1000	1324	636	0	3	5	1	2	4	1640	1916	2206	2492	2798	6000	5000	1	1	1	1	1	1
6	67	1	5	1000	383020	383021.977	383	890.019	1	3	2	5	4	13254	0	1000	1304	570	0	1	3	2	5	4	1574	1882	2158	2420	2742	6000	5000	1	1	1	1	1	1
6	68	0	5	1000	388020	388021.956	388	887.976	1	4	5	2	3	14523	0	16000	1484	630	0	1	4	5	2	3	1634	1974	2294	2646	2992	6000	5000	1	1	1	1	1	1
7	1	1	5	1000	8020	8022.011	9	18.007	1	3	2	5	4	13254	0	1000	1564	632	0	1	3	2	5	4	1636	2080	2444	2766	3058	6000	5000	1	1	1	1	1	1
7	2	1	5	1000	13020	13022.009	14	16.002	1	3	2	5	4	13254	0	1000	1430	488	0	1	3	2	5	4	1492	1816	2124	2436	2778	6000	5000	1	1	1	1	1	1
7	3	1	5	1000	18020	18021.982	19	14.007	3	5	1	2	4	35124	0	1000	1346	456	0	3	5	1	2	4	1460	1750	2054	2356	2670	6000	5000	1	1	1	1	1	1
7	4	1	5	1000	23020	23021.99	24	12.015	1	3	2	5	4	13254	0	1000	1558	396	0	1	3	2	5	4	1400	1734	2120	2456	2830	6000	5000	1	1	1	1	1	1
7	5	1	5	1000	28020	28022.001	29	10.012	3	2	4	5	1	32451	0	1000	1602	404	0	3	2	4	5	1	1408	1738	2114	2448	2822	6000	5000	1	1	1	1	1	1
7	6	0	5	1000	33020	33022.105	34	8.093	1	4	5	2	3	14523	0	1000	1586	586	0	1	4	5	2	3	1590	1952	2286	2670	3062	6000	5000	1	1	1	1	1	1
7	7	1	5	1000	38020	38020.014	39	6.017	1	3	2	5	4	13254	0	1000	1452	706	0	1	3	2	5	4	1710	2054	2384	2700	3012	6000	5000	1	1	1	1	1	1
7	8	0	5	1000	43020	43021.989	44	5.984	3	2	4	5	1	32451	0	1000	1446	506	0	3	2	4	5	1	1510	1860	2186	2496	2810	6000	5000	1	1	1	1	1	1
7	9	0	5	1000	48020	48021.988	49	3.998	1	4	5	2	3	14523	0	1000	1484	440	0	1	4	5	2	3	1444	1792	2088	2428	2774	6000	5000	1	1	1	1	1	1
7	10	0	5	1000	53020	53021.971	54	1.985	3	2	4	5	1	32451	0	1000	1518	534	0	3	2	4	5	1	1538	1866	2252	2542	2892	6000	5000	1	1	1	1	1	1
7	11	1	5	1000	58020	58021.989	59	0	1	4	5	2	3	14523	0	1000	1384	416	0	1	4	5	2	3	1420	1738	2024	2368	2696	6000	5000	1	1	1	1	1	1
7	12	1	5	1000	63020	63020.005	63	995.997	3	2	4	5	1	32451	0	1000	1742	412	0	3	2	4	5	1	1416	1692	2000	2264	2922	6000	5000	1	1	1	1	1	1
7	13	1	5	1000	68020	68020.003	68	995.979	1	4	5	2	3	14523	0	1000	1256	356	0	1	4	5	2	3	1360	1660	1920	2220	2518	6000	5000	1	1	1	1	1	1
7	14	1	5	1000	73020	73022.008	73	996.037	1	4	5	2	3	14523	0	1000	1396	648	0	1	4	5	2	3	1652	1970	2220	2586	2892	6000	5000	1	1	1	1	1	1
7	15	0	5	1000	78020	78022.088	78	994.075	1	4	5	2	3	14523	0	1000	1532	458	0	1	4	5	2	3	1462	1786	2118	2504	2840	6000	5000	1	1	1	1	1	1
7	16	0	5	1000	83020	83022.01	83	992.022	1	3	2	5	4	13254	0	1000	1432	374	0	1	3	2	5	4	1378	1696	2056	2322	2646	6000	5000	1	1	1	1	1	1
7	17	0	5	1000	88020	88022.005	88	990.022	1	3	2	5	4	13254	0	16000	1444	486	0	1	3	2	5	4	1490	1818	2158	2464	2796	6000	5000	1	1	1	1	1	1
7	18	0	5	1000	108020	108020.005	108	981.896	1	3	2	5	4	13254	0	1000	1346	818	0	1	3	2	5	4	1822	2138	2454	2742	3042	6000	5000	1	1	1	1	1	1
7	19	1	5	1000	113020	113020.014	113	980.013	3	5	1	2	4	35124	0	1000	1354	704	0	3	5	1	2	4	1708	1982	2284	2566	2894	6000	5000	1	1	1	1	1	1
7	20	0	5	1000	118020	118020.019	118	978.029	3	5	1	2	4	35124	0	1000	1312	762	0	3	5	1	2	4	1766	2050	2350	2620	2928	6000	5000	1	1	1	1	1	1
7	21	0	5	1000	123020	123020.011	123	976.001	1	4	5	2	3	14523	0	1000	1370	414	0	1	4	5	2	3	1418	1734	2004	2332	2646	6000	5000	1	1	1	1	1	1
7	22	0	5	1000	128020	128020.012	128	974.004	1	4	5	2	3	14523	0	1000	1386	408	0	1	4	5	2	3	1412	1714	2004	2322	2628	6000	5000	1	1	1	1	1	1
7	23	0	5	1000	133020	133022.014	133	976.034	3	5	1	2	4	35124	0	1000	1432	462	0	3	5	1	2	4	1466	1732	2046	2368	2706	6000	5000	1	1	1	1	1	1
7	24	1	5	1000	138020	138021.991	138	974.019	1	3	2	5	4	13254	0	1000	1510	442	0	1	3	2	5	4	1446	1774	2130	2448	2796	6000	5000	1	1	1	1	1	1
7	25	1	5	1000	143020	143020.003	143	970.018	1	4	5	2	3	14523	0	1000	1584	440	0	1	4	5	2	3	1444	1940	2266	2582	2890	6000	5000	1	1	1	1	1	1
7	26	0	5	1000	148020	148022.025	148	970.036	3	5	1	2	4	35124	0	1000	1346	602	0	3	5	1	2	4	1606	1860	2186	2536	2884	6000	5000	1	1	1	1	1	1
7	27	1	5	1000	153020	153020.005	153	966.005	3	2	4	5	1	32451	0	1000	1394	436	0	3	2	4	5	1	1440	1736	2074	2354	2660	6000	5000	1	1	1	1	1	1
7	28	1	5	1000	158020	158022	158	965.991	3	5	1	2	4	35124	0	1000	1328	470	0	3	5	1	2	4	1474	1750	2072	2384	2696	6000	5000	1	1	1	1	1	1
7	29	0	5	1000	163020	163021.987	163	965.997	3	2	4	5	1	32451	0	1000	1464	374	0	3	2	4	5	1	1378	1702	2030	2338	2684	6000	5000	1	1	1	1	1	1
7	30	1	5	1000	168020	168020.004	168	961.996	1	3	2	5	4	13254	0	1000	1478	560	0	1	3	2	5	4	1564	1966	2314	2580	2898	6000	5000	1	1	1	1	1	1
7	31	0	5	1000	173020	173020.007	173	959.995	3	5	1	2	4	35124	0	1000	1728	502	0	3	5	1	2	4	1506	1812	2118	2766	3082	6000	5000	1	1	1	1	1	1
7	32	0	5	1000	178020	178020.013	178	958.026	3	2	4	5	1	32451	0	1000	1524	518	0	3	2	4	5	1	1522	1854	2206	2512	2864	6000	5000	1	1	1	1	1	1
7	33	0	5	1000	183020	183020.009	183	956.008	3	5	1	2	4	35124	0	1000	1406	398	0	3	5	1	2	4	1402	1676	1990	2328	2652	6000	5000	1	1	1	1	1	1
7	34	1	5	1000	188020	188020.014	188	953.983	3	5	1	2	4	35124	0	16000	1362	576	0	3	5	1	2	4	1580	1868	2186	2488	2812	6000	5000	1	1	1	1	1	1
7	35	1	5	1000	208020	208020.011	208	948.034	3	5	1	2	4	35124	0	1000	1354	748	0	3	5	1	2	4	1752	2040	2350	2662	3028	6000	5000	1	1	1	1	1	1
7	36	0	5	1000	213020	213020.017	213	946.03	1	4	5	2	3	14523	0	1000	1382	650	0	1	4	5	2	3	1654	1968	2240	2564	2886	6000	5000	1	1	1	1	1	1
7	37	1	5	1000	218020	218020.023	218	944.009	1	4	5	2	3	14523	0	1000	1384	528	0	1	4	5	2	3	1532	1824	2116	2426	2768	6000	5000	1	1	1	1	1	1
7	38	1	5	1000	223020	223020.005	223	942.03	1	3	2	5	4	13254	0	1000	1454	434	0	1	3	2	5	4	1438	1756	2068	2400	2722	6000	5000	1	1	1	1	1	1
7	39	0	5	1000	228020	228020.019	228	942.034	1	4	5	2	3	14523	0	1000	1370	800	0	1	4	5	2	3	1804	2106	2398	2714	3018	6000	5000	1	1	1	1	1	1
7	40	1	5	1000	233020	233022	233	942.012	3	5	1	2	4	35124	0	1000	1346	462	0	3	5	1	2	4	1466	1726	2016	2356	2668	6000	5000	1	1	1	1	1	1
7	41	1	5	1000	238020	238021.988	238	939.991	1	4	5	2	3	14523	0	1000	1346	404	0	1	4	5	2	3	1408	1710	1980	2304	2638	6000	5000	1	1	1	1	1	1
7	42	0	5	1000	243020	243022	243	937.978	3	2	4	5	1	32451	0	1000	1370	806	0	3	2	4	5	1	1810	2100	2422	2696	2992	6000	5000	1	1	1	1	1	1
7	43	0	5	1000	248020	248020.016	248	934.027	3	2	4	5	1	32451	0	1000	1480	480	0	3	2	4	5	1	1484	1800	2132	2438	2772	6000	5000	1	1	1	1	1	1
7	44	1	5	1000	253020	253021.989	253	933.998	3	5	1	2	4	35124	0	1000	1314	864	0	3	5	1	2	4	1868	2158	2438	2760	3040	6000	5000	1	1	1	1	1	1
7	45	1	5	1000	258020	258021.974	258	931.9	3	5	1	2	4	35124	0	1000	1520	736	0	3	5	1	2	4	1740	1988	2256	2800	3112	6000	5000	1	1	1	1	1	1
7	46	1	5	1000	263020	263021.969	263	932.002	3	2	4	5	1	32451	0	1000	1298	518	0	3	2	4	5	1	1522	1824	2116	2390	2666	6000	5000	1	1	1	1	1	1
7	47	0	5	1000	268020	268021.974	268	929.983	3	2	4	5	1	32451	0	1000	1326	446	0	3	2	4	5	1	1450	1744	2044	2326	2620	6000	5000	1	1	1	1	1	1
7	48	1	5	1000	273020	273021.975	273	928.018	3	2	4	5	1	32451	0	1000	1434	500	0	3	2	4	5	1	1504	1772	2088	2376	2682	6000	5000	1	1	1	1	1	1
7	49	1	5	1000	278020	278021.978	278	926.001	3	2	4	5	1	32451	0	1000	1400	664	0	3	2	4	5	1	1668	1960	2280	2574	2912	6000	5000	1	1	1	1	1	1
7	50	1	5	1000	283020	283021.963	283	923.988	1	3	2	5	4	13254	0	1000	1398	552	0	1	3	2	5	4	1556	1872	2168	2446	2784	6000	5000	1	1	1	1	1	1
7	51	0	5	1000	288020	288021.967	288	922.003	1	3	2	5	4	13254	0	16000	1366	624	0	1	3	2	5	4	1628	1936	2248	2554	2852	6000	5000	1	1	1	1	1	1
7	52	0	5	1000	308020	308021.962	308	916.001	1	3	2	5	4	13254	0	1000	1580	634	0	1	3	2	5	4	1638	2056	2400	2702	3064	6000	5000	1	1	1	1	1	1
7	53	0	5	1000	313020	313021.962	313	914.002	1	4	5	2	3	14523	0	1000	1494	640	0	1	4	5	2	3	1644	1976	2286	2630	2966	6000	5000	1	1	1	1	1	1
7	54	1	5	1000	318020	318022.013	318	912.05	3	2	4	5	1	32451	0	1000	1444	510	0	3	2	4	5	1	1514	1818	2172	2474	2766	6000	5000	1	1	1	1	1	1
7	55	0	5	1000	323020	323021.959	323	910	3	5	1	2	4	35124	0	1000	1400	630	0	3	5	1	2	4	1634	1914	2216	2534	2864	6000	5000	1	1	1	1	1	1
7	56	0	5	1000	328020	328021.982	328	910.006	3	5	1	2	4	35124	0	1000	1344	950	0	3	5	1	2	4	1954	2208	2508	2828	3156	6000	5000	1	1	1	1	1	1
7	57	0	5	1000	333020	333021.977	333	907.988	1	3	2	5	4	13254	0	1000	1536	670	0	1	3	2	5	4	1674	2008	2364	2688	3078	6000	5000	1	1	1	1	1	1
7	58	1	5	1000	338020	338022.003	338	906.005	3	2	4	5	1	32451	0	1000	1488	840	0	3	2	4	5	1	1844	2146	2504	2834	3136	6000	5000	1	1	1	1	1	1
7	59	0	5	1000	343020	343021.976	343	903.99	1	3	2	5	4	13254	0	1000	1486	426	0	1	3	2	5	4	1430	1760	2096	2378	2732	6000	5000	1	1	1	1	1	1
7	60	0	5	1000	348020	348021.979	348	901.999	3	5	1	2	4	35124	0	1000	1434	548	0	3	5	1	2	4	1552	1836	2132	2468	2816	6000	5000	1	1	1	1	1	1
7	61	1	5	1000	353020	353020.03	353	898.042	1	4	5	2	3	14523	0	1000	1492	468	0	1	4	5	2	3	1472	1790	2100	2452	2784	6000	5000	1	1	1	1	1	1
7	62	0	5	1000	358020	358021.96	358	899.981	1	3	2	5	4	13254	0	1000	1442	670	0	1	3	2	5	4	1674	2010	2326	2632	2978	6000	5000	1	1	1	1	1	1
7	63	1	5	1000	363020	363021.976	363	898.008	1	4	5	2	3	14523	0	1000	1378	496	0	1	4	5	2	3	1500	1806	2094	2426	2744	6000	5000	1	1	1	1	1	1
7	64	1	5	1000	368020	368021.988	368	895.986	3	5	1	2	4	35124	0	1000	1464	502	0	3	5	1	2	4	1506	1788	2100	2448	2818	6000	5000	1	1	1	1	1	1
7	65	0	5	1000	373020	373021.98	373	893.994	1	3	2	5	4	13254	0	1000	1868	486	0	1	3	2	5	4	1490	2122	2460	2790	3146	6000	5000	1	1	1	1	1	1
7	66	0	5	1000	378020	378021.976	378	891.986	3	2	4	5	1	32451	0	1000	1524	604	0	3	2	4	5	1	1608	1906	2244	2570	2900	6000	5000	1	1	1	1	1	1
7	67	0	5	1000	383020	383020.021	383	888.033	1	3	2	5	4	13254	0	1000	1454	420	0	1	3	2	5	4	1424	1750	2078	2368	2754	6000	5000	1	1	1	1	1	1
7	68	1	5	1000	388020	388021.966	388	887.98	1	3	2	5	4	13254	0	16000	1416	544	0	1	3	2	5	4	1548	1860	2174	2466	2832	6000	5000	1	1	1	1	1	1
8	1	1	5	1000	8020	8020.004	9	16.001	3	2	4	5	1	32451	0	1000	1568	726	0	3	2	4	5	1	1730	2080	2450	2798	3148	6000	5000	1	1	1	1	1	1
8	2	0	5	1000	13020	13021.972	14	13.992	3	5	1	2	4	35124	0	1000	1488	480	0	3	5	1	2	4	1484	1754	2082	2400	2792	6000	5000	1	1	1	1	1	1
8	3	0	5	1000	18020	18021.979	19	13.954	1	3	2	5	4	13254	0	1000	1548	478	0	1	3	2	5	4	1482	1822	2186	2478	2858	6000	5000	1	1	1	1	1	1
8	4	0	5	1000	23020	23021.976	24	11.995	1	3	2	5	4	13254	0	1000	1504	410	0	1	3	2	5	4	1414	1728	2080	2372	2742	6000	5000	1	1	1	1	1	1
8	5	1	5	1000	28020	28021.999	29	9.992	1	3	2	5	4	13254	0	1000	1560	408	0	1	3	2	5	4	1412	1730	2106	2418	2780	6000	5000	1	1	1	1	1	1
8	6	0	5	1000	33020	33021.99	34	7.996	3	2	4	5	1	32451	0	1000	1408	554	0	3	2	4	5	1	1558	1874	2188	2510	2848	6000	5000	1	1	1	1	1	1
8	7	0	5	1000	38020	38021.981	39	5.976	1	4	5	2	3	14523	0	1000	1456	416	0	1	4	5	2	3	1420	1740	2044	2400	2702	6000	5000	1	1	1	1	1	1
8	8	1	5	1000	43020	43021.991	44	3.982	3	2	4	5	1	32451	0	1000	1490	364	0	3	2	4	5	1	1368	1682	2020	2362	2732	6000	5000	1	1	1	1	1	1
8	9	1	5	1000	48020	48021.985	49	4.002	1	4	5	2	3	14523	0	1000	1474	334	0	1	4	5	2	3	1338	1670	2004	2342	2676	6000	5000	1	1	1	1	1	1
8	10	0	5	1000	53020	53021.989	54	1.998	3	5	1	2	4	35124	0	1000	1348	636	0	3	5	1	2	4	1640	1948	2252	2556	2844	6000	5000	1	1	1	1	1	1
8	11	1	5	1000	58020	58021.98	59	0	3	2	4	5	1	32451	0	1000	1438	520	0	3	2	4	5	1	1524	1846	2206	2468	2812	6000	5000	1	1	1	1	1	1
8	12	0	5	1000	63020	63020.028	63	996.021	1	4	5	2	3	14523	0	1000	1498	540	0	1	4	5	2	3	1544	1872	2204	2548	2902	6000	5000	1	1	1	1	1	1
8	13	0	5	1000	68020	68020.001	68	993.922	1	3	2	5	4	13254	0	1000	1430	606	0	1	3	2	5	4	1610	1936	2274	2570	2916	6000	5000	1	1	1	1	1	1
8	14	1	5	1000	73020	73021.978	73	993.996	1	4	5	2	3	14523	0	1000	1404	616	0	1	4	5	2	3	1620	1950	2238	2540	2886	6000	5000	1	1	1	1	1	1
8	15	1	5	1000	78020	78021.978	78	993.987	3	5	1	2	4	35124	0	1000	1312	530	0	3	5	1	2	4	1534	1814	2126	2422	2732	6000	5000	1	1	1	1	1	1
8	16	0	5	1000	83020	83020.041	83	990.05	3	2	4	5	1	32451	0	1000	1720	858	0	3	2	4	5	1	1862	2188	2762	3054	3376	6000	5000	1	1	1	1	1	1
8	17	1	5	1000	88020	88020.013	88	987.958	1	4	5	2	3	14523	0	16000	1344	496	0	1	4	5	2	3	1500	1824	2092	2418	2728	6000	5000	1	1	1	1	1	1
8	18	1	5	1000	108020	108021.981	108	983.947	1	4	5	2	3	14523	0	1000	1496	556	0	1	4	5	2	3	1560	1916	2228	2556	2876	6000	5000	1	1	1	1	1	1
8	19	1	5	1000	113020	113020.002	113	980.014	3	2	4	5	1	32451	0	1000	1274	464	0	3	2	4	5	1	1468	1754	2058	2334	2594	6000	5000	1	1	1	1	1	1
8	20	0	5	1000	118020	118022.005	118	979.942	3	2	4	5	1	32451	0	1000	1510	412	0	3	2	4	5	1	1416	1732	2078	2406	2768	6000	5000	1	1	1	1	1	1
8	21	0	5	1000	123020	123021.98	123	977.984	1	3	2	5	4	13254	0	1000	1636	418	0	1	3	2	5	4	1422	2060	2380	2658	2916	6000	5000	1	1	1	1	1	1
8	22	0	5	1000	128020	128021.979	128	975.987	3	5	1	2	4	35124	0	1000	1248	518	0	3	5	1	2	4	1522	1762	2040	2320	2614	6000	5000	1	1	1	1	1	1
8	23	0	5	1000	133020	133022.001	133	974.026	3	5	1	2	4	35124	0	1000	1308	510	0	3	5	1	2	4	1514	1770	2058	2350	2698	6000	5000	1	1	1	1	1	1
8	24	1	5	1000	138020	138021.991	138	972.013	1	4	5	2	3	14523	0	1000	1432	508	0	1	4	5	2	3	1512	2012	2266	2554	2822	6000	5000	1	1	1	1	1	1
8	25	1	5	1000	143020	143020.006	143	970.001	1	3	2	5	4	13254	0	1000	1368	1288	0	1	3	2	5	4	2292	2612	2934	3198	3500	6000	5000	1	1	1	1	1	1
8	26	1	5	1000	148020	148022.002	148	970.022	1	3	2	5	4	13254	0	1000	1246	482	0	1	3	2	5	4	1486	1764	2036	2282	2584	6000	5000	1	1	1	1	1	1
8	27	1	5	1000	153020	153022.007	153	968.018	3	5	1	2	4	35124	0	1000	1218	406	0	3	5	1	2	4	1410	1642	1926	2208	2484	6000	5000	1	1	1	1	1	1
8	28	0	5	1000	158020	158021.971	158	965.96	1	4	5	2	3	14523	0	1000	1232	644	0	1	4	5	2	3	1648	1944	2210	2494	2774	6000	5000	1	1	1	1	1	1
8	29	0	5	1000	163020	163021.981	163	963.981	3	5	1	2	4	35124	0	1000	1072	840	0	3	5	1	2	4	1844	2098	2322	2576	2796	6000	5000	1	1	1	1	1	1
8	30	1	5	1000	168020	168020	168	959.919	1	3	2	5	4	13254	0	1000	1202	406	0	1	3	2	5	4	1410	1696	1952	2206	2482	6000	5000	1	1	1	1	1	1
8	31	0	5	1000	173020	173021.985	173	961.976	1	3	2	5	4	13254	0	1000	1280	350	0	1	3	2	5	4	1354	1652	1940	2206	2496	6000	5000	1	1	1	1	1	1
8	32	0	5	1000	178020	178022.017	178	960.037	1	4	5	2	3	14523	0	1000	1260	516	0	1	4	5	2	3	1520	1822	2088	2388	2658	6000	5000	1	1	1	1	1	1
8	33	0	5	1000	183020	183020.034	183	956.035	3	2	4	5	1	32451	0	1000	1324	470	0	3	2	4	5	1	1474	1764	2080	2352	2630	6000	5000	1	1	1	1	1	1
8	34	0	5	1000	188020	188020.002	188	954.02	3	5	1	2	4	35124	0	16000	1204	574	0	3	5	1	2	4	1578	1842	2092	2348	2662	6000	5000	1	1	1	1	1	1
8	35	0	5	1000	208020	208020.007	208	948.024	3	5	1	2	4	35124	0	1000	1216	778	0	3	5	1	2	4	1782	2070	2320	2596	2846	6000	5000	1	1	1	1	1	1
8	36	0	5	1000	213020	213021.99	213	947.984	3	2	4	5	1	32451	0	1000	1292	582	0	3	2	4	5	1	1586	1868	2154	2442	2736	6000	5000	1	1	1	1	1	1
8	37	0	5	1000	218020	218020.006	218	944.003	3	2	4	5	1	32451	0	1000	1404	576	0	3	2	4	5	1	1580	1870	2186	2488	2784	6000	5000	1	1	1	1	1	1
8	38	1	5	1000	223020	223020.031	223	942.032	3	5	1	2	4	35124	0	1000	1260	562	0	3	5	1	2	4	1566	1846	2124	2376	2682	6000	5000	1	1	1	1	1	1
8	39	1	5	1000	228020	228021.971	228	942.002	3	2	4	5	1	32451	0	1000	1284	332	0	3	2	4	5	1	1336	1620	1922	2184	2454	6000	5000	1	1	1	1	1	1
8	40	1	5	1000	233020	233021.975	233	940.002	1	3	2	5	4	13254	0	1000	1200	844	0	1	3	2	5	4	1848	2158	2410	2684	2926	6000	5000	1	1	1	1	1	1
8	41	0	5	1000	238020	238021.967	238	939.99	1	4	5	2	3	14523	0	1000	1298	434	0	1	4	5	2	3	1438	1746	2004	2296	2610	6000	5000	1	1	1	1	1	1
8	42	1	5	1000	243020	243021.974	243	937.99	3	5	1	2	4	35124	0	1000	1182	440	0	3	5	1	2	4	1444	1690	1958	2210	2486	6000	5000	1	1	1	1	1	1
8	43	1	5	1000	248020	248021.967	248	936.015	1	4	5	2	3	14523	0	1000	1286	348	0	1	4	5	2	3	1352	1620	1890	2182	2494	6000	5000	1	1	1	1	1	1
8	44	1	5	1000	253020	253021.951	253	933.994	1	4	5	2	3	14523	0	1000	1190	386	0	1	4	5	2	3	1390	1660	1912	2156	2452	6000	5000	1	1	1	1	1	1
8	45	0	5	1000	258020	258021.954	258	932.005	1	4	5	2	3	14523	0	1000	1256	514	0	1	4	5	2	3	1518	1812	2066	2356	2678	6000	5000	1	1	1	1	1	1
8	46	1	5	1000	263020	263021.956	263	931.999	1	4	5	2	3	14523	0	1000	1316	368	0	1	4	5	2	3	1372	1658	1926	2222	2532	6000	5000	1	1	1	1	1	1
8	47	0	5	1000	268020	268021.955	268	928.005	1	3	2	5	4	13254	0	1000	1344	394	0	1	3	2	5	4	1398	1678	1950	2236	2606	6000	5000	1	1	1	1	1	1
8	48	1	5	1000	273020	273021.953	273	927.998	3	2	4	5	1	32451	0	1000	1278	446	0	3	2	4	5	1	1450	1740	2012	2274	2524	6000	5000	1	1	1	1	1	1
8	49	0	5	1000	278020	278021.95	278	925.996	1	3	2	5	4	13254	0	1000	1254	278	0	1	3	2	5	4	1282	1584	1842	2088	2384	6000	5000	1	1	1	1	1	1
8	50	1	5	1000	283020	283021.956	283	924.003	3	5	1	2	4	35124	0	1000	1258	420	0	3	5	1	2	4	1424	1678	1934	2226	2526	6000	5000	1	1	1	1	1	1
8	51	0	5	1000	288020	288021.953	288	922.004	1	3	2	5	4	13254	0	16000	1194	440	0	1	3	2	5	4	1444	1734	1994	2244	2528	6000	5000	1	1	1	1	1	1
8	52	0	5	1000	308020	308021.953	308	915.988	1	3	2	5	4	13254	0	1000	1210	608	0	1	3	2	5	4	1612	1918	2192	2450	2702	6000	5000	1	1	1	1	1	1
8	53	0	5	1000	313020	313021.953	313	913.971	3	2	4	5	1	32451	0	1000	1264	396	0	3	2	4	5	1	1400	1694	1978	2248	2532	6000	5000	1	1	1	1	1	1
8	54	1	5	1000	318020	318021.965	318	912.01	3	2	4	5	1	32451	0	1000	1190	330	0	3	2	4	5	1	1334	1618	1900	2120	2378	6000	5000	1	1	1	1	1	1
8	55	1	5	1000	323020	323021.955	323	912.005	3	2	4	5	1	32451	0	1000	1296	472	0	3	2	4	5	1	1476	1736	2028	2298	2610	6000	5000	1	1	1	1	1	1
8	56	1	5	1000	328020	328021.967	328	908.013	3	5	1	2	4	35124	0	1000	1288	382	0	3	5	1	2	4	1386	1620	1926	2200	2552	6000	5000	1	1	1	1	1	1
8	57	1	5	1000	333020	333021.956	333	905.989	3	5	1	2	4	35124	0	1000	1264	434	0	3	5	1	2	4	1438	1688	1974	2284	2588	6000	5000	1	1	1	1	1	1
8	58	0	5	1000	338020	338021.965	338	905.999	3	5	1	2	4	35124	0	1000	1218	696	0	3	5	1	2	4	1700	1988	2256	2542	2788	6000	5000	1	1	1	1	1	1
8	59	1	5	1000	343020	343021.951	343	903.997	3	5	1	2	4	35124	0	1000	1178	408	0	3	5	1	2	4	1412	1654	1934	2170	2468	6000	5000	1	1	1	1	1	1
8	60	1	5	1000	348020	348021.971	348	901.988	1	3	2	5	4	13254	0	1000	1390	492	0	1	3	2	5	4	1496	1880	2172	2450	2740	6000	5000	1	1	1	1	1	1
8	61	1	5	1000	353020	353021.958	353	899.978	1	4	5	2	3	14523	0	1000	1284	376	0	1	4	5	2	3	1380	1672	1934	2208	2502	6000	5000	1	1	1	1	1	1
8	62	0	5	1000	358020	358021.958	358	899.961	3	2	4	5	1	32451	0	1000	1248	424	0	3	2	4	5	1	1428	1698	1980	2250	2538	6000	5000	1	1	1	1	1	1
8	63	1	5	1000	363020	363021.958	363	896.008	1	3	2	5	4	13254	0	1000	1198	404	0	1	3	2	5	4	1408	1694	1956	2194	2470	6000	5000	1	1	1	1	1	1
8	64	0	5	1000	368020	368021.959	368	895.999	3	5	1	2	4	35124	0	1000	1222	278	0	3	5	1	2	4	1282	1534	1826	2068	2340	6000	5000	1	1	1	1	1	1
8	65	0	5	1000	373020	373021.958	373	893.959	1	4	5	2	3	14523	0	1000	1330	260	0	1	4	5	2	3	1264	1568	1842	2130	2420	6000	5000	1	1	1	1	1	1
8	66	0	5	1000	378020	378021.956	378	892.005	1	4	5	2	3	14523	0	1000	1204	316	0	1	4	5	2	3	1320	1588	1836	2106	2368	6000	5000	1	1	1	1	1	1
8	67	1	5	1000	383020	383021.951	383	889.976	1	3	2	5	4	13254	0	1000	1246	184	0	1	3	2	5	4	1188	1478	1746	1982	2266	6000	5000	1	1	1	1	1	1
8	68	1	5	1000	388020	388021.954	388	887.959	3	2	4	5	1	32451	0	16000	1282	426	0	3	2	4	5	1	1430	1712	1988	2246	2544	6000	5000	1	1	1	1	1	1
9	1	0	5	1000	8020	8020.011	9	16.01	3	2	4	5	1	32451	0	27000	1706	762	0	3	2	4	5	1	1766	2182	2554	2882	3274	6000	5000	1	1	1	1	1	1
9	2	1	5	1000	39020	39020.002	40	4.006	3	5	1	2	4	35124	0	21000	1654	612	0	3	5	1	2	4	1616	1978	2362	2712	3104	6000	5000	1	1	1	1	1	1
9	3	0	5	1000	64020	69370.703	61	9348.715	1	3	2	5	4	13254	0	24000	1864	668	0	1	3	2	5	4	1672	2346	2704	3044	3360	6000	5000	1	1	1	1	1	1
9	4	1	5	1000	92020	92020.02	92	988.001	1	4	5	2	3	14523	0	15000	1504	658	0	1	4	5	2	3	1662	2042	2366	2680	3006	6000	5000	1	1	1	1	1	1
9	5	0	5	1000	111020	111020.011	111	979.997	3	5	1	2	4	35124	0	18000	1292	860	0	3	5	1	2	4	1864	2160	2458	2736	3020	6000	5000	1	1	1	1	1	1
9	6	1	5	1000	133020	133022.002	133	976.005	3	2	4	5	1	32451	0	9000	1426	472	0	3	2	4	5	1	1476	1780	2116	2402	2690	6000	5000	1	1	1	1	1	1
9	7	0	5	1000	146020	146020.037	146	968.037	1	4	5	2	3	14523	0	30000	1504	464	0	1	4	5	2	3	1468	1806	2154	2488	2828	6000	5000	1	1	1	1	1	1
9	8	1	5	1000	180020	180020.017	180	957.974	1	3	2	5	4	13254	0	12000	1500	514	0	1	3	2	5	4	1518	1974	2296	2572	2860	6000	5000	1	1	1	1	1	1
9	9	0	5	1000	196020	196020.007	196	952.007	3	2	4	5	1	32451	0	15000	1414	848	0	3	2	4	5	1	1852	2164	2500	2802	3096	6000	5000	1	1	1	1	1	1
9	10	1	5	1000	215020	215020.025	215	945.995	3	5	1	2	4	35124	0	30000	1382	652	0	3	5	1	2	4	1656	1982	2286	2570	2872	6000	5000	1	1	1	1	1	1
9	11	0	5	1000	249020	249021.987	249	936.016	1	3	2	5	4	13254	0	24000	1474	546	0	1	3	2	5	4	1550	1910	2268	2570	2888	6000	5000	1	1	1	1	1	1
9	12	1	5	1000	277020	277021.986	277	926.014	1	4	5	2	3	14523	0	9000	1478	438	0	1	4	5	2	3	1442	1776	2098	2408	2738	6000	5000	1	1	1	1	1	1
9	13	0	5	1000	290020	290021.973	290	921.996	3	5	1	2	4	35124	0	18000	1372	444	0	3	5	1	2	4	1448	1744	2060	2334	2652	6000	5000	1	1	1	1	1	1
9	14	1	5	1000	312020	312021.968	312	913.992	3	2	4	5	1	32451	0	21000	1610	594	0	3	2	4	5	1	1598	1966	2382	2740	3068	6000	5000	1	1	1	1	1	1
9	15	0	5	1000	337020	337022.002	337	906.031	1	4	5	2	3	14523	0	27000	1836	422	0	1	4	5	2	3	1426	1824	2208	2654	3090	6000	5000	1	1	1	1	1	1
9	16	1	5	1000	368020	368020.004	368	894.016	1	3	2	5	4	13254	0	12000	1550	482	0	1	3	2	5	4	1486	1922	2260	2560	2888	6000	5000	1	1	1	1	1	1