BN	TN	seqType	Horizon	PrepTime	startTime	startTimeReal	startTRReal	startTRtime	press0	press1	press2	press3	press4	cueP	complete	iti	MT	RT	isError	response0	response1	response2	response3	response4	pressTime0	pressTime1	pressTime2	pressTime3	pressTime4	timeThreshold	timeThresholdSuper	points	Gain1	Gain2	Gain3	Gain4	Gain5
1	1	1	5	1000	8020	8021.881	9	17.986	3	2	4	5	1	32451	0	1000	1230	440	0	3	2	4	5	1	1444	1724	1996	2274	2544	6000	5000	1	1	1	1	1	1
1	2	0	5	1000	13020	13021.88	14	16	3	2	4	5	1	32451	0	1000	1170	414	0	3	2	4	5	1	1418	1676	1968	2238	2492	6000	5000	1	1	1	1	1	1
1	3	0	5	1000	18020	18021.893	19	14.01	1	3	2	5	4	13254	0	1000	1216	384	0	1	3	2	5	4	1388	1676	1938	2220	2486	6000	5000	1	1	1	1	1	1
1	4	1	5	1000	23020	23021.9	24	12.004	1	3	2	5	4	13254	0	1000	1254	384	0	1	3	2	5	4	1388	1694	1974	2256	2512	6000	5000	1	1	1	1	1	1
1	5	0	5	1000	28020	28021.883	29	10.014	3	5	1	2	4	35124	0	1000	1212	468	0	3	5	1	2	4	1472	1768	2024	2328	2570	6000	5000	1	1	1	1	1	1
1	6	0	5	1000	33020	33021.893	34	7.999	3	2	4	5	1	32451	0	1000	1702	368	0	3	2	4	5	1	1372	1628	1946	2626	2926	6000	5000	1	1	1	1	1	1
1	7	1	5	1000	38020	38021.894	39	8.002	1	3	2	5	4	13254	0	1000	1190	348	0	1	3	2	5	4	1352	1648	1920	2182	2438	6000	5000	1	1	1	1	1	1
1	8	0	5	1000	43020	43021.884	44	6.013	1	3	2	5	4	13254	0	1000	1236	362	0	1	3	2	5	4	1366	1666	1942	2210	2474	6000	5000	1	1	1	1	1	1
1	9	1	5	1000	48020	48021.894	49	3.973	3	5	1	2	4	35124	0	1000	1210	346	0	3	5	1	2	4	1350	1586	1840	2158	2426	6000	5000	1	1	1	1	1	1
1	10	0	5	1000	53020	53021.914	54	1.939	3	5	1	2	4	35124	0	1000	1222	368	0	3	5	1	2	4	1372	1654	1922	2234	2480	6000	5000	1	1	1	1	1	1
1	11	1	5	1000	58020	58021.885	59	0	1	4	5	2	3	14523	0	1000	1670	344	0	1	4	5	2	3	1348	1628	1924	2216	2842	6000	5000	1	1	1	1	1	1
1	12	1	5	1000	63020	63021.883	63	998.01	1	3	2	5	4	13254	0	1000	1478	416	0	1	3	2	5	4	1420	1722	2012	2352	2716	6000	5000	1	1	1	1	1	1
1	13	1	5	1000	68020	68021.872	68	997.991	3	5	1	2	4	35124	0	1000	1356	234	0	3	5	1	2	4	1238	1504	1816	2126	2422	6000	5000	1	1	1	1	1	1
1	14	1	5	1000	73020	73020.008	73	994.126	1	3	2	5	4	13254	0	1000	1266	364	0	1	3	2	5	4	1368	1652	1940	2226	2488	6000	5000	1	1	1	1	1	1
1	15	0	5	1000	78020	78021.869	78	994.015	3	2	4	5	1	32451	0	1000	1286	410	0	3	2	4	5	1	1414	1670	1960	2248	2570	6000	5000	1	1	1	1	1	1
1	16	0	5	1000	83020	83021.881	83	991.977	3	2	4	5	1	32451	0	1000	1418	382	0	3	2	4	5	1	1386	1698	2008	2340	2674	6000	5000	1	1	1	1	1	1
1	17	1	5	1000	88020	88021.896	88	990.013	3	5	1	2	4	35124	0	16000	1304	306	0	3	5	1	2	4	1310	1566	1870	2182	2478	6000	5000	1	1	1	1	1	1
1	18	1	5	1000	108020	108021.895	108	984.015	3	5	1	2	4	35124	0	1000	1264	526	0	3	5	1	2	4	1530	1820	2084	2404	2660	6000	5000	1	1	1	1	1	1
1	19	1	5	1000	113020	113021.869	113	981.988	3	5	1	2	4	35124	0	1000	1138	346	0	3	5	1	2	4	1350	1586	1850	2122	2356	6000	5000	1	1	1	1	1	1
1	20	0	5	1000	118020	118021.869	118	979.997	3	2	4	5	1	32451	0	1000	1204	352	0	3	2	4	5	1	1356	1632	1904	2156	2430	6000	5000	1	1	1	1	1	1
1	21	0	5	1000	123020	123021.877	123	977.994	1	4	5	2	3	14523	0	1000	1216	374	0	1	4	5	2	3	1378	1638	1904	2188	2466	6000	5000	1	1	1	1	1	1
1	22	0	5	1000	128020	128021.894	128	976	3	5	1	2	4	35124	0	1000	1252	368	0	3	5	1	2	4	1372	1638	1896	2194	2482	6000	5000	1	1	1	1	1	1
1	23	0	5	1000	133020	133021.885	133	974.005	1	3	2	5	4	13254	0	1000	1254	476	0	1	3	2	5	4	1480	1760	2032	2284	2578	6000	5000	1	1	1	1	1	1
1	24	0	5	1000	138020	138021.882	138	973.999	3	2	4	5	1	32451	0	1000	866	376	0	3	2	4	5	1	1380	1626	1838	2020	2156	6000	5000	1	1	1	1	1	1
1	25	1	5	1000	143020	143021.869	143	971.987	1	4	5	2	3	14523	0	1000	1024	334	0	1	4	5	2	3	1338	1558	1802	2032	2274	6000	5000	1	1	1	1	1	1
1	26	0	5	1000	148020	148021.884	148	970.002	3	5	1	2	4	35124	0	1000	850	356	0	3	5	1	2	4	1360	1562	1726	1954	2106	6000	5000	1	1	1	1	1	1
1	27	0	5	1000	153020	153021.884	153	968.007	1	4	5	2	3	14523	0	1000	784	386	0	1	4	5	2	3	1390	1560	1760	1902	2080	6000	5000	1	1	1	1	1	1
1	28	1	5	1000	158020	158021.892	158	966.012	1	4	5	2	3	14523	0	1000	974	336	0	1	4	5	2	3	1340	1578	1808	2030	2232	6000	5000	1	1	1	1	1	1
1	29	0	5	1000	163020	163021.892	163	963.999	1	4	5	2	3	14523	0	1000	956	336	0	1	4	5	2	3	1340	1578	1806	2020	2206	6000	5000	1	1	1	1	1	1
1	30	0	5	1000	168020	168021.892	168	962.008	3	2	4	5	1	32451	0	1000	1700	404	0	3	2	4	5	1	1408	1702	2004	2310	2940	6000	5000	1	1	1	1	1	1
1	31	1	5	1000	173020	173021.885	173	962.005	3	2	4	5	1	32451	0	1000	1424	420	0	3	2	4	5	1	1424	1674	1956	2232	2676	6000	5000	1	1	1	1	1	1
1	32	1	5	1000	178020	178021.885	178	960.003	1	3	2	5	4	13254	0	1000	1266	330	0	1	3	2	5	4	1334	1626	1880	2166	2434	6000	5000	1	1	1	1	1	1
1	33	1	5	1000	183020	183021.905	183	957.999	1	3	2	5	4	13254	0	1000	1232	252	0	1	3	2	5	4	1256	1518	1802	2070	2314	6000	5000	1	1	1	1	1	1
1	34	0	5	1000	188020	188021.883	188	956.002	1	4	5	2	3	14523	0	16000	1300	336	0	1	4	5	2	3	1340	1626	1920	2210	2488	6000	5000	1	1	1	1	1	1
1	35	0	5	1000	208020	208021.881	208	949.986	1	4	5	2	3	14523	0	1000	1164	444	0	1	4	5	2	3	1448	1724	1996	2252	2506	6000	5000	1	1	1	1	1	1
1	36	1	5	1000	213020	213021.881	213	947.998	3	2	4	5	1	32451	0	1000	1114	348	0	3	2	4	5	1	1352	1612	1864	2108	2320	6000	5000	1	1	1	1	1	1
1	37	0	5	1000	218020	218021.869	218	946.007	1	4	5	2	3	14523	0	1000	1168	326	0	1	4	5	2	3	1330	1604	1874	2136	2360	6000	5000	1	1	1	1	1	1
1	38	1	5	1000	223020	223021.859	223	943.993	3	5	1	2	4	35124	0	1000	1178	292	0	3	5	1	2	4	1296	1562	1824	2118	2334	6000	5000	1	1	1	1	1	1
1	39	1	5	1000	228020	228021.858	228	943.986	3	2	4	5	1	32451	0	1000	1206	356	0	3	2	4	5	1	1360	1626	1902	2170	2422	6000	5000	1	1	1	1	1	1
1	40	0	5	1000	233020	233021.872	233	940.009	3	5	1	2	4	35124	0	1000	1198	332	0	3	5	1	2	4	1336	1620	1882	2150	2394	6000	5000	1	1	1	1	1	1
1	41	1	5	1000	238020	238021.868	238	938.008	3	5	1	2	4	35124	0	1000	1120	272	0	3	5	1	2	4	1276	1538	1780	2040	2294	6000	5000	1	1	1	1	1	1
1	42	0	5	1000	243020	243021.858	243	935.965	1	3	2	5	4	13254	0	1000	1106	270	0	1	3	2	5	4	1274	1540	1780	2016	2256	6000	5000	1	1	1	1	1	1
1	43	0	5	1000	248020	248021.864	248	936.002	1	4	5	2	3	14523	0	1000	1046	360	0	1	4	5	2	3	1364	1590	1814	2048	2290	6000	5000	1	1	1	1	1	1
1	44	0	5	1000	253020	253021.857	253	933.995	1	4	5	2	3	14523	0	1000	1068	422	0	1	4	5	2	3	1426	1668	1906	2146	2384	6000	5000	1	1	1	1	1	1
1	45	1	5	1000	258020	258021.862	258	931.999	1	3	2	5	4	13254	0	1000	1122	308	0	1	3	2	5	4	1312	1576	1840	2076	2290	6000	5000	1	1	1	1	1	1
1	46	1	5	1000	263020	263021.874	263	930.024	1	4	5	2	3	14523	0	1000	1096	264	0	1	4	5	2	3	1268	1522	1766	2018	2234	6000	5000	1	1	1	1	1	1
1	47	1	5	1000	268020	268021.865	268	928.002	1	4	5	2	3	14523	0	1000	1154	312	0	1	4	5	2	3	1316	1558	1830	2074	2336	6000	5000	1	1	1	1	1	1
1	48	1	5	1000	273020	273021.868	273	928.011	3	5	1	2	4	35124	0	1000	1220	314	0	3	5	1	2	4	1318	1610	1850	2170	2394	6000	5000	1	1	1	1	1	1
1	49	1	5	1000	278020	278021.865	278	923.986	1	4	5	2	3	14523	0	1000	1250	326	0	1	4	5	2	3	1330	1620	1888	2172	2452	6000	5000	1	1	1	1	1	1
1	50	1	5	1000	283020	283021.871	283	923.997	3	2	4	5	1	32451	0	1000	1166	404	0	3	2	4	5	1	1408	1664	1918	2174	2442	6000	5000	1	1	1	1	1	1
1	51	0	5	1000	288020	288021.857	288	921.979	1	3	2	5	4	13254	0	16000	1118	244	0	1	3	2	5	4	1248	1512	1740	1986	2228	6000	5000	1	1	1	1	1	1
1	52	0	5	1000	308020	308021.91	308	914.036	1	3	2	5	4	13254	0	1000	1122	518	0	1	3	2	5	4	1522	1796	2042	2262	2492	6000	5000	1	1	1	1	1	1
1	53	1	5	1000	313020	313021.882	313	911.998	3	2	4	5	1	32451	0	1000	1180	342	0	3	2	4	5	1	1346	1586	1856	2126	2364	6000	5000	1	1	1	1	1	1
1	54	1	5	1000	318020	318021.851	318	911.98	3	2	4	5	1	32451	0	1000	1178	322	0	3	2	4	5	1	1326	1572	1838	2098	2326	6000	5000	1	1	1	1	1	1
1	55	1	5	1000	323020	323021.888	323	910.018	3	5	1	2	4	35124	0	1000	1128	286	0	3	5	1	2	4	1290	1522	1734	2022	2272	6000	5000	1	1	1	1	1	1
1	56	0	5	1000	328020	328021.882	328	908.002	1	4	5	2	3	14523	0	1000	1102	312	0	1	4	5	2	3	1316	1540	1756	2000	2294	6000	5000	1	1	1	1	1	1
1	57	0	5	1000	333020	333021.868	333	905.978	1	3	2	5	4	13254	0	1000	1124	180	0	1	3	2	5	4	1184	1434	1672	1916	2176	6000	5000	1	1	1	1	1	1
1	58	0	5	1000	338020	338021.881	338	904.016	1	3	2	5	4	13254	0	1000	1000	190	0	1	3	2	5	4	1194	1422	1666	1866	2074	6000	5000	1	1	1	1	1	1
1	59	1	5	1000	343020	343021.878	343	902.028	1	4	5	2	3	14523	0	1000	992	324	0	1	4	5	2	3	1328	1550	1750	1974	2226	6000	5000	1	1	1	1	1	1
1	60	0	5	1000	348020	348021.891	348	900.003	3	2	4	5	1	32451	0	1000	1384	362	0	3	2	4	5	1	1366	1596	1912	2316	2616	6000	5000	1	1	1	1	1	1
1	61	0	5	1000	353020	353021.874	353	899.963	3	5	1	2	4	35124	0	1000	1180	294	0	3	5	1	2	4	1298	1572	1802	2112	2348	6000	5000	1	1	1	1	1	1
1	62	0	5	1000	358020	358021.872	358	898	3	5	1	2	4	35124	0	1000	1208	344	0	3	5	1	2	4	1348	1598	1858	2160	2428	6000	5000	1	1	1	1	1	1
1	63	1	5	1000	363020	363021.882	363	896.002	3	2	4	5	1	32451	0	1000	1214	498	0	3	2	4	5	1	1502	1750	2062	2330	2588	6000	5000	1	1	1	1	1	1
1	64	1	5	1000	368020	368021.882	368	894.017	1	4	5	2	3	14523	0	1000	1098	306	0	1	4	5	2	3	1310	1552	1790	2040	2316	6000	5000	1	1	1	1	1	1
1	65	0	5	1000	373020	373021.874	373	892.019	1	3	2	5	4	13254	0	1000	1044	386	0	1	3	2	5	4	1390	1648	1902	2076	2324	6000	5000	1	1	1	1	1	1
1	66	0	5	1000	378020	378021.893	378	890.019	3	5	1	2	4	35124	0	1000	1118	310	0	3	5	1	2	4	1314	1570	1792	2082	2302	6000	5000	1	1	1	1	1	1
1	67	1	5	1000	383020	383021.907	383	888.034	1	3	2	5	4	13254	0	1000	1112	294	0	1	3	2	5	4	1298	1574	1794	2040	2284	6000	5000	1	1	1	1	1	1
1	68	1	5	1000	388020	388021.872	388	887.991	3	2	4	5	1	32451	0	16000	1238	388	0	3	2	4	5	1	1392	1648	1944	2206	2448	6000	5000	1	1	1	1	1	1
2	1	0	5	1000	8020	8021.985	9	17.998	1	4	5	2	3	14523	0	1000	1078	378	0	1	4	5	2	3	1382	1652	1868	2092	2326	6000	5000	1	1	1	1	1	1
2	2	0	5	1000	13020	13021.987	14	15.999	3	2	4	5	1	32451	0	1000	1152	344	0	3	2	4	5	1	1348	1592	1892	2094	2322	6000	5000	1	1	1	1	1	1
2	3	1	5	1000	18020	18021.992	19	13.963	3	2	4	5	1	32451	0	1000	1096	350	0	3	2	4	5	1	1354	1584	1852	2064	2286	6000	5000	1	1	1	1	1	1
2	4	1	5	1000	23020	23021.985	24	11.998	1	4	5	2	3	14523	0	1000	1010	302	0	1	4	5	2	3	1306	1534	1714	1940	2154	6000	5000	1	1	1	1	1	1
2	5	1	5	1000	28020	28021.986	29	11.999	3	2	4	5	1	32451	0	1000	1134	308	0	3	2	4	5	1	1312	1536	1806	2012	2244	6000	5000	1	1	1	1	1	1
2	6	1	5	1000	33020	33021.986	34	9.99	3	5	1	2	4	35124	0	1000	968	322	0	3	5	1	2	4	1326	1518	1754	1954	2152	6000	5000	1	1	1	1	1	1
2	7	0	5	1000	38020	38020.001	39	6.002	1	4	5	2	3	14523	0	1000	944	298	0	1	4	5	2	3	1302	1532	1714	1918	2116	6000	5000	1	1	1	1	1	1
2	8	0	5	1000	43020	43022.004	44	6.016	1	3	2	5	4	13254	0	1000	924	310	0	1	3	2	5	4	1314	1514	1714	1882	2090	6000	5000	1	1	1	1	1	1
2	9	0	5	1000	48020	48021.984	49	3.995	3	5	1	2	4	35124	0	1000	988	422	0	3	5	1	2	4	1426	1608	1834	2058	2276	6000	5000	1	1	1	1	1	1
2	10	1	5	1000	53020	53020.089	54	0	3	2	4	5	1	32451	0	1000	1010	348	0	3	2	4	5	1	1352	1570	1822	2014	2212	6000	5000	1	1	1	1	1	1
2	11	0	5	1000	58020	58021.969	59	0	3	2	4	5	1	32451	0	1000	996	276	0	3	2	4	5	1	1280	1494	1734	1912	2122	6000	5000	1	1	1	1	1	1
2	12	0	5	1000	63020	63021.982	64	0	3	5	1	2	4	35124	0	1000	996	336	0	3	5	1	2	4	1340	1562	1774	1986	2188	6000	5000	1	1	1	1	1	1
2	13	0	5	1000	68020	68021.988	68	997.977	1	4	5	2	3	14523	0	1000	956	294	0	1	4	5	2	3	1298	1528	1686	1918	2126	6000	5000	1	1	1	1	1	1
2	14	0	5	1000	73020	73021.987	73	995.968	3	5	1	2	4	35124	0	1000	976	308	0	3	5	1	2	4	1312	1500	1722	1948	2160	6000	5000	1	1	1	1	1	1
2	15	0	5	1000	78020	78022	78	993.92	3	2	4	5	1	32451	0	1000	978	348	0	3	2	4	5	1	1352	1560	1786	1974	2194	6000	5000	1	1	1	1	1	1
2	16	1	5	1000	83020	83020.009	83	990.023	1	4	5	2	3	14523	0	1000	930	338	0	1	4	5	2	3	1342	1576	1738	1954	2154	6000	5000	1	1	1	1	1	1
2	17	0	5	1000	88020	88020.004	88	987.995	1	4	5	2	3	14523	0	16000	962	230	0	1	4	5	2	3	1234	1464	1656	1858	2066	6000	5000	1	1	1	1	1	1
2	18	0	5	1000	108020	108022.001	108	984.002	1	4	5	2	3	14523	0	1000	954	506	0	1	4	5	2	3	1510	1730	1936	2148	2352	6000	5000	1	1	1	1	1	1
2	19	0	5	1000	113020	113021.985	113	982.009	1	4	5	2	3	14523	0	1000	948	270	0	1	4	5	2	3	1274	1500	1684	1900	2092	6000	5000	1	1	1	1	1	1
2	20	1	5	1000	118020	118022.019	118	980.019	1	4	5	2	3	14523	0	1000	970	238	0	1	4	5	2	3	1242	1456	1678	1888	2080	6000	5000	1	1	1	1	1	1
2	21	1	5	1000	123020	123020.03	123	976.03	1	3	2	5	4	13254	0	1000	1002	358	0	1	3	2	5	4	1362	1602	1824	1990	2224	6000	5000	1	1	1	1	1	1
2	22	0	5	1000	128020	128020.01	128	976.02	1	3	2	5	4	13254	0	1000	974	442	0	1	3	2	5	4	1446	1672	1912	2064	2278	6000	5000	1	1	1	1	1	1
2	23	1	5	1000	133020	133022.014	133	976.026	3	2	4	5	1	32451	0	1000	986	496	0	3	2	4	5	1	1500	1710	1916	2082	2290	6000	5000	1	1	1	1	1	1
2	24	1	5	1000	138020	138020.015	138	971.978	3	2	4	5	1	32451	0	1000	914	368	0	3	2	4	5	1	1372	1578	1804	1954	2138	6000	5000	1	1	1	1	1	1
2	25	0	5	1000	143020	143022.001	143	972.041	1	3	2	5	4	13254	0	1000	942	416	0	1	3	2	5	4	1420	1668	1876	2018	2210	6000	5000	1	1	1	1	1	1
2	26	0	5	1000	148020	148021.996	148	969.996	3	2	4	5	1	32451	0	1000	894	420	0	3	2	4	5	1	1424	1626	1860	1994	2170	6000	5000	1	1	1	1	1	1
2	27	0	5	1000	153020	153020.046	153	966.073	3	2	4	5	1	32451	0	1000	906	358	0	3	2	4	5	1	1362	1560	1774	1942	2118	6000	5000	1	1	1	1	1	1
2	28	0	5	1000	158020	158021.985	158	966.026	1	4	5	2	3	14523	0	1000	812	484	0	1	4	5	2	3	1488	1682	1812	2028	2222	6000	5000	1	1	1	1	1	1
2	29	1	5	1000	163020	163021.986	163	966	1	3	2	5	4	13254	0	1000	908	330	0	1	3	2	5	4	1334	1586	1758	1916	2106	6000	5000	1	1	1	1	1	1
2	30	0	5	1000	168020	168020.109	168	962.099	3	5	1	2	4	35124	0	1000	806	336	0	3	5	1	2	4	1340	1510	1702	1846	2024	6000	5000	1	1	1	1	1	1
2	31	0	5	1000	173020	173021.987	173	961.988	3	5	1	2	4	35124	0	1000	802	348	0	3	5	1	2	4	1352	1488	1692	1856	2022	6000	5000	1	1	1	1	1	1
2	32	1	5	1000	178020	178021.976	178	959.99	3	5	1	2	4	35124	0	1000	792	326	0	3	5	1	2	4	1330	1478	1650	1812	1992	6000	5000	1	1	1	1	1	1
2	33	1	5	1000	183020	183021.986	183	958	1	3	2	5	4	13254	0	1000	882	326	0	1	3	2	5	4	1330	1560	1754	1888	2084	6000	5000	1	1	1	1	1	1
2	34	0	5	1000	188020	188021.996	188	955.995	3	2	4	5	1	32451	0	16000	796	344	0	3	2	4	5	1	1348	1522	1704	1846	2000	6000	5000	1	1	1	1	1	1
2	35	0	5	1000	208020	208021.986	208	949.997	3	2	4	5	1	32451	0	1000	910	770	0	3	2	4	5	1	1774	1990	2226	2392	2558	6000	5000	1	1	1	1	1	1
2	36	0	5	1000	213020	213020.005	213	946.021	1	3	2	5	4	13254	0	1000	828	334	0	1	3	2	5	4	1338	1558	1728	1856	2024	6000	5000	1	1	1	1	1	1
2	37	0	5	1000	218020	218021.987	218	945.988	1	4	5	2	3	14523	0	1000	768	428	0	1	4	5	2	3	1432	1610	1748	1906	2092	6000	5000	1	1	1	1	1	1
2	38	1	5	1000	223020	223021.957	223	943.963	3	5	1	2	4	35124	0	1000	728	346	0	3	5	1	2	4	1350	1514	1662	1796	1958	6000	5000	1	1	1	1	1	1
2	39	1	5	1000	228020	228021.977	228	941.996	3	2	4	5	1	32451	0	1000	730	322	0	3	2	4	5	1	1326	1478	1660	1794	1914	6000	5000	1	1	1	1	1	1
2	40	0	5	1000	233020	233021.975	233	941.993	1	4	5	2	3	14523	0	1000	734	332	0	1	4	5	2	3	1336	1516	1636	1816	1968	6000	5000	1	1	1	1	1	1
2	41	1	5	1000	238020	238021.973	238	939.994	3	2	4	5	1	32451	0	1000	718	372	0	3	2	4	5	1	1376	1532	1710	1836	1954	6000	5000	1	1	1	1	1	1
2	42	1	5	1000	243020	243021.98	243	938.004	1	3	2	5	4	13254	0	1000	800	306	0	1	3	2	5	4	1310	1526	1688	1830	1978	6000	5000	1	1	1	1	1	1
2	43	1	5	1000	248020	248022.004	248	936.004	1	4	5	2	3	14523	0	1000	734	390	0	1	4	5	2	3	1394	1598	1732	1866	2014	6000	5000	1	1	1	1	1	1
2	44	1	5	1000	253020	253022.018	253	934.01	3	5	1	2	4	35124	0	1000	716	380	0	3	5	1	2	4	1384	1534	1696	1822	1962	6000	5000	1	1	1	1	1	1
2	45	1	5	1000	258020	258021.974	258	932.015	1	4	5	2	3	14523	0	1000	768	274	0	1	4	5	2	3	1278	1470	1626	1760	1918	6000	5000	1	1	1	1	1	1
2	46	0	5	1000	263020	263021.978	263	929.999	3	2	4	5	1	32451	0	1000	754	460	0	3	2	4	5	1	1464	1646	1800	1952	2070	6000	5000	1	1	1	1	1	1
2	47	1	5	1000	268020	268021.975	268	927.994	3	5	1	2	4	35124	0	1000	730	366	0	3	5	1	2	4	1370	1542	1662	1810	1956	6000	5000	1	1	1	1	1	1
2	48	1	5	1000	273020	273021.992	273	928.019	3	5	1	2	4	35124	0	1000	740	346	0	3	5	1	2	4	1350	1502	1640	1792	1950	6000	5000	1	1	1	1	1	1
2	49	0	5	1000	278020	278021.958	278	925.998	3	5	1	2	4	35124	0	1000	650	360	0	3	5	1	2	4	1364	1490	1618	1738	1866	6000	5000	1	1	1	1	1	1
2	50	0	5	1000	283020	283021.976	283	923.996	1	3	2	5	4	13254	0	1000	768	346	0	1	3	2	5	4	1350	1544	1692	1816	1952	6000	5000	1	1	1	1	1	1
2	51	0	5	1000	288020	288021.978	288	921.989	1	3	2	5	4	13254	0	16000	748	328	0	1	3	2	5	4	1332	1500	1658	1782	1918	6000	5000	1	1	1	1	1	1
2	52	0	5	1000	308020	308021.96	308	915.973	1	3	2	5	4	13254	0	1000	788	440	0	1	3	2	5	4	1444	1640	1818	1948	2106	6000	5000	1	1	1	1	1	1
2	53	1	5	1000	313020	313021.988	313	914.013	3	5	1	2	4	35124	0	1000	682	356	0	3	5	1	2	4	1360	1506	1642	1766	1922	6000	5000	1	1	1	1	1	1
2	54	0	5	1000	318020	318021.976	318	911.995	1	3	2	5	4	13254	0	1000	730	214	0	1	3	2	5	4	1218	1392	1544	1652	1798	6000	5000	1	1	1	1	1	1
2	55	1	5	1000	323020	323021.991	323	910.016	1	4	5	2	3	14523	0	1000	864	464	0	1	4	5	2	3	1468	1778	1914	2086	2252	6000	5000	1	1	1	1	1	1
2	56	1	5	1000	328020	328021.987	328	908.007	1	4	5	2	3	14523	0	1000	716	388	0	1	4	5	2	3	1392	1594	1716	1842	1972	6000	5000	1	1	1	1	1	1
2	57	0	5	1000	333020	333021.979	333	906.001	3	5	1	2	4	35124	0	1000	662	386	0	3	5	1	2	4	1390	1536	1676	1770	1970	6000	5000	1	1	1	1	1	1
2	58	1	5	1000	338020	338021.976	338	903.994	1	3	2	5	4	13254	0	1000	710	320	0	1	3	2	5	4	1324	1494	1628	1744	1866	6000	5000	1	1	1	1	1	1
2	59	1	5	1000	343020	343021.98	343	903.989	3	2	4	5	1	32451	0	1000	748	390	0	3	2	4	5	1	1394	1560	1726	1844	1992	6000	5000	1	1	1	1	1	1
2	60	0	5	1000	348020	348021.989	348	902.009	3	5	1	2	4	35124	0	1000	1458	404	1	3	5	2	2	4	1408	1564	1812	2588	2730	6000	5000	0	1	1	1	1	1
2	61	1	5	1000	353020	353021.977	353	900	1	4	5	2	3	14523	0	1000	726	374	0	1	4	5	2	3	1378	1592	1722	1856	1998	6000	5000	1	1	1	1	1	1
2	62	0	5	1000	358020	358021.988	358	898.011	1	3	2	5	4	13254	0	1000	794	386	0	1	3	2	5	4	1390	1574	1770	1892	2030	6000	5000	1	1	1	1	1	1
2	63	1	5	1000	363020	363020.013	363	894.034	1	3	2	5	4	13254	0	1000	964	320	0	1	3	2	5	4	1324	1550	1764	1934	2102	6000	5000	1	1	1	1	1	1
2	64	1	5	1000	368020	368021.982	368	894.007	3	5	1	2	4	35124	0	1000	818	308	0	3	5	1	2	4	1312	1492	1704	1838	2006	6000	5000	1	1	1	1	1	1
2	65	0	5	1000	373020	373021.962	373	891.976	3	2	4	5	1	32451	0	1000	868	310	0	3	2	4	5	1	1314	1524	1728	1892	2030	6000	5000	1	1	1	1	1	1
2	66	1	5	1000	378020	378022.002	378	892.028	1	3	2	5	4	13254	0	1000	890	342	0	1	3	2	5	4	1346	1564	1748	1902	2092	6000	5000	1	1	1	1	1	1
2	67	1	5	1000	383020	383021.977	383	889.959	1	3	2	5	4	13254	0	1000	940	450	0	1	3	2	5	4	1454	1686	1884	2060	2230	6000	5000	1	1	1	1	1	1
2	68	0	5	1000	388020	388021.991	388	888.008	1	4	5	2	3	14523	0	16000	814	474	0	1	4	5	2	3	1478	1666	1826	1996	2172	6000	5000	1	1	1	1	1	1
3	1	1	5	1000	8020	8021.985	9	17.98	3	5	1	2	4	35124	0	1000	812	360	0	3	5	1	2	4	1364	1564	1708	1888	2040	6000	5000	1	1	1	1	1	1
3	2	1	5	1000	13020	13020.009	14	13.963	3	2	4	5	1	32451	0	1000	872	336	0	3	2	4	5	1	1340	1526	1740	1904	2050	6000	5000	1	1	1	1	1	1
3	3	1	5	1000	18020	18020.003	19	11.998	1	4	5	2	3	14523	0	1000	758	312	0	1	4	5	2	3	1316	1512	1652	1788	1942	6000	5000	1	1	1	1	1	1
3	4	1	5	1000	23020	23020.021	24	10.015	1	4	5	2	3	14523	0	1000	760	320	0	1	4	5	2	3	1324	1526	1666	1800	1950	6000	5000	1	1	1	1	1	1
3	5	0	5	1000	28020	28022.015	29	10.013	3	5	1	2	4	35124	0	1000	782	342	0	3	5	1	2	4	1346	1558	1682	1816	2000	6000	5000	1	1	1	1	1	1
3	6	0	5	1000	33020	33020.018	34	6.026	1	4	5	2	3	14523	0	1000	724	368	0	1	4	5	2	3	1372	1532	1668	1798	1954	6000	5000	1	1	1	1	1	1
3	7	0	5	1000	38020	38021.998	39	7.991	1	4	5	2	3	14523	0	1000	830	168	0	1	4	5	2	3	1172	1390	1542	1686	1876	6000	5000	1	1	1	1	1	1
3	8	0	5	1000	43020	43021.982	44	5.986	3	5	1	2	4	35124	0	1000	812	400	0	3	5	1	2	4	1404	1580	1720	1872	2074	6000	5000	1	1	1	1	1	1
3	9	1	5	1000	48020	48021.996	49	4.002	3	2	4	5	1	32451	0	1000	816	462	0	3	2	4	5	1	1466	1648	1846	1980	2124	6000	5000	1	1	1	1	1	1
3	10	0	5	1000	53020	53020.006	54	0	3	5	1	2	4	35124	0	1000	862	364	0	3	5	1	2	4	1368	1576	1754	1906	2074	6000	5000	1	1	1	1	1	1
3	11	1	5	1000	58020	58021.991	59	0	1	3	2	5	4	13254	0	1000	892	324	0	1	3	2	5	4	1328	1548	1728	1880	2062	6000	5000	1	1	1	1	1	1
3	12	0	5	1000	63020	63020.006	63	995.993	1	3	2	5	4	13254	0	1000	872	418	0	1	3	2	5	4	1422	1618	1810	1964	2118	6000	5000	1	1	1	1	1	1
3	13	0	5	1000	68020	68020.015	68	995.975	3	2	4	5	1	32451	0	1000	826	434	0	3	2	4	5	1	1438	1646	1826	1970	2106	6000	5000	1	1	1	1	1	1
3	14	1	5	1000	73020	73021.989	73	995.993	1	3	2	5	4	13254	0	1000	842	340	0	1	3	2	5	4	1344	1532	1696	1852	2018	6000	5000	1	1	1	1	1	1
3	15	1	5	1000	78020	78020.005	78	992.012	3	2	4	5	1	32451	0	1000	842	414	0	3	2	4	5	1	1418	1592	1804	1952	2120	6000	5000	1	1	1	1	1	1
3	16	1	5	1000	83020	83020.015	83	990.035	3	2	4	5	1	32451	0	1000	824	410	0	3	2	4	5	1	1414	1594	1784	1928	2074	6000	5000	1	1	1	1	1	1
3	17	0	5	1000	88020	88022.023	88	990.029	3	2	4	5	1	32451	0	16000	794	388	0	3	2	4	5	1	1392	1560	1740	1882	2008	6000	5000	1	1	1	1	1	1
3	18	0	5	1000	108020	108022.025	108	984.021	3	2	4	5	1	32451	0	1000	978	516	0	3	2	4	5	1	1520	1724	1942	2134	2282	6000	5000	1	1	1	1	1	1
3	19	0	5	1000	113020	113021.979	113	981.994	3	5	1	2	4	35124	0	1000	872	392	0	3	5	1	2	4	1396	1594	1770	1942	2126	6000	5000	1	1	1	1	1	1
3	20	0	5	1000	118020	118020.004	118	977.998	3	5	1	2	4	35124	0	1000	846	344	0	3	5	1	2	4	1348	1556	1712	1866	2046	6000	5000	1	1	1	1	1	1
3	21	1	5	1000	123020	123021.989	123	977.998	3	5	1	2	4	35124	0	1000	1382	516	0	3	5	1	2	4	1520	1950	2404	2604	2766	6000	5000	1	1	1	1	1	1
3	22	0	5	1000	128020	128021.981	128	975.999	1	4	5	2	3	14523	0	1000	774	622	0	1	4	5	2	3	1626	1804	1968	2116	2266	6000	5000	1	1	1	1	1	1
3	23	1	5	1000	133020	133021.994	133	974.005	3	5	1	2	4	35124	0	1000	818	372	0	3	5	1	2	4	1376	1578	1736	1890	2044	6000	5000	1	1	1	1	1	1
3	24	0	5	1000	138020	138020.005	138	971.975	3	2	4	5	1	32451	0	1000	836	302	0	3	2	4	5	1	1306	1488	1676	1816	1980	6000	5000	1	1	1	1	1	1
3	25	0	5	1000	143020	143022.009	143	971.968	3	2	4	5	1	32451	0	1000	782	368	0	3	2	4	5	1	1372	1530	1712	1854	2004	6000	5000	1	1	1	1	1	1
3	26	0	5	1000	148020	148021.979	148	970.001	1	3	2	5	4	13254	0	1000	790	578	0	1	3	2	5	4	1582	1758	1932	2066	2216	6000	5000	1	1	1	1	1	1
3	27	1	5	1000	153020	153021.995	153	968.015	1	4	5	2	3	14523	0	1000	748	482	0	1	4	5	2	3	1486	1656	1804	1942	2094	6000	5000	1	1	1	1	1	1
3	28	1	5	1000	158020	158022.002	158	965.985	1	3	2	5	4	13254	0	1000	844	336	0	1	3	2	5	4	1340	1526	1700	1842	2022	6000	5000	1	1	1	1	1	1
3	29	1	5	1000	163020	163020.02	163	961.897	1	4	5	2	3	14523	0	1000	786	354	0	1	4	5	2	3	1358	1540	1694	1836	2028	6000	5000	1	1	1	1	1	1
3	30	1	5	1000	168020	168022.084	168	961.969	3	2	4	5	1	32451	0	1000	800	308	0	3	2	4	5	1	1312	1474	1660	1806	1954	6000	5000	1	1	1	1	1	1
3	31	0	5	1000	173020	173021.992	173	959.961	1	3	2	5	4	13254	0	1000	836	546	0	1	3	2	5	4	1550	1770	1944	2072	2234	6000	5000	1	1	1	1	1	1
3	32	0	5	1000	178020	178022.023	178	960.032	3	5	1	2	4	35124	0	1000	752	462	0	3	5	1	2	4	1466	1636	1794	1916	2068	6000	5000	1	1	1	1	1	1
3	33	0	5	1000	183020	183022.012	183	958.019	1	3	2	5	4	13254	0	1000	804	220	0	1	3	2	5	4	1224	1406	1566	1712	1850	6000	5000	1	1	1	1	1	1
3	34	1	5	1000	188020	188021.999	188	956.015	1	3	2	5	4	13254	0	16000	788	322	0	1	3	2	5	4	1326	1472	1636	1776	1928	6000	5000	1	1	1	1	1	1
3	35	1	5	1000	208020	208021.991	208	949.884	1	3	2	5	4	13254	0	1000	820	526	0	1	3	2	5	4	1530	1690	1892	2000	2170	6000	5000	1	1	1	1	1	1
3	36	0	5	1000	213020	213020.016	213	945.997	1	4	5	2	3	14523	0	1000	778	324	0	1	4	5	2	3	1328	1484	1650	1804	1954	6000	5000	1	1	1	1	1	1
3	37	1	5	1000	218020	218020.017	218	944.022	1	4	5	2	3	14523	0	1000	736	332	0	1	4	5	2	3	1336	1496	1638	1786	1922	6000	5000	1	1	1	1	1	1
3	38	1	5	1000	223020	223020.001	223	942.006	3	5	1	2	4	35124	0	1000	1420	784	1	3	5	2	2	4	1788	2062	2320	2888	3068	6000	5000	0	1	1	1	1	1
3	39	1	5	1000	228020	228021.982	228	941.968	1	4	5	2	3	14523	0	1000	746	376	0	1	4	5	2	3	1380	1578	1728	1858	2048	6000	5000	1	1	1	1	1	1
3	40	0	5	1000	233020	233021.962	233	939.982	1	4	5	2	3	14523	0	1000	734	366	0	1	4	5	2	3	1370	1524	1668	1818	1962	6000	5000	1	1	1	1	1	1
3	41	1	5	1000	238020	238021.981	238	938.001	1	3	2	5	4	13254	0	1000	890	364	0	1	3	2	5	4	1368	1602	1774	1942	2102	6000	5000	1	1	1	1	1	1
3	42	1	5	1000	243020	243021.981	243	936	3	5	1	2	4	35124	0	1000	824	434	0	3	5	1	2	4	1438	1638	1804	1976	2126	6000	5000	1	1	1	1	1	1
3	43	0	5	1000	248020	248021.984	248	935.989	3	5	1	2	4	35124	0	1000	774	272	0	3	5	1	2	4	1276	1430	1600	1764	1902	6000	5000	1	1	1	1	1	1
3	44	1	5	1000	253020	253022.009	253	934.024	1	4	5	2	3	14523	0	1000	824	364	0	1	4	5	2	3	1368	1564	1718	1878	2064	6000	5000	1	1	1	1	1	1
3	45	0	5	1000	258020	258021.981	258	931.971	1	3	2	5	4	13254	0	1000	868	376	0	1	3	2	5	4	1380	1588	1778	1916	2078	6000	5000	1	1	1	1	1	1
3	46	0	5	1000	263020	263021.998	263	930.007	1	4	5	2	3	14523	0	1000	1126	392	0	1	4	5	2	3	1396	1582	1894	2236	2442	6000	5000	1	1	1	1	1	1
3	47	0	5	1000	268020	268021.981	268	927.994	3	2	4	5	1	32451	0	1000	892	334	0	3	2	4	5	1	1338	1548	1732	1870	2078	6000	5000	1	1	1	1	1	1
3	48	1	5	1000	273020	273021.994	273	925.978	1	4	5	2	3	14523	0	1000	884	430	0	1	4	5	2	3	1434	1638	1826	1992	2196	6000	5000	1	1	1	1	1	1
3	49	0	5	1000	278020	278021.981	278	926.002	3	2	4	5	1	32451	0	1000	878	334	0	3	2	4	5	1	1338	1522	1736	1882	2058	6000	5000	1	1	1	1	1	1
3	50	1	5	1000	283020	283021.983	283	923.987	3	5	1	2	4	35124	0	1000	844	728	0	3	5	1	2	4	1732	1932	2092	2276	2430	6000	5000	1	1	1	1	1	1
3	51	1	5	1000	288020	288021.984	288	922.005	1	3	2	5	4	13254	0	16000	924	340	0	1	3	2	5	4	1344	1570	1744	1910	2068	6000	5000	1	1	1	1	1	1
3	52	1	5	1000	308020	308021.98	308	913.988	1	3	2	5	4	13254	0	1000	888	386	0	1	3	2	5	4	1390	1614	1816	1966	2114	6000	5000	1	1	1	1	1	1
3	53	1	5	1000	313020	313020.043	313	910.03	1	3	2	5	4	13254	0	1000	866	312	0	1	3	2	5	4	1316	1520	1682	1822	1994	6000	5000	1	1	1	1	1	1
3	54	0	5	1000	318020	318020.01	318	910.031	3	5	1	2	4	35124	0	1000	854	330	0	3	5	1	2	4	1334	1528	1734	1882	2028	6000	5000	1	1	1	1	1	1
3	55	0	5	1000	323020	323021.978	323	909.987	3	2	4	5	1	32451	0	1000	888	452	0	3	2	4	5	1	1456	1646	1840	1982	2166	6000	5000	1	1	1	1	1	1
3	56	1	5	1000	328020	328021.993	328	908.011	3	2	4	5	1	32451	0	1000	852	402	0	3	2	4	5	1	1406	1582	1758	1904	2082	6000	5000	1	1	1	1	1	1
3	57	1	5	1000	333020	333021.996	333	905.997	1	3	2	5	4	13254	0	1000	884	380	0	1	3	2	5	4	1384	1582	1770	1920	2080	6000	5000	1	1	1	1	1	1
3	58	0	5	1000	338020	338021.991	338	904.004	3	2	4	5	1	32451	0	1000	876	340	0	3	2	4	5	1	1344	1536	1722	1882	2060	6000	5000	1	1	1	1	1	1
3	59	0	5	1000	343020	343021.979	343	901.998	1	4	5	2	3	14523	0	1000	814	562	0	1	4	5	2	3	1566	1764	1920	2064	2246	6000	5000	1	1	1	1	1	1
3	60	0	5	1000	348020	348021.987	348	900.006	1	3	2	5	4	13254	0	1000	836	428	0	1	3	2	5	4	1432	1634	1802	1934	2084	6000	5000	1	1	1	1	1	1
3	61	1	5	1000	353020	353021.979	353	899.967	3	5	1	2	4	35124	0	1000	746	402	0	3	5	1	2	4	1406	1586	1724	1878	2010	6000	5000	1	1	1	1	1	1
3	62	1	5	1000	358020	358021.962	358	898.001	3	5	1	2	4	35124	0	1000	714	378	0	3	5	1	2	4	1382	1536	1664	1812	1956	6000	5000	1	1	1	1	1	1
3	63	0	5	1000	363020	363021.982	363	896.02	1	3	2	5	4	13254	0	1000	842	504	0	1	3	2	5	4	1508	1748	1898	2060	2198	6000	5000	1	1	1	1	1	1
3	64	0	5	1000	368020	368021.996	368	894.01	1	3	2	5	4	13254	0	1000	890	1088	0	1	3	2	5	4	2092	2292	2518	2668	2840	6000	5000	1	1	1	1	1	1
3	65	1	5	1000	373020	373021.993	373	892.012	3	2	4	5	1	32451	0	1000	748	430	0	3	2	4	5	1	1434	1612	1766	1898	2030	6000	5000	1	1	1	1	1	1
3	66	0	5	1000	378020	378021.982	378	889.979	1	4	5	2	3	14523	0	1000	760	362	0	1	4	5	2	3	1366	1540	1690	1844	2002	6000	5000	1	1	1	1	1	1
3	67	1	5	1000	383020	383021.979	383	887.969	3	2	4	5	1	32451	0	1000	824	400	0	3	2	4	5	1	1404	1600	1780	1928	2086	6000	5000	1	1	1	1	1	1
3	68	1	5	1000	388020	388021.982	388	888.009	3	5	1	2	4	35124	0	16000	826	362	0	3	5	1	2	4	1366	1538	1688	1882	2048	6000	5000	1	1	1	1	1	1
4	1	0	5	1000	8020	8020.016	9	15.996	3	2	4	5	1	32451	0	1000	920	396	0	3	2	4	5	1	1400	1618	1804	1988	2150	6000	5000	1	1	1	1	1	1
4	2	1	5	1000	13020	13020.009	14	13.979	3	2	4	5	1	32451	0	1000	838	356	0	3	2	4	5	1	1360	1560	1738	1890	2048	6000	5000	1	1	1	1	1	1
4	3	0	5	1000	18020	18020.025	19	11.967	1	4	5	2	3	14523	0	1000	820	348	0	1	4	5	2	3	1352	1534	1692	1870	2030	6000	5000	1	1	1	1	1	1
4	4	1	5	1000	23020	23020.008	24	10.02	3	2	4	5	1	32451	0	1000	864	338	0	3	2	4	5	1	1342	1548	1760	1896	2064	6000	5000	1	1	1	1	1	1
4	5	1	5	1000	28020	28022.004	29	10.009	1	4	5	2	3	14523	0	1000	844	260	0	1	4	5	2	3	1264	1448	1618	1828	1978	6000	5000	1	1	1	1	1	1
4	6	1	5	1000	33020	33022.004	34	8.004	3	2	4	5	1	32451	0	1000	904	336	0	3	2	4	5	1	1340	1508	1742	1898	2078	6000	5000	1	1	1	1	1	1
4	7	1	5	1000	38020	38021.993	39	7.984	3	2	4	5	1	32451	0	1000	908	448	0	3	2	4	5	1	1452	1638	1838	2006	2214	6000	5000	1	1	1	1	1	1
4	8	0	5	1000	43020	43020.021	44	4.023	1	3	2	5	4	13254	0	1000	896	218	0	1	3	2	5	4	1222	1440	1640	1788	1954	6000	5000	1	1	1	1	1	1
4	9	1	5	1000	48020	48020.03	49	2.032	3	2	4	5	1	32451	0	1000	788	342	0	3	2	4	5	1	1346	1502	1710	1840	1990	6000	5000	1	1	1	1	1	1
4	10	1	5	1000	53020	53021.995	54	1.996	1	3	2	5	4	13254	0	1000	846	552	0	1	3	2	5	4	1556	1768	1952	2088	2216	6000	5000	1	1	1	1	1	1
4	11	1	5	1000	58020	58020.002	58	997.885	3	2	4	5	1	32451	0	1000	922	376	0	3	2	4	5	1	1380	1562	1784	1966	2130	6000	5000	1	1	1	1	1	1
4	12	0	5	1000	63020	63020.001	63	997.984	3	5	1	2	4	35124	0	1000	812	382	0	3	5	1	2	4	1386	1570	1734	1902	2052	6000	5000	1	1	1	1	1	1
4	13	0	5	1000	68020	68022.036	68	998.047	3	2	4	5	1	32451	0	1000	852	464	0	3	2	4	5	1	1468	1666	1844	1988	2150	6000	5000	1	1	1	1	1	1
4	14	1	5	1000	73020	73020.117	73	994.113	1	3	2	5	4	13254	0	1000	910	460	0	1	3	2	5	4	1464	1694	1876	2028	2176	6000	5000	1	1	1	1	1	1
4	15	0	5	1000	78020	78021.995	78	994.008	1	4	5	2	3	14523	0	1000	850	400	0	1	4	5	2	3	1404	1614	1764	1922	2094	6000	5000	1	1	1	1	1	1
4	16	1	5	1000	83020	83021.987	83	991.99	3	5	1	2	4	35124	0	1000	840	384	0	3	5	1	2	4	1388	1626	1754	1924	2072	6000	5000	1	1	1	1	1	1
4	17	1	5	1000	88020	88020.091	88	988.096	1	4	5	2	3	14523	0	16000	776	458	0	1	4	5	2	3	1462	1642	1794	1934	2086	6000	5000	1	1	1	1	1	1
4	18	1	5	1000	108020	108020.032	108	982.022	1	4	5	2	3	14523	0	1000	768	378	0	1	4	5	2	3	1382	1572	1708	1884	2048	6000	5000	1	1	1	1	1	1
4	19	1	5	1000	113020	113020.008	113	979.896	1	3	2	5	4	13254	0	1000	804	402	0	1	3	2	5	4	1406	1580	1758	1892	2032	6000	5000	1	1	1	1	1	1
4	20	1	5	1000	118020	118021.984	118	979.984	3	5	1	2	4	35124	0	1000	780	324	0	3	5	1	2	4	1328	1512	1660	1806	1968	6000	5000	1	1	1	1	1	1
4	21	0	5	1000	123020	123020.005	123	976.009	1	4	5	2	3	14523	0	1000	762	332	0	1	4	5	2	3	1336	1520	1642	1802	1948	6000	5000	1	1	1	1	1	1
4	22	0	5	1000	128020	128021.997	128	975.998	1	3	2	5	4	13254	0	1000	844	370	0	1	3	2	5	4	1374	1596	1754	1888	2040	6000	5000	1	1	1	1	1	1
4	23	1	5	1000	133020	133022.009	133	974.029	1	3	2	5	4	13254	0	1000	826	438	0	1	3	2	5	4	1442	1660	1834	1954	2090	6000	5000	1	1	1	1	1	1
4	24	1	5	1000	138020	138021.993	138	973.99	1	4	5	2	3	14523	0	1000	742	350	0	1	4	5	2	3	1354	1522	1686	1812	1944	6000	5000	1	1	1	1	1	1
4	25	0	5	1000	143020	143021.998	143	972	3	5	1	2	4	35124	0	1000	780	346	0	3	5	1	2	4	1350	1514	1668	1804	1946	6000	5000	1	1	1	1	1	1
4	26	1	5	1000	148020	148020.012	148	968.013	3	2	4	5	1	32451	0	1000	812	370	0	3	2	4	5	1	1374	1522	1702	1854	1982	6000	5000	1	1	1	1	1	1
4	27	1	5	1000	153020	153021.996	153	967.975	3	5	1	2	4	35124	0	1000	0	0	0	0	0	0	0	0	0	0	0	0	0	6000	5000	0	1	1	1	1	1
4	28	1	5	1000	158020	158020.019	158	964.015	3	2	4	5	1	32451	0	1000	0	0	0	0	0	0	0	0	0	0	0	0	0	6000	5000	0	1	1	1	1	1
4	29	0	5	1000	163020	163021.998	163	963.904	3	2	4	5	1	32451	0	1000	754	322	0	3	2	4	5	1	1326	1510	1686	1806	1910	6000	5000	1	1	1	1	1	1
4	30	0	5	1000	168020	168020.011	168	960.006	1	4	5	2	3	14523	0	1000	730	368	0	1	4	5	2	3	1372	1566	1710	1846	1972	6000	5000	1	1	1	1	1	1
4	31	1	5	1000	173020	173021.996	173	961.994	1	3	2	5	4	13254	0	1000	802	422	0	1	3	2	5	4	1426	1634	1792	1924	2044	6000	5000	1	1	1	1	1	1
4	32	0	5	1000	178020	178021.996	178	959.911	3	5	1	2	4	35124	0	1000	704	422	0	3	5	1	2	4	1426	1606	1710	1846	1990	6000	5000	1	1	1	1	1	1
4	33	1	5	1000	183020	183022.09	183	958.095	1	3	2	5	4	13254	0	1000	776	374	0	1	3	2	5	4	1378	1554	1712	1836	1966	6000	5000	1	1	1	1	1	1
4	34	0	5	1000	188020	188021.987	188	955.978	3	2	4	5	1	32451	0	16000	786	376	0	3	2	4	5	1	1380	1556	1700	1820	1980	6000	5000	1	1	1	1	1	1
4	35	0	5	1000	208020	208020.087	208	948.078	3	2	4	5	1	32451	0	1000	762	400	0	3	2	4	5	1	1404	1592	1740	1852	1998	6000	5000	1	1	1	1	1	1
4	36	0	5	1000	213020	213021.996	213	947.999	3	5	1	2	4	35124	0	1000	762	410	0	3	5	1	2	4	1414	1592	1724	1866	2034	6000	5000	1	1	1	1	1	1
4	37	1	5	1000	218020	218020.007	218	943.996	1	4	5	2	3	14523	0	1000	816	374	0	1	4	5	2	3	1378	1594	1722	1890	2040	6000	5000	1	1	1	1	1	1
4	38	1	5	1000	223020	223021.987	223	943.964	3	5	1	2	4	35124	0	1000	778	388	0	3	5	1	2	4	1392	1582	1720	1852	2030	6000	5000	1	1	1	1	1	1
4	39	0	5	1000	228020	228021.998	228	942.012	3	2	4	5	1	32451	0	1000	756	426	0	3	2	4	5	1	1430	1628	1792	1896	2024	6000	5000	1	1	1	1	1	1
4	40	0	5	1000	233020	233021.998	233	942	3	2	4	5	1	32451	0	1000	726	360	0	3	2	4	5	1	1364	1534	1690	1794	1914	6000	5000	1	1	1	1	1	1
4	41	1	5	1000	238020	238021.994	238	937.993	1	4	5	2	3	14523	0	1000	678	320	0	1	4	5	2	3	1324	1474	1578	1730	1838	6000	5000	1	1	1	1	1	1
4	42	0	5	1000	243020	243020.001	243	935.994	1	4	5	2	3	14523	0	1000	698	348	0	1	4	5	2	3	1352	1510	1620	1774	1900	6000	5000	1	1	1	1	1	1
4	43	1	5	1000	248020	248021.995	248	936.01	1	4	5	2	3	14523	0	1000	692	514	0	1	4	5	2	3	1518	1672	1814	1960	2076	6000	5000	1	1	1	1	1	1
4	44	0	5	1000	253020	253020	253	932.012	3	2	4	5	1	32451	0	1000	746	480	0	3	2	4	5	1	1484	1672	1816	1934	2054	6000	5000	1	1	1	1	1	1
4	45	1	5	1000	258020	258021.984	258	931.998	3	5	1	2	4	35124	0	1000	734	400	0	3	5	1	2	4	1404	1630	1700	1850	2012	6000	5000	1	1	1	1	1	1
4	46	1	5	1000	263020	263021.982	263	931.988	1	3	2	5	4	13254	0	1000	852	360	0	1	3	2	5	4	1364	1576	1742	1874	2032	6000	5000	1	1	1	1	1	1
4	47	1	5	1000	268020	268020.009	268	926.025	1	3	2	5	4	13254	0	1000	786	440	0	1	3	2	5	4	1444	1622	1790	1908	2072	6000	5000	1	1	1	1	1	1
4	48	0	5	1000	273020	273021.997	273	925.997	1	3	2	5	4	13254	0	1000	808	370	0	1	3	2	5	4	1374	1578	1744	1870	2026	6000	5000	1	1	1	1	1	1
4	49	1	5	1000	278020	278021.987	278	925.999	3	5	1	2	4	35124	0	1000	836	306	0	3	5	1	2	4	1310	1520	1682	1866	2024	6000	5000	1	1	1	1	1	1
4	50	0	5	1000	283020	283020.058	283	922.072	1	3	2	5	4	13254	0	1000	816	308	0	1	3	2	5	4	1312	1534	1686	1820	1970	6000	5000	1	1	1	1	1	1
4	51	0	5	1000	288020	288021.967	288	921.968	3	5	1	2	4	35124	0	16000	754	628	0	3	5	1	2	4	1632	1802	1968	2092	2244	6000	5000	1	1	1	1	1	1
4	52	0	5	1000	308020	308021.984	308	913.996	3	5	1	2	4	35124	0	1000	716	406	0	3	5	1	2	4	1410	1590	1718	1836	1986	6000	5000	1	1	1	1	1	1
4	53	0	5	1000	313020	313021.987	313	913.99	3	5	1	2	4	35124	0	1000	716	346	0	3	5	1	2	4	1350	1514	1664	1768	1938	6000	5000	1	1	1	1	1	1
4	54	1	5	1000	318020	318020.001	318	910.016	3	5	1	2	4	35124	0	1000	720	368	0	3	5	1	2	4	1372	1524	1662	1812	1956	6000	5000	1	1	1	1	1	1
4	55	1	5	1000	323020	323021.966	323	909.998	3	5	1	2	4	35124	0	1000	682	310	0	3	5	1	2	4	1314	1472	1580	1710	1852	6000	5000	1	1	1	1	1	1
4	56	0	5	1000	328020	328020.007	328	906.028	3	5	1	2	4	35124	0	1000	778	364	0	3	5	1	2	4	1368	1596	1690	1852	2008	6000	5000	1	1	1	1	1	1
4	57	0	5	1000	333020	333021.985	333	906.001	1	4	5	2	3	14523	0	1000	732	430	0	1	4	5	2	3	1434	1590	1710	1870	2024	6000	5000	1	1	1	1	1	1
4	58	0	5	1000	338020	338021.985	338	903.987	1	4	5	2	3	14523	0	1000	652	334	0	1	4	5	2	3	1338	1468	1582	1730	1868	6000	5000	1	1	1	1	1	1
4	59	0	5	1000	343020	343021.987	343	901.99	3	5	1	2	4	35124	0	1000	776	358	0	3	5	1	2	4	1362	1558	1704	1832	2002	6000	5000	1	1	1	1	1	1
4	60	0	5	1000	348020	348021.984	348	901.993	1	3	2	5	4	13254	0	1000	918	282	0	1	3	2	5	4	1286	1492	1766	1916	2048	6000	5000	1	1	1	1	1	1
4	61	1	5	1000	353020	353020.015	353	898.025	1	4	5	2	3	14523	0	1000	680	362	0	1	4	5	2	3	1366	1514	1656	1780	1900	6000	5000	1	1	1	1	1	1
4	62	1	5	1000	358020	358021.985	358	897.994	1	4	5	2	3	14523	0	1000	0	0	0	0	0	0	0	0	0	0	0	0	0	6000	5000	0	1	1	1	1	1
4	63	0	5	1000	363020	363021.996	363	895.996	1	3	2	5	4	13254	0	1000	1990	522	1	3	3	2	5	4	1536	2660	3054	3240	3358	6000	5000	0	1	1	1	1	1
4	64	0	5	1000	368020	368021.984	368	893.998	1	3	2	5	4	13254	0	1000	1030	434	0	1	3	2	5	4	1438	1736	1976	2148	2298	6000	5000	1	1	1	1	1	1
4	65	0	5	1000	373020	373021.987	373	892.001	1	4	5	2	3	14523	0	1000	902	388	0	1	4	5	2	3	1392	1630	1832	2028	2166	6000	5000	1	1	1	1	1	1
4	66	0	5	1000	378020	378020.002	378	888.016	3	2	4	5	1	32451	0	1000	820	410	0	3	2	4	5	1	1414	1626	1808	1948	2100	6000	5000	1	1	1	1	1	1
4	67	0	5	1000	383020	383020.016	383	886.029	1	3	2	5	4	13254	0	1000	924	320	0	1	3	2	5	4	1324	1570	1786	1930	2072	6000	5000	1	1	1	1	1	1
4	68	0	5	1000	388020	388022.012	388	888.027	3	2	4	5	1	32451	0	16000	778	366	0	3	2	4	5	1	1370	1582	1746	1874	2012	6000	5000	1	1	1	1	1	1
5	1	0	5	1000	8020	8020.009	9	16.009	1	3	2	5	4	13254	0	1000	832	380	0	1	3	2	5	4	1384	1594	1774	1910	2062	6000	5000	1	1	1	1	1	1
5	2	0	5	1000	13020	13020.01	14	13.999	3	5	1	2	4	35124	0	1000	856	356	0	3	5	1	2	4	1360	1534	1722	1902	2068	6000	5000	1	1	1	1	1	1
5	3	1	5	1000	18020	18020.035	19	12.034	1	4	5	2	3	14523	0	1000	924	352	0	1	4	5	2	3	1356	1568	1734	1934	2130	6000	5000	1	1	1	1	1	1
5	4	0	5	1000	23020	23020.025	24	10.025	1	4	5	2	3	14523	0	1000	846	306	0	1	4	5	2	3	1310	1472	1640	1834	2030	6000	5000	1	1	1	1	1	1
5	5	0	5	1000	28020	28020.012	29	8.016	1	3	2	5	4	13254	0	1000	872	386	0	1	3	2	5	4	1390	1572	1790	1942	2100	6000	5000	1	1	1	1	1	1
5	6	0	5	1000	33020	33020.004	34	8.004	1	4	5	2	3	14523	0	1000	930	302	0	1	4	5	2	3	1306	1482	1678	1880	2094	6000	5000	1	1	1	1	1	1
5	7	1	5	1000	38020	38021.99	39	7.978	1	3	2	5	4	13254	0	1000	968	116	0	1	3	2	5	4	1120	1366	1598	1762	1936	6000	5000	1	1	1	1	1	1
5	8	1	5	1000	43020	43020.002	44	4.001	3	5	1	2	4	35124	0	1000	896	354	0	3	5	1	2	4	1358	1522	1728	1928	2092	6000	5000	1	1	1	1	1	1
5	9	1	5	1000	48020	48021.999	49	3.999	3	2	4	5	1	32451	0	1000	1156	352	0	3	2	4	5	1	1356	1618	1888	2114	2350	6000	5000	1	1	1	1	1	1
5	10	0	5	1000	53020	53020.013	54	0	3	2	4	5	1	32451	0	1000	990	310	0	3	2	4	5	1	1314	1534	1776	1970	2152	6000	5000	1	1	1	1	1	1
5	11	1	5	1000	58020	58020.009	58	997.996	1	3	2	5	4	13254	0	1000	1090	324	0	1	3	2	5	4	1328	1558	1798	2052	2236	6000	5000	1	1	1	1	1	1
5	12	1	5	1000	63020	63020.01	63	997.999	1	4	5	2	3	14523	0	1000	876	386	0	1	4	5	2	3	1390	1610	1802	1980	2128	6000	5000	1	1	1	1	1	1
5	13	1	5	1000	68020	68020.016	68	996.016	3	5	1	2	4	35124	0	1000	838	322	0	3	5	1	2	4	1326	1510	1688	1866	2018	6000	5000	1	1	1	1	1	1
5	14	0	5	1000	73020	73020.001	73	993.99	1	3	2	5	4	13254	0	1000	896	304	0	1	3	2	5	4	1308	1532	1740	1874	2026	6000	5000	1	1	1	1	1	1
5	15	0	5	1000	78020	78020.002	78	992.01	3	2	4	5	1	32451	0	1000	966	356	0	3	2	4	5	1	1360	1566	1794	1950	2152	6000	5000	1	1	1	1	1	1
5	16	0	5	1000	83020	83020.001	83	989.989	3	2	4	5	1	32451	0	1000	892	408	0	3	2	4	5	1	1412	1638	1816	1970	2136	6000	5000	1	1	1	1	1	1
5	17	1	5	1000	88020	88020.001	88	987.999	1	4	5	2	3	14523	0	16000	784	302	0	1	4	5	2	3	1306	1462	1612	1772	1930	6000	5000	1	1	1	1	1	1
5	18	1	5	1000	108020	108020.001	108	982.012	1	4	5	2	3	14523	0	1000	924	410	0	1	4	5	2	3	1414	1634	1814	2006	2186	6000	5000	1	1	1	1	1	1
5	19	0	5	1000	113020	113022.001	113	981.986	3	2	4	5	1	32451	0	1000	960	398	0	3	2	4	5	1	1402	1626	1802	2024	2166	6000	5000	1	1	1	1	1	1
5	20	0	5	1000	118020	118020.009	118	977.999	1	4	5	2	3	14523	0	1000	884	492	0	1	4	5	2	3	1496	1714	1908	2106	2244	6000	5000	1	1	1	1	1	1
5	21	1	5	1000	123020	123021.989	123	977.99	3	5	1	2	4	35124	0	1000	834	296	0	3	5	1	2	4	1300	1490	1662	1842	1978	6000	5000	1	1	1	1	1	1
5	22	0	5	1000	128020	128020.009	128	973.888	3	5	1	2	4	35124	0	1000	720	338	0	3	5	1	2	4	1342	1508	1654	1782	1916	6000	5000	1	1	1	1	1	1
5	23	1	5	1000	133020	133020.013	133	973.893	3	2	4	5	1	32451	0	1000	784	310	0	3	2	4	5	1	1314	1510	1656	1798	1942	6000	5000	1	1	1	1	1	1
5	24	1	5	1000	138020	138022	138	973.999	3	2	4	5	1	32451	0	1000	766	360	0	3	2	4	5	1	1364	1560	1702	1832	1968	6000	5000	1	1	1	1	1	1
5	25	0	5	1000	143020	143022.001	143	971.989	3	5	1	2	4	35124	0	1000	844	638	0	3	5	1	2	4	1642	1832	2092	2222	2342	6000	5000	1	1	1	1	1	1
5	26	0	5	1000	148020	148022.001	148	970.012	3	5	1	2	4	35124	0	1000	800	354	0	3	5	1	2	4	1358	1534	1696	1854	2018	6000	5000	1	1	1	1	1	1
5	27	1	5	1000	153020	153021.996	153	967.983	3	5	1	2	4	35124	0	1000	850	346	0	3	5	1	2	4	1350	1544	1714	1890	2034	6000	5000	1	1	1	1	1	1
5	28	1	5	1000	158020	158020.022	158	964.019	1	3	2	5	4	13254	0	1000	888	380	0	1	3	2	5	4	1384	1574	1780	1928	2110	6000	5000	1	1	1	1	1	1
5	29	0	5	1000	163020	163020.001	163	962.015	1	3	2	5	4	13254	0	1000	886	324	0	1	3	2	5	4	1328	1548	1728	1882	2060	6000	5000	1	1	1	1	1	1
5	30	1	5	1000	168020	168020.002	168	961.994	1	3	2	5	4	13254	0	1000	892	350	0	1	3	2	5	4	1354	1568	1754	1898	2074	6000	5000	1	1	1	1	1	1
5	31	0	5	1000	173020	173022.001	173	961.999	3	5	1	2	4	35124	0	1000	786	350	0	3	5	1	2	4	1354	1554	1698	1860	1994	6000	5000	1	1	1	1	1	1
5	32	0	5	1000	178020	178022.013	178	960.027	1	4	5	2	3	14523	0	1000	790	382	0	1	4	5	2	3	1386	1566	1718	1880	2054	6000	5000	1	1	1	1	1	1
5	33	0	5	1000	183020	183020.002	183	956.004	3	2	4	5	1	32451	0	1000	784	356	0	3	2	4	5	1	1360	1560	1706	1842	1984	6000	5000	1	1	1	1	1	1
5	34	1	5	1000	188020	188022.087	188	956.073	3	5	1	2	4	35124	0	16000	754	328	0	3	5	1	2	4	1332	1512	1642	1806	1942	6000	5000	1	1	1	1	1	1
5	35	1	5	1000	208020	208020.038	208	948.038	3	5	1	2	4	35124	0	1000	852	582	0	3	5	1	2	4	1586	1822	1990	2160	2276	6000	5000	1	1	1	1	1	1
5	36	1	5	1000	213020	213020.009	213	946.029	3	5	1	2	4	35124	0	1000	910	318	0	3	5	1	2	4	1322	1570	1728	1948	2096	6000	5000	1	1	1	1	1	1
5	37	0	5	1000	218020	218020.013	218	944.012	3	2	4	5	1	32451	0	1000	808	332	0	3	2	4	5	1	1336	1548	1686	1838	2004	6000	5000	1	1	1	1	1	1
5	38	0	5	1000	223020	223020.119	223	942.121	3	5	1	2	4	35124	0	1000	814	368	0	3	5	1	2	4	1372	1526	1730	1872	2022	6000	5000	1	1	1	1	1	1
5	39	0	5	1000	228020	228022.005	228	942.015	1	3	2	5	4	13254	0	1000	868	518	0	1	3	2	5	4	1522	1748	1946	2076	2206	6000	5000	1	1	1	1	1	1
5	40	1	5	1000	233020	233021.973	233	939.946	3	2	4	5	1	32451	0	1000	864	366	0	3	2	4	5	1	1370	1590	1732	1884	2032	6000	5000	1	1	1	1	1	1
5	41	0	5	1000	238020	238021.973	238	939.983	1	3	2	5	4	13254	0	1000	816	308	0	1	3	2	5	4	1312	1484	1668	1796	1930	6000	5000	1	1	1	1	1	1
5	42	1	5	1000	243020	243021.998	243	937.999	3	5	1	2	4	35124	0	1000	756	412	0	3	5	1	2	4	1416	1576	1724	1880	2012	6000	5000	1	1	1	1	1	1
5	43	0	5	1000	248020	248021.99	248	936.006	1	4	5	2	3	14523	0	1000	710	444	0	1	4	5	2	3	1448	1610	1770	1902	2026	6000	5000	1	1	1	1	1	1
5	44	1	5	1000	253020	253020.012	253	932.042	1	4	5	2	3	14523	0	1000	634	378	0	1	4	5	2	3	1382	1512	1652	1780	1878	6000	5000	1	1	1	1	1	1
5	45	1	5	1000	258020	258021.99	258	931.963	3	2	4	5	1	32451	0	1000	634	426	0	3	2	4	5	1	1430	1582	1700	1804	1914	6000	5000	1	1	1	1	1	1
5	46	0	5	1000	263020	263020.001	263	927.976	1	4	5	2	3	14523	0	1000	632	338	0	1	4	5	2	3	1342	1492	1670	1742	1838	6000	5000	1	1	1	1	1	1
5	47	0	5	1000	268020	268021.985	268	928.01	3	5	1	2	4	35124	0	1000	622	338	0	3	5	1	2	4	1342	1480	1590	1704	1816	6000	5000	1	1	1	1	1	1
5	48	0	5	1000	273020	273022.015	273	928.012	3	2	4	5	1	32451	0	1000	758	398	0	3	2	4	5	1	1402	1602	1720	1850	1998	6000	5000	1	1	1	1	1	1
5	49	1	5	1000	278020	278021.989	278	925.992	3	2	4	5	1	32451	0	1000	676	420	0	3	2	4	5	1	1424	1580	1682	1814	1940	6000	5000	1	1	1	1	1	1
5	50	1	5	1000	283020	283021.99	283	924.002	1	3	2	5	4	13254	0	1000	714	342	0	1	3	2	5	4	1346	1538	1680	1782	1898	6000	5000	1	1	1	1	1	1
5	51	1	5	1000	288020	288021.992	288	921.998	3	2	4	5	1	32451	0	16000	690	466	0	3	2	4	5	1	1470	1638	1742	1876	1996	6000	5000	1	1	1	1	1	1
5	52	1	5	1000	308020	308020.01	308	912.021	3	2	4	5	1	32451	0	1000	720	434	0	3	2	4	5	1	1438	1628	1730	1842	1972	6000	5000	1	1	1	1	1	1
5	53	1	5	1000	313020	313020.001	313	912.011	1	4	5	2	3	14523	0	1000	610	388	0	1	4	5	2	3	1392	1538	1618	1770	1870	6000	5000	1	1	1	1	1	1
5	54	0	5	1000	318020	318020.075	318	910.081	1	3	2	5	4	13254	0	1000	678	346	0	1	3	2	5	4	1350	1516	1664	1758	1868	6000	5000	1	1	1	1	1	1
5	55	1	5	1000	323020	323021.991	323	910.001	1	4	5	2	3	14523	0	1000	560	324	0	1	4	5	2	3	1328	1466	1522	1660	1744	6000	5000	1	1	1	1	1	1
5	56	1	5	1000	328020	328021.99	328	907.997	1	3	2	5	4	13254	0	1000	624	376	0	1	3	2	5	4	1380	1546	1660	1764	1856	6000	5000	1	1	1	1	1	1
5	57	0	5	1000	333020	333021.972	333	905.984	1	4	5	2	3	14523	0	1000	590	394	0	1	4	5	2	3	1398	1562	1636	1758	1872	6000	5000	1	1	1	1	1	1
5	58	0	5	1000	338020	338021.987	338	903.988	1	4	5	2	3	14523	0	1000	634	352	0	1	4	5	2	3	1356	1526	1632	1740	1864	6000	5000	1	1	1	1	1	1
5	59	1	5	1000	343020	343021.992	343	902.002	3	2	4	5	1	32451	0	1000	702	372	0	3	2	4	5	1	1376	1566	1692	1794	1912	6000	5000	1	1	1	1	1	1
5	60	1	5	1000	348020	348020.002	348	900.013	3	5	1	2	4	35124	0	1000	646	382	0	3	5	1	2	4	1386	1558	1666	1772	1886	6000	5000	1	1	1	1	1	1
5	61	1	5	1000	353020	353021.991	353	900.004	1	4	5	2	3	14523	0	1000	578	364	0	1	4	5	2	3	1368	1492	1598	1714	1846	6000	5000	1	1	1	1	1	1
5	62	1	5	1000	358020	358022.001	358	898.03	1	4	5	2	3	14523	0	1000	606	368	0	1	4	5	2	3	1372	1506	1584	1728	1852	6000	5000	1	1	1	1	1	1
5	63	0	5	1000	363020	363021.993	363	896.002	3	5	1	2	4	35124	0	1000	632	314	0	3	5	1	2	4	1318	1472	1580	1678	1806	6000	5000	1	1	1	1	1	1
5	64	1	5	1000	368020	368021.99	368	893.998	1	3	2	5	4	13254	0	1000	654	196	0	1	3	2	5	4	1200	1374	1482	1580	1690	6000	5000	1	1	1	1	1	1
5	65	1	5	1000	373020	373021.973	373	891.984	1	3	2	5	4	13254	0	1000	656	322	0	1	3	2	5	4	1326	1460	1584	1690	1824	6000	5000	1	1	1	1	1	1
5	66	0	5	1000	378020	378020.001	378	888.031	3	2	4	5	1	32451	0	1000	608	396	0	3	2	4	5	1	1400	1546	1636	1762	1866	6000	5000	1	1	1	1	1	1
5	67	0	5	1000	383020	383020.004	383	888.014	1	3	2	5	4	13254	0	1000	666	484	0	1	3	2	5	4	1488	1668	1766	1868	1986	6000	5000	1	1	1	1	1	1
5	68	0	5	1000	388020	388020.019	388	886.03	1	3	2	5	4	13254	0	16000	632	256	0	1	3	2	5	4	1260	1412	1508	1610	1744	6000	5000	1	1	1	1	1	1
6	1	1	5	1000	8020	8020.001	9	15.95	1	4	5	2	3	14523	0	1000	636	406	0	1	4	5	2	3	1410	1574	1716	1826	1942	6000	5000	1	1	1	1	1	1
6	2	0	5	1000	13020	13020.002	14	13.999	3	2	4	5	1	32451	0	1000	616	416	0	3	2	4	5	1	1420	1562	1656	1764	1882	6000	5000	1	1	1	1	1	1
6	3	0	5	1000	18020	18020.002	19	11.999	3	2	4	5	1	32451	0	1000	552	416	0	3	2	4	5	1	1420	1546	1634	1746	1814	6000	5000	1	1	1	1	1	1
6	4	1	5	1000	23020	23020.016	24	10.003	1	3	2	5	4	13254	0	1000	624	496	0	1	3	2	5	4	1500	1654	1748	1862	1968	6000	5000	1	1	1	1	1	1
6	5	1	5	1000	28020	28021.989	29	9.998	3	2	4	5	1	32451	0	1000	568	424	0	3	2	4	5	1	1428	1538	1632	1744	1820	6000	5000	1	1	1	1	1	1
6	6	1	5	1000	33020	33020	34	6.009	3	2	4	5	1	32451	0	1000	568	418	0	3	2	4	5	1	1422	1550	1628	1734	1792	6000	5000	1	1	1	1	1	1
6	7	1	5	1000	38020	38020.022	39	6.023	3	5	1	2	4	35124	0	1000	576	408	0	3	5	1	2	4	1412	1604	1640	1750	1862	6000	5000	1	1	1	1	1	1
6	8	0	5	1000	43020	43020.011	44	3.99	1	3	2	5	4	13254	0	1000	644	360	0	1	3	2	5	4	1364	1518	1638	1740	1846	6000	5000	1	1	1	1	1	1
6	9	1	5	1000	48020	48022.017	49	4.027	3	5	1	2	4	35124	0	1000	554	328	0	3	5	1	2	4	1332	1468	1556	1658	1746	6000	5000	1	1	1	1	1	1
6	10	1	5	1000	53020	53020.029	54	0	1	4	5	2	3	14523	0	1000	1178	378	1	1	4	2	3	3	1382	1480	1686	1782	2414	6000	5000	0	1	1	1	1	1
6	11	0	5	1000	58020	58020.002	58	997.989	3	5	1	2	4	35124	0	1000	662	406	0	3	5	1	2	4	1410	1588	1672	1798	1928	6000	5000	1	1	1	1	1	1
6	12	1	5	1000	63020	63020.002	63	995.968	3	2	4	5	1	32451	0	1000	728	410	0	3	2	4	5	1	1414	1584	1692	1880	1950	6000	5000	1	1	1	1	1	1
6	13	0	5	1000	68020	68022.004	68	998	3	5	1	2	4	35124	0	1000	684	368	0	3	5	1	2	4	1372	1556	1674	1780	1912	6000	5000	1	1	1	1	1	1
6	14	0	5	1000	73020	73020.003	73	993.992	3	5	1	2	4	35124	0	1000	646	372	0	3	5	1	2	4	1376	1540	1624	1744	1876	6000	5000	1	1	1	1	1	1
6	15	0	5	1000	78020	78020.089	78	992.064	3	2	4	5	1	32451	0	1000	788	454	0	3	2	4	5	1	1458	1648	1810	1942	2034	6000	5000	1	1	1	1	1	1
6	16	0	5	1000	83020	83020.005	83	989.992	1	4	5	2	3	14523	0	1000	704	408	0	1	4	5	2	3	1412	1578	1750	1858	1994	6000	5000	1	1	1	1	1	1
6	17	1	5	1000	88020	88020.001	88	987.978	1	4	5	2	3	14523	0	16000	676	418	0	1	4	5	2	3	1422	1550	1688	1790	1938	6000	5000	1	1	1	1	1	1
6	18	1	5	1000	108020	108021.99	108	983.976	1	4	5	2	3	14523	0	1000	1240	414	1	1	4	2	3	3	1418	1582	1844	2012	2526	6000	5000	0	1	1	1	1	1
6	19	1	5	1000	113020	113020.001	113	979.99	3	2	4	5	1	32451	0	1000	928	414	0	3	2	4	5	1	1418	1672	1868	2040	2170	6000	5000	1	1	1	1	1	1
6	20	0	5	1000	118020	118020.002	118	978.003	3	2	4	5	1	32451	0	1000	896	380	0	3	2	4	5	1	1384	1604	1746	1898	2066	6000	5000	1	1	1	1	1	1
6	21	1	5	1000	123020	123020.002	123	976	1	4	5	2	3	14523	0	1000	1024	336	0	1	4	5	2	3	1340	1596	1806	2028	2232	6000	5000	1	1	1	1	1	1
6	22	0	5	1000	128020	128020.075	128	974.078	1	3	2	5	4	13254	0	1000	1092	326	0	1	3	2	5	4	1330	1580	1808	2018	2262	6000	5000	1	1	1	1	1	1
6	23	1	5	1000	133020	133020	133	971.975	1	3	2	5	4	13254	0	1000	1024	332	0	1	3	2	5	4	1336	1598	1834	2026	2198	6000	5000	1	1	1	1	1	1
6	24	1	5	1000	138020	138020.002	138	971.976	3	5	1	2	4	35124	0	1000	1062	300	0	3	5	1	2	4	1304	1550	1792	2020	2206	6000	5000	1	1	1	1	1	1
6	25	0	5	1000	143020	143020.013	143	970.014	3	5	1	2	4	35124	0	1000	990	406	0	3	5	1	2	4	1410	1650	1890	2090	2250	6000	5000	1	1	1	1	1	1
6	26	1	5	1000	148020	148020.122	148	968.093	1	3	2	5	4	13254	0	1000	1084	306	0	1	3	2	5	4	1310	1560	1802	2022	2242	6000	5000	1	1	1	1	1	1
6	27	0	5	1000	153020	153020.013	153	966.009	1	3	2	5	4	13254	0	1000	1128	338	0	1	3	2	5	4	1342	1622	1870	2068	2318	6000	5000	1	1	1	1	1	1
6	28	0	5	1000	158020	158020.005	158	964.003	3	5	1	2	4	35124	0	1000	1070	398	0	3	5	1	2	4	1402	1608	1876	2114	2340	6000	5000	1	1	1	1	1	1
6	29	0	5	1000	163020	163020.002	163	961.997	1	3	2	5	4	13254	0	1000	1074	230	0	1	3	2	5	4	1234	1512	1754	1932	2162	6000	5000	1	1	1	1	1	1
6	30	1	5	1000	168020	168020.001	168	960.001	1	4	5	2	3	14523	0	1000	1078	438	0	1	4	5	2	3	1442	1660	1872	2144	2402	6000	5000	1	1	1	1	1	1
6	31	1	5	1000	173020	173020.018	173	960.004	1	3	2	5	4	13254	0	1000	962	408	0	1	3	2	5	4	1412	1634	1860	2018	2216	6000	5000	1	1	1	1	1	1
6	32	0	5	1000	178020	178022.001	178	960.001	3	2	4	5	1	32451	0	1000	1014	358	0	3	2	4	5	1	1362	1610	1812	1994	2190	6000	5000	1	1	1	1	1	1
6	33	0	5	1000	183020	183020.096	183	956.065	1	3	2	5	4	13254	0	1000	1072	328	0	1	3	2	5	4	1332	1572	1814	2004	2238	6000	5000	1	1	1	1	1	1
6	34	0	5	1000	188020	188020.027	188	954.026	1	3	2	5	4	13254	0	16000	950	450	0	1	3	2	5	4	1454	1680	1896	2060	2244	6000	5000	1	1	1	1	1	1
6	35	0	5	1000	208020	208020.025	208	946.033	1	3	2	5	4	13254	0	1000	952	1118	0	1	3	2	5	4	2122	2356	2584	2720	2904	6000	5000	1	1	1	1	1	1
6	36	0	5	1000	213020	213020.002	213	946.001	1	4	5	2	3	14523	0	1000	1150	344	0	1	4	5	2	3	1348	1548	1778	2052	2332	6000	5000	1	1	1	1	1	1
6	37	1	5	1000	218020	218020.025	218	943.998	1	3	2	5	4	13254	0	1000	1092	356	0	1	3	2	5	4	1360	1596	1832	2050	2274	6000	5000	1	1	1	1	1	1
6	38	1	5	1000	223020	223021.99	223	944.017	1	4	5	2	3	14523	0	1000	1050	338	0	1	4	5	2	3	1342	1558	1772	2024	2252	6000	5000	1	1	1	1	1	1
6	39	1	5	1000	228020	228021.993	228	941.988	3	5	1	2	4	35124	0	1000	1010	330	0	3	5	1	2	4	1334	1522	1762	1960	2162	6000	5000	1	1	1	1	1	1
6	40	0	5	1000	233020	233021.99	233	939.997	3	2	4	5	1	32451	0	1000	924	370	0	3	2	4	5	1	1374	1568	1768	1948	2138	6000	5000	1	1	1	1	1	1
6	41	0	5	1000	238020	238021.993	238	937.99	3	5	1	2	4	35124	0	1000	928	328	0	3	5	1	2	4	1332	1484	1732	1930	2086	6000	5000	1	1	1	1	1	1
6	42	0	5	1000	243020	243020.002	243	934.002	1	4	5	2	3	14523	0	1000	960	362	0	1	4	5	2	3	1366	1554	1764	1986	2174	6000	5000	1	1	1	1	1	1
6	43	1	5	1000	248020	248021.992	248	936.001	3	2	4	5	1	32451	0	1000	968	380	0	3	2	4	5	1	1384	1570	1782	1976	2176	6000	5000	1	1	1	1	1	1
6	44	1	5	1000	253020	253020.009	253	932.006	1	4	5	2	3	14523	0	1000	962	406	0	1	4	5	2	3	1410	1594	1820	2046	2252	6000	5000	1	1	1	1	1	1
6	45	1	5	1000	258020	258021.987	258	932.005	1	4	5	2	3	14523	0	1000	890	348	0	1	4	5	2	3	1352	1532	1714	1908	2100	6000	5000	1	1	1	1	1	1
6	46	0	5	1000	263020	263022.014	263	930.023	1	4	5	2	3	14523	0	1000	886	340	0	1	4	5	2	3	1344	1540	1730	1922	2092	6000	5000	1	1	1	1	1	1
6	47	1	5	1000	268020	268021.971	268	927.968	3	5	1	2	4	35124	0	1000	904	354	0	3	5	1	2	4	1358	1562	1762	1926	2100	6000	5000	1	1	1	1	1	1
6	48	1	5	1000	273020	273021.988	273	925.998	3	2	4	5	1	32451	0	1000	872	384	0	3	2	4	5	1	1388	1568	1746	1912	2144	6000	5000	1	1	1	1	1	1
6	49	0	5	1000	278020	278020.002	278	922.012	1	4	5	2	3	14523	0	1000	876	428	0	1	4	5	2	3	1432	1628	1776	1988	2144	6000	5000	1	1	1	1	1	1
6	50	0	5	1000	283020	283021.987	283	923.986	1	4	5	2	3	14523	0	1000	852	366	0	1	4	5	2	3	1370	1514	1656	1864	2050	6000	5000	1	1	1	1	1	1
6	51	0	5	1000	288020	288020.002	288	920	3	2	4	5	1	32451	0	16000	912	422	0	3	2	4	5	1	1426	1646	1812	1950	2178	6000	5000	1	1	1	1	1	1
6	52	0	5	1000	308020	308021.992	308	914.019	3	2	4	5	1	32451	0	1000	1000	432	0	3	2	4	5	1	1436	1660	1826	2066	2270	6000	5000	1	1	1	1	1	1
6	53	1	5	1000	313020	313021.991	313	913.953	3	5	1	2	4	35124	0	1000	868	374	0	3	5	1	2	4	1378	1562	1772	1922	2096	6000	5000	1	1	1	1	1	1
6	54	1	5	1000	318020	318021.99	318	911.976	3	5	1	2	4	35124	0	1000	868	448	0	3	5	1	2	4	1452	1640	1866	2018	2178	6000	5000	1	1	1	1	1	1
6	55	1	5	1000	323020	323020	323	908.011	1	3	2	5	4	13254	0	1000	902	446	0	1	3	2	5	4	1450	1690	1880	2006	2204	6000	5000	1	1	1	1	1	1
6	56	0	5	1000	328020	328021.989	328	907.998	3	5	1	2	4	35124	0	1000	882	412	0	3	5	1	2	4	1416	1598	1816	1994	2168	6000	5000	1	1	1	1	1	1
6	57	1	5	1000	333020	333021.99	333	906.018	3	5	1	2	4	35124	0	1000	876	458	0	3	5	1	2	4	1462	1638	1848	2018	2182	6000	5000	1	1	1	1	1	1
6	58	0	5	1000	338020	338021.995	338	903.963	1	4	5	2	3	14523	0	1000	836	382	0	1	4	5	2	3	1386	1566	1718	1932	2096	6000	5000	1	1	1	1	1	1
6	59	0	5	1000	343020	343021.989	343	901.987	1	3	2	5	4	13254	0	1000	914	464	0	1	3	2	5	4	1468	1704	1880	2044	2224	6000	5000	1	1	1	1	1	1
6	60	1	5	1000	348020	348020.005	348	898.013	3	2	4	5	1	32451	0	1000	854	378	0	3	2	4	5	1	1382	1578	1736	1922	2068	6000	5000	1	1	1	1	1	1
6	61	0	5	1000	353020	353020	353	897.998	1	3	2	5	4	13254	0	1000	882	434	0	1	3	2	5	4	1438	1624	1818	1978	2168	6000	5000	1	1	1	1	1	1
6	62	0	5	1000	358020	358020.018	358	896.019	3	2	4	5	1	32451	0	1000	0	0	0	0	0	0	0	0	0	0	0	0	0	6000	5000	0	1	1	1	1	1
6	63	1	5	1000	363020	363022.006	363	896.01	3	2	4	5	1	32451	0	1000	822	404	0	3	2	4	5	1	1408	1622	1772	1942	2062	6000	5000	1	1	1	1	1	1
6	64	1	5	1000	368020	368021.994	368	894.001	1	3	2	5	4	13254	0	1000	802	376	0	1	3	2	5	4	1380	1590	1770	1892	2030	6000	5000	1	1	1	1	1	1
6	65	1	5	1000	373020	373021.992	373	891.992	1	3	2	5	4	13254	0	1000	856	362	0	1	3	2	5	4	1366	1580	1780	1924	2062	6000	5000	1	1	1	1	1	1
6	66	0	5	1000	378020	378021.99	378	889.996	1	4	5	2	3	14523	0	1000	790	390	0	1	4	5	2	3	1394	1576	1702	1888	2054	6000	5000	1	1	1	1	1	1
6	67	0	5	1000	383020	383021.991	383	887.982	3	5	1	2	4	35124	0	1000	928	500	0	3	5	1	2	4	1504	1704	1956	2150	2312	6000	5000	1	1	1	1	1	1
6	68	1	5	1000	388020	388022.005	388	888.006	1	4	5	2	3	14523	0	16000	818	352	0	1	4	5	2	3	1356	1542	1686	1880	2058	6000	5000	1	1	1	1	1	1
7	1	0	5	1000	8020	8020.011	9	14.003	3	5	1	2	4	35124	0	1000	970	436	0	3	5	1	2	4	1440	1648	1846	2036	2230	6000	5000	1	1	1	1	1	1
7	2	1	5	1000	13020	13020.001	14	11.994	1	3	2	5	4	13254	0	1000	1162	380	0	1	3	2	5	4	1384	1660	1944	2158	2382	6000	5000	1	1	1	1	1	1
7	3	0	5	1000	18020	18020.022	19	9.999	3	5	1	2	4	35124	0	1000	1082	332	0	3	5	1	2	4	1336	1546	1800	2056	2282	6000	5000	1	1	1	1	1	1
7	4	1	5	1000	23020	23020.034	24	9.998	3	2	4	5	1	32451	0	1000	1060	348	0	3	2	4	5	1	1352	1592	1832	2008	2228	6000	5000	1	1	1	1	1	1
7	5	0	5	1000	28020	28020.025	29	7.953	1	3	2	5	4	13254	0	1000	1562	362	0	1	3	2	5	4	1366	1820	2306	2548	2774	6000	5000	1	1	1	1	1	1
7	6	1	5	1000	33020	33020.003	34	6.021	1	3	2	5	4	13254	0	1000	1330	386	0	1	3	2	5	4	1390	1828	2234	2390	2530	6000	5000	1	1	1	1	1	1
7	7	1	5	1000	38020	38020.022	39	3.912	3	5	1	2	4	35124	0	1000	1150	360	0	3	5	1	2	4	1364	1610	1890	2162	2368	6000	5000	1	1	1	1	1	1
7	8	0	5	1000	43020	43020.012	44	1.949	1	3	2	5	4	13254	0	1000	1274	332	0	1	3	2	5	4	1336	1750	2052	2282	2450	6000	5000	1	1	1	1	1	1
7	9	0	5	1000	48020	48020.021	49	0	1	3	2	5	4	13254	0	1000	1168	440	0	1	3	2	5	4	1444	1716	2010	2222	2458	6000	5000	1	1	1	1	1	1
7	10	1	5	1000	53020	53021.998	54	0	3	2	4	5	1	32451	0	1000	1044	584	0	3	2	4	5	1	1588	1816	2040	2216	2488	6000	5000	1	1	1	1	1	1
7	11	1	5	1000	58020	58020.034	58	998.014	3	5	1	2	4	35124	0	1000	1006	344	0	3	5	1	2	4	1348	1556	1810	2020	2218	6000	5000	1	1	1	1	1	1
7	12	1	5	1000	63020	63020.012	63	995.979	3	2	4	5	1	32451	0	1000	1022	312	0	3	2	4	5	1	1316	1540	1794	1950	2180	6000	5000	1	1	1	1	1	1
7	13	0	5	1000	68020	68020.008	68	993.946	1	4	5	2	3	14523	0	1000	1046	286	0	1	4	5	2	3	1290	1534	1716	1942	2180	6000	5000	1	1	1	1	1	1
7	14	0	5	1000	73020	73020.034	73	992.024	3	5	1	2	4	35124	0	1000	938	280	0	3	5	1	2	4	1284	1464	1722	1878	2068	6000	5000	1	1	1	1	1	1
7	15	1	5	1000	78020	78020.011	78	989.987	1	4	5	2	3	14523	0	1000	992	428	0	1	4	5	2	3	1432	1638	1842	2070	2252	6000	5000	1	1	1	1	1	1
7	16	1	5	1000	83020	83020.033	83	988.01	1	3	2	5	4	13254	0	1000	1010	456	0	1	3	2	5	4	1460	1668	1942	2140	2318	6000	5000	1	1	1	1	1	1
7	17	0	5	1000	88020	88020.123	88	988.115	1	3	2	5	4	13254	0	16000	954	688	0	1	3	2	5	4	1692	1946	2182	2314	2494	6000	5000	1	1	1	1	1	1
7	18	0	5	1000	108020	108020.03	108	980.008	1	3	2	5	4	13254	0	1000	948	452	0	1	3	2	5	4	1456	1708	1946	2090	2256	6000	5000	1	1	1	1	1	1
7	19	1	5	1000	113020	113020.021	113	978.008	1	4	5	2	3	14523	0	1000	922	330	0	1	4	5	2	3	1334	1524	1696	1894	2106	6000	5000	1	1	1	1	1	1
7	20	0	5	1000	118020	118020.04	118	976.021	3	2	4	5	1	32451	0	1000	1116	354	0	3	2	4	5	1	1358	1586	1830	2062	2298	6000	5000	1	1	1	1	1	1
7	21	1	5	1000	123020	123020.005	123	974.009	1	4	5	2	3	14523	0	1000	902	424	0	1	4	5	2	3	1428	1618	1774	1984	2196	6000	5000	1	1	1	1	1	1
7	22	0	5	1000	128020	128020.021	128	974.002	3	5	1	2	4	35124	0	1000	880	406	0	3	5	1	2	4	1410	1592	1814	1976	2142	6000	5000	1	1	1	1	1	1
7	23	0	5	1000	133020	133020.034	133	972.007	1	4	5	2	3	14523	0	1000	922	312	0	1	4	5	2	3	1316	1472	1672	1864	2074	6000	5000	1	1	1	1	1	1
7	24	1	5	1000	138020	138020.01	138	970.002	3	5	1	2	4	35124	0	1000	824	324	0	3	5	1	2	4	1328	1498	1692	1842	1998	6000	5000	1	1	1	1	1	1
7	25	0	5	1000	143020	143020.032	143	968.022	3	2	4	5	1	32451	0	1000	900	372	0	3	2	4	5	1	1376	1606	1772	1918	2094	6000	5000	1	1	1	1	1	1
7	26	0	5	1000	148020	148020.013	148	965.96	1	4	5	2	3	14523	0	1000	822	372	0	1	4	5	2	3	1376	1560	1694	1886	2052	6000	5000	1	1	1	1	1	1
7	27	0	5	1000	153020	153020.036	153	964.025	1	4	5	2	3	14523	0	1000	810	374	0	1	4	5	2	3	1378	1546	1664	1852	2030	6000	5000	1	1	1	1	1	1
7	28	0	5	1000	158020	158020.021	158	961.968	3	2	4	5	1	32451	0	1000	878	366	0	3	2	4	5	1	1370	1590	1742	1900	2048	6000	5000	1	1	1	1	1	1
7	29	0	5	1000	163020	163020.008	163	961.999	3	5	1	2	4	35124	0	1000	800	358	0	3	5	1	2	4	1362	1520	1700	1848	2002	6000	5000	1	1	1	1	1	1
7	30	0	5	1000	168020	168020.002	168	959.988	1	3	2	5	4	13254	0	1000	870	320	0	1	3	2	5	4	1324	1498	1684	1834	2014	6000	5000	1	1	1	1	1	1
7	31	0	5	1000	173020	173020.036	173	958.031	1	4	5	2	3	14523	0	1000	806	452	0	1	4	5	2	3	1456	1646	1776	1968	2134	6000	5000	1	1	1	1	1	1
7	32	1	5	1000	178020	178020.012	178	958.022	1	3	2	5	4	13254	0	1000	852	356	0	1	3	2	5	4	1360	1558	1754	1878	2034	6000	5000	1	1	1	1	1	1
7	33	1	5	1000	183020	183020.01	183	953.88	1	3	2	5	4	13254	0	1000	880	440	0	1	3	2	5	4	1444	1650	1842	1986	2152	6000	5000	1	1	1	1	1	1
7	34	0	5	1000	188020	188022	188	953.969	1	4	5	2	3	14523	0	16000	838	402	0	1	4	5	2	3	1406	1598	1760	1928	2080	6000	5000	1	1	1	1	1	1
7	35	0	5	1000	208020	208020.008	208	945.985	1	4	5	2	3	14523	0	1000	854	442	0	1	4	5	2	3	1446	1652	1824	2022	2174	6000	5000	1	1	1	1	1	1
7	36	1	5	1000	213020	213020.031	213	943.93	3	2	4	5	1	32451	0	1000	802	486	0	3	2	4	5	1	1490	1674	1832	1976	2146	6000	5000	1	1	1	1	1	1
7	37	1	5	1000	218020	218020.013	218	942.001	3	2	4	5	1	32451	0	1000	882	378	0	3	2	4	5	1	1382	1580	1746	1910	2090	6000	5000	1	1	1	1	1	1
7	38	0	5	1000	223020	223020.024	223	939.988	3	2	4	5	1	32451	0	1000	898	384	0	3	2	4	5	1	1388	1560	1746	1906	2100	6000	5000	1	1	1	1	1	1
7	39	0	5	1000	228020	228020	228	937.998	3	2	4	5	1	32451	0	1000	798	310	0	3	2	4	5	1	1314	1476	1660	1778	1916	6000	5000	1	1	1	1	1	1
7	40	0	5	1000	233020	233022.014	233	940.013	1	3	2	5	4	13254	0	1000	818	362	0	1	3	2	5	4	1366	1550	1732	1864	2002	6000	5000	1	1	1	1	1	1
7	41	1	5	1000	238020	238020.002	238	935.996	3	5	1	2	4	35124	0	1000	786	418	0	3	5	1	2	4	1422	1592	1766	1902	2062	6000	5000	1	1	1	1	1	1
7	42	0	5	1000	243020	243020.002	243	934.015	3	5	1	2	4	35124	0	1000	750	260	0	3	5	1	2	4	1264	1440	1600	1732	1882	6000	5000	1	1	1	1	1	1
7	43	0	5	1000	248020	248020.105	248	932.123	3	2	4	5	1	32451	0	1000	970	434	0	3	2	4	5	1	1438	1656	1880	2058	2228	6000	5000	1	1	1	1	1	1
7	44	1	5	1000	253020	253021.983	253	932.001	1	3	2	5	4	13254	0	1000	924	370	0	1	3	2	5	4	1374	1606	1786	1988	2116	6000	5000	1	1	1	1	1	1
7	45	0	5	1000	258020	258020.007	258	927.997	3	2	4	5	1	32451	0	1000	818	436	0	3	2	4	5	1	1440	1660	1816	1952	2068	6000	5000	1	1	1	1	1	1
7	46	1	5	1000	263020	263020.034	263	926.032	3	2	4	5	1	32451	0	1000	772	396	0	3	2	4	5	1	1400	1522	1720	1874	1992	6000	5000	1	1	1	1	1	1
7	47	1	5	1000	268020	268020.009	268	926.009	1	4	5	2	3	14523	0	1000	768	340	0	1	4	5	2	3	1344	1534	1666	1824	1962	6000	5000	1	1	1	1	1	1
7	48	1	5	1000	273020	273020.004	273	923.992	1	4	5	2	3	14523	0	1000	820	392	0	1	4	5	2	3	1396	1574	1766	1888	2046	6000	5000	1	1	1	1	1	1
7	49	0	5	1000	278020	278022	278	923.994	1	3	2	5	4	13254	0	1000	802	340	0	1	3	2	5	4	1344	1520	1712	1844	1968	6000	5000	1	1	1	1	1	1
7	50	0	5	1000	283020	283020.001	283	920.004	3	5	1	2	4	35124	0	1000	744	406	0	3	5	1	2	4	1410	1554	1728	1862	1992	6000	5000	1	1	1	1	1	1
7	51	0	5	1000	288020	288020.03	288	918.041	3	5	1	2	4	35124	0	16000	810	352	0	3	5	1	2	4	1356	1534	1716	1842	1992	6000	5000	1	1	1	1	1	1
7	52	0	5	1000	308020	308020	308	911.999	3	5	1	2	4	35124	0	1000	0	0	0	0	0	0	0	0	0	0	0	0	0	6000	5000	0	1	1	1	1	1
7	53	1	5	1000	313020	313020.002	313	910.001	3	5	1	2	4	35124	0	1000	754	366	0	3	5	1	2	4	1370	1542	1704	1838	1978	6000	5000	1	1	1	1	1	1
7	54	1	5	1000	318020	318021.998	318	909.998	1	3	2	5	4	13254	0	1000	774	386	0	1	3	2	5	4	1390	1570	1734	1854	1990	6000	5000	1	1	1	1	1	1
7	55	1	5	1000	323020	323020.002	323	905.982	3	2	4	5	1	32451	0	1000	806	624	0	3	2	4	5	1	1628	1810	1966	2090	2260	6000	5000	1	1	1	1	1	1
7	56	1	5	1000	328020	328020.01	328	904.03	1	3	2	5	4	13254	0	1000	774	342	0	1	3	2	5	4	1346	1530	1690	1814	1938	6000	5000	1	1	1	1	1	1
7	57	1	5	1000	333020	333020	333	901.989	1	4	5	2	3	14523	0	1000	722	320	0	1	4	5	2	3	1324	1486	1596	1738	1890	6000	5000	1	1	1	1	1	1
7	58	1	5	1000	338020	338021.985	338	903.955	3	5	1	2	4	35124	0	1000	844	282	0	3	5	1	2	4	1286	1432	1638	1770	1956	6000	5000	1	1	1	1	1	1
7	59	1	5	1000	343020	343020.012	343	900	1	4	5	2	3	14523	0	1000	746	332	0	1	4	5	2	3	1336	1520	1638	1786	1932	6000	5000	1	1	1	1	1	1
7	60	0	5	1000	348020	348020.002	348	898.002	1	4	5	2	3	14523	0	1000	862	366	0	1	4	5	2	3	1370	1508	1648	1856	2038	6000	5000	1	1	1	1	1	1
7	61	0	5	1000	353020	353020.03	353	896.021	1	3	2	5	4	13254	0	1000	886	288	0	1	3	2	5	4	1292	1514	1716	1846	1976	6000	5000	1	1	1	1	1	1
7	62	0	5	1000	358020	358020.014	358	894.014	3	2	4	5	1	32451	0	1000	888	348	0	3	2	4	5	1	1352	1572	1718	1888	2054	6000	5000	1	1	1	1	1	1
7	63	1	5	1000	363020	363022.001	363	893.974	3	5	1	2	4	35124	0	1000	820	392	0	3	5	1	2	4	1396	1564	1728	1868	2032	6000	5000	1	1	1	1	1	1
7	64	1	5	1000	368020	368020.067	368	890.066	3	5	1	2	4	35124	0	1000	906	358	0	3	5	1	2	4	1362	1528	1756	1934	2086	6000	5000	1	1	1	1	1	1
7	65	0	5	1000	373020	373020.001	373	889.986	1	4	5	2	3	14523	0	1000	864	454	0	1	4	5	2	3	1458	1632	1798	1962	2148	6000	5000	1	1	1	1	1	1
7	66	1	5	1000	378020	378020.027	378	888.012	1	4	5	2	3	14523	0	1000	836	398	0	1	4	5	2	3	1402	1566	1706	1870	2046	6000	5000	1	1	1	1	1	1
7	67	1	5	1000	383020	383020.003	383	885.986	3	2	4	5	1	32451	0	1000	862	342	0	3	2	4	5	1	1346	1568	1738	1876	2022	6000	5000	1	1	1	1	1	1
7	68	0	5	1000	388020	388020.011	388	884.008	3	5	1	2	4	35124	0	16000	830	342	0	3	5	1	2	4	1346	1512	1702	1864	2010	6000	5000	1	1	1	1	1	1
8	1	1	5	1000	8020	8020.002	9	14	1	3	2	5	4	13254	0	1000	870	378	0	1	3	2	5	4	1382	1588	1794	1944	2098	6000	5000	1	1	1	1	1	1
8	2	0	5	1000	13020	13020.001	14	13.968	1	3	2	5	4	13254	0	1000	940	350	0	1	3	2	5	4	1354	1574	1810	1952	2132	6000	5000	1	1	1	1	1	1
8	3	1	5	1000	18020	18020.014	19	12.017	3	2	4	5	1	32451	0	1000	912	420	0	3	2	4	5	1	1424	1640	1816	1986	2142	6000	5000	1	1	1	1	1	1
8	4	0	5	1000	23020	23020.01	24	9.986	1	4	5	2	3	14523	0	1000	818	308	0	1	4	5	2	3	1312	1474	1602	1796	1970	6000	5000	1	1	1	1	1	1
8	5	1	5	1000	28020	28020.011	29	8.002	1	4	5	2	3	14523	0	1000	840	286	0	1	4	5	2	3	1290	1476	1588	1796	1968	6000	5000	1	1	1	1	1	1
8	6	1	5	1000	33020	33022.03	34	8.02	3	2	4	5	1	32451	0	1000	822	348	0	3	2	4	5	1	1352	1532	1714	1862	2032	6000	5000	1	1	1	1	1	1
8	7	1	5	1000	38020	38022.009	39	5.894	1	3	2	5	4	13254	0	1000	944	202	0	1	3	2	5	4	1206	1444	1658	1792	1958	6000	5000	1	1	1	1	1	1
8	8	0	5	1000	43020	43020.012	44	1.998	3	5	1	2	4	35124	0	1000	838	332	0	3	5	1	2	4	1336	1506	1700	1838	2004	6000	5000	1	1	1	1	1	1
8	9	1	5	1000	48020	48020.02	49	1.895	1	4	5	2	3	14523	0	1000	838	294	0	1	4	5	2	3	1298	1452	1610	1788	1972	6000	5000	1	1	1	1	1	1
8	10	0	5	1000	53020	53020.033	54	0	3	5	1	2	4	35124	0	1000	830	324	0	3	5	1	2	4	1328	1480	1688	1844	1994	6000	5000	1	1	1	1	1	1
8	11	0	5	1000	58020	58020.024	58	998.013	3	2	4	5	1	32451	0	1000	898	534	0	3	2	4	5	1	1538	1730	1918	2064	2250	6000	5000	1	1	1	1	1	1
8	12	0	5	1000	63020	63020.024	63	996.002	3	5	1	2	4	35124	0	1000	870	282	0	3	5	1	2	4	1286	1434	1656	1808	1978	6000	5000	1	1	1	1	1	1
8	13	1	5	1000	68020	68020.041	68	994.039	3	5	1	2	4	35124	0	1000	806	336	0	3	5	1	2	4	1340	1488	1694	1836	1998	6000	5000	1	1	1	1	1	1
8	14	1	5	1000	73020	73020.124	73	992.091	3	5	1	2	4	35124	0	1000	772	48	0	3	5	1	2	4	1052	1216	1396	1548	1678	6000	5000	1	1	1	1	1	1
8	15	1	5	1000	78020	78020.021	78	991.997	1	3	2	5	4	13254	0	1000	850	414	0	1	3	2	5	4	1418	1634	1828	1984	2116	6000	5000	1	1	1	1	1	1
8	16	1	5	1000	83020	83020.01	83	989.981	3	2	4	5	1	32451	0	1000	862	370	0	3	2	4	5	1	1374	1556	1740	1894	2070	6000	5000	1	1	1	1	1	1
8	17	1	5	1000	88020	88020	88	987.932	1	4	5	2	3	14523	0	16000	880	330	0	1	4	5	2	3	1334	1520	1660	1856	2058	6000	5000	1	1	1	1	1	1
8	18	1	5	1000	108020	108020.02	108	980.02	1	4	5	2	3	14523	0	1000	970	442	0	1	4	5	2	3	1446	1670	1890	2074	2270	6000	5000	1	1	1	1	1	1
8	19	0	5	1000	113020	113020.024	113	979.983	1	3	2	5	4	13254	0	1000	906	340	0	1	3	2	5	4	1344	1542	1770	1894	2028	6000	5000	1	1	1	1	1	1
8	20	0	5	1000	118020	118020.066	118	978.03	1	4	5	2	3	14523	0	1000	832	330	0	1	4	5	2	3	1334	1476	1600	1794	1970	6000	5000	1	1	1	1	1	1
8	21	0	5	1000	123020	123020.05	123	975.982	3	2	4	5	1	32451	0	1000	804	390	0	3	2	4	5	1	1394	1604	1772	1926	2006	6000	5000	1	1	1	1	1	1
8	22	0	5	1000	128020	128022.008	128	975.998	1	4	5	2	3	14523	0	1000	814	330	0	1	4	5	2	3	1334	1462	1628	1798	1972	6000	5000	1	1	1	1	1	1
8	23	1	5	1000	133020	133020	133	971.988	1	3	2	5	4	13254	0	1000	830	348	0	1	3	2	5	4	1352	1522	1716	1840	1978	6000	5000	1	1	1	1	1	1
8	24	1	5	1000	138020	138020.009	138	970.008	3	5	1	2	4	35124	0	1000	806	336	0	3	5	1	2	4	1340	1510	1686	1838	1994	6000	5000	1	1	1	1	1	1
8	25	0	5	1000	143020	143020.011	143	967.976	3	2	4	5	1	32451	0	1000	734	412	0	3	2	4	5	1	1416	1598	1740	1872	1966	6000	5000	1	1	1	1	1	1
8	26	0	5	1000	148020	148020.014	148	967.995	1	3	2	5	4	13254	0	1000	844	390	0	1	3	2	5	4	1394	1590	1756	1890	2000	6000	5000	1	1	1	1	1	1
8	27	1	5	1000	153020	153020.105	153	966.081	1	3	2	5	4	13254	0	1000	870	374	0	1	3	2	5	4	1378	1562	1738	1878	1986	6000	5000	1	1	1	1	1	1
8	28	0	5	1000	158020	158020.011	158	963.976	3	2	4	5	1	32451	0	1000	748	2186	0	3	2	4	5	1	3190	3400	3540	3678	3778	6000	5000	1	1	1	1	1	1
8	29	1	5	1000	163020	163020.034	163	962.001	1	4	5	2	3	14523	0	1000	684	378	0	1	4	5	2	3	1382	1538	1620	1796	1934	6000	5000	1	1	1	1	1	1
8	30	1	5	1000	168020	168020.025	168	960.018	1	4	5	2	3	14523	0	1000	724	366	0	1	4	5	2	3	1370	1534	1662	1818	1990	6000	5000	1	1	1	1	1	1
8	31	1	5	1000	173020	173020.01	173	957.97	3	5	1	2	4	35124	0	1000	736	558	0	3	5	1	2	4	1562	1750	1930	2062	2188	6000	5000	1	1	1	1	1	1
8	32	0	5	1000	178020	178020.025	178	956.005	3	5	1	2	4	35124	0	1000	796	396	0	3	5	1	2	4	1400	1588	1744	1908	2056	6000	5000	1	1	1	1	1	1
8	33	0	5	1000	183020	183020.018	183	955.995	1	3	2	5	4	13254	0	1000	818	276	0	1	3	2	5	4	1280	1456	1636	1796	1896	6000	5000	1	1	1	1	1	1
8	34	1	5	1000	188020	188020.009	188	953.987	1	4	5	2	3	14523	0	16000	720	344	0	1	4	5	2	3	1348	1492	1598	1768	1910	6000	5000	1	1	1	1	1	1
8	35	1	5	1000	208020	208020.009	208	947.997	1	4	5	2	3	14523	0	1000	762	432	0	1	4	5	2	3	1436	1610	1738	1882	2042	6000	5000	1	1	1	1	1	1
8	36	0	5	1000	213020	213020.029	213	944.005	3	2	4	5	1	32451	0	1000	882	406	0	3	2	4	5	1	1410	1622	1760	1912	2094	6000	5000	1	1	1	1	1	1
8	37	1	5	1000	218020	218020.037	218	944.016	3	5	1	2	4	35124	0	1000	820	326	0	3	5	1	2	4	1330	1474	1684	1836	1994	6000	5000	1	1	1	1	1	1
8	38	1	5	1000	223020	223020.035	223	942.018	1	4	5	2	3	14523	0	1000	772	342	0	1	4	5	2	3	1346	1518	1648	1828	1972	6000	5000	1	1	1	1	1	1
8	39	0	5	1000	228020	228020.037	228	940.014	1	4	5	2	3	14523	0	1000	862	452	0	1	4	5	2	3	1456	1630	1748	1960	2162	6000	5000	1	1	1	1	1	1
8	40	0	5	1000	233020	233020.01	233	938	3	5	1	2	4	35124	0	1000	840	330	0	3	5	1	2	4	1334	1476	1690	1818	1986	6000	5000	1	1	1	1	1	1
8	41	0	5	1000	238020	238021.999	238	937.99	3	5	1	2	4	35124	0	1000	830	376	0	3	5	1	2	4	1380	1558	1746	1882	2050	6000	5000	1	1	1	1	1	1
8	42	1	5	1000	243020	243020.003	243	934.024	3	2	4	5	1	32451	0	1000	826	374	0	3	2	4	5	1	1378	1578	1732	1862	2042	6000	5000	1	1	1	1	1	1
8	43	1	5	1000	248020	248022.016	248	934.02	3	2	4	5	1	32451	0	1000	826	340	0	3	2	4	5	1	1344	1512	1688	1846	1972	6000	5000	1	1	1	1	1	1
8	44	0	5	1000	253020	253022.003	253	932.003	1	3	2	5	4	13254	0	1000	808	394	0	1	3	2	5	4	1398	1590	1776	1914	2040	6000	5000	1	1	1	1	1	1
8	45	0	5	1000	258020	258022.002	258	932.001	1	3	2	5	4	13254	0	1000	864	326	0	1	3	2	5	4	1330	1526	1692	1842	1960	6000	5000	1	1	1	1	1	1
8	46	0	5	1000	263020	263021.985	263	929.998	3	5	1	2	4	35124	0	1000	892	440	0	3	5	1	2	4	1444	1626	1864	2006	2188	6000	5000	1	1	1	1	1	1
8	47	0	5	1000	268020	268020.003	268	926.012	1	4	5	2	3	14523	0	1000	866	382	0	1	4	5	2	3	1386	1554	1702	1900	2098	6000	5000	1	1	1	1	1	1
8	48	0	5	1000	273020	273020.005	273	924.004	1	4	5	2	3	14523	0	1000	876	128	0	1	4	5	2	3	1132	1324	1476	1660	1850	6000	5000	1	1	1	1	1	1
8	49	1	5	1000	278020	278020	278	921.952	3	2	4	5	1	32451	0	1000	870	452	0	3	2	4	5	1	1456	1650	1822	1982	2148	6000	5000	1	1	1	1	1	1
8	50	0	5	1000	283020	283022.022	283	922.046	3	2	4	5	1	32451	0	1000	886	630	0	3	2	4	5	1	1634	1838	2000	2158	2320	6000	5000	1	1	1	1	1	1
8	51	1	5	1000	288020	288020.031	288	920.02	1	3	2	5	4	13254	0	16000	900	394	0	1	3	2	5	4	1398	1622	1804	1940	2074	6000	5000	1	1	1	1	1	1
8	52	1	5	1000	308020	308022	308	914.001	1	3	2	5	4	13254	0	1000	696	1940	0	1	3	2	5	4	2944	3120	3264	3382	3514	6000	5000	1	1	1	1	1	1
8	53	1	5	1000	313020	313020.027	313	910.029	1	4	5	2	3	14523	0	1000	678	450	0	1	4	5	2	3	1454	1620	1730	1892	2004	6000	5000	1	1	1	1	1	1
8	54	1	5	1000	318020	318021.998	318	909.987	1	3	2	5	4	13254	0	1000	800	372	0	1	3	2	5	4	1376	1586	1772	1890	2012	6000	5000	1	1	1	1	1	1
8	55	0	5	1000	323020	323021.984	323	907.987	1	4	5	2	3	14523	0	1000	730	316	0	1	4	5	2	3	1320	1494	1616	1772	1930	6000	5000	1	1	1	1	1	1
8	56	1	5	1000	328020	328020.024	328	905.98	3	5	1	2	4	35124	0	1000	764	442	0	3	5	1	2	4	1446	1598	1788	1930	2092	6000	5000	1	1	1	1	1	1
8	57	1	5	1000	333020	333020.005	333	904.004	3	2	4	5	1	32451	0	1000	800	362	0	3	2	4	5	1	1366	1514	1688	1806	1980	6000	5000	1	1	1	1	1	1
8	58	1	5	1000	338020	338020.013	338	901.983	3	5	1	2	4	35124	0	1000	744	334	0	3	5	1	2	4	1338	1496	1654	1792	1944	6000	5000	1	1	1	1	1	1
8	59	0	5	1000	343020	343020.031	343	900.024	1	3	2	5	4	13254	0	1000	836	316	0	1	3	2	5	4	1320	1514	1692	1822	1954	6000	5000	1	1	1	1	1	1
8	60	1	5	1000	348020	348021.995	348	900.013	3	5	1	2	4	35124	0	1000	756	296	0	3	5	1	2	4	1300	1488	1632	1762	1906	6000	5000	1	1	1	1	1	1
8	61	0	5	1000	353020	353020.003	353	896.005	1	4	5	2	3	14523	0	1000	716	318	0	1	4	5	2	3	1322	1490	1614	1742	1902	6000	5000	1	1	1	1	1	1
8	62	0	5	1000	358020	358021.981	358	895.999	1	3	2	5	4	13254	0	1000	864	328	0	1	3	2	5	4	1332	1532	1714	1874	1996	6000	5000	1	1	1	1	1	1
8	63	0	5	1000	363020	363020.003	363	894.008	3	2	4	5	1	32451	0	1000	824	396	0	3	2	4	5	1	1400	1616	1772	1920	2032	6000	5000	1	1	1	1	1	1
8	64	0	5	1000	368020	368020.002	368	892.001	3	2	4	5	1	32451	0	1000	696	346	0	3	2	4	5	1	1350	1492	1626	1744	1904	6000	5000	1	1	1	1	1	1
8	65	1	5	1000	373020	373020.016	373	890.006	3	2	4	5	1	32451	0	1000	800	442	0	3	2	4	5	1	1446	1590	1734	1880	2100	6000	5000	1	1	1	1	1	1
8	66	0	5	1000	378020	378022.01	378	889.999	3	5	1	2	4	35124	0	1000	724	460	0	3	5	1	2	4	1464	1678	1794	1934	2084	6000	5000	1	1	1	1	1	1
8	67	1	5	1000	383020	383021.981	383	887.944	1	3	2	5	4	13254	0	1000	846	358	0	1	3	2	5	4	1362	1540	1714	1876	2038	6000	5000	1	1	1	1	1	1
8	68	1	5	1000	388020	388020	388	883.981	1	3	2	5	4	13254	0	16000	818	264	0	1	3	2	5	4	1268	1458	1638	1770	1928	6000	5000	1	1	1	1	1	1
9	1	0	5	1000	8020	8021.929	9	18.026	3	2	4	5	1	32451	0	30000	1158	604	0	3	2	4	5	1	1608	1912	2186	2372	2582	6000	5000	1	1	1	1	1	1
9	2	1	5	1000	42020	42021.907	43	6	3	5	1	2	4	35124	0	21000	972	436	0	3	5	1	2	4	1440	1666	1894	2092	2252	6000	5000	1	1	1	1	1	1
9	3	0	5	1000	67020	67021.932	67	998.015	1	3	2	5	4	13254	0	24000	882	546	0	1	3	2	5	4	1550	1752	1962	2126	2266	6000	5000	1	1	1	1	1	1
9	4	1	5	1000	95020	95021.907	95	987.988	1	4	5	2	3	14523	0	9000	958	438	0	1	4	5	2	3	1442	1672	1840	2056	2226	6000	5000	1	1	1	1	1	1
9	5	0	5	1000	108020	108021.894	108	981.999	3	5	1	2	4	35124	0	27000	880	522	0	3	5	1	2	4	1526	1716	1926	2100	2274	6000	5000	1	1	1	1	1	1
9	6	1	5	1000	139020	139021.931	139	972.04	3	2	4	5	1	32451	0	12000	810	442	0	3	2	4	5	1	1446	1632	1806	1952	2098	6000	5000	1	1	1	1	1	1
9	7	0	5	1000	155020	155021.905	155	965.982	1	4	5	2	3	14523	0	18000	812	416	0	1	4	5	2	3	1420	1606	1738	1942	2106	6000	5000	1	1	1	1	1	1
9	8	1	5	1000	177020	177021.904	177	959.994	1	3	2	5	4	13254	0	15000	848	428	0	1	3	2	5	4	1432	1596	1774	1926	2110	6000	5000	1	1	1	1	1	1
9	9	0	5	1000	196020	196021.906	196	951.973	3	2	4	5	1	32451	0	15000	842	436	0	3	2	4	5	1	1440	1644	1800	1928	2076	6000	5000	1	1	1	1	1	1
9	10	1	5	1000	215020	215021.894	215	945.988	3	5	1	2	4	35124	0	18000	786	380	0	3	5	1	2	4	1384	1566	1738	1882	2024	6000	5000	1	1	1	1	1	1
9	11	0	5	1000	237020	237021.883	237	937.992	1	3	2	5	4	13254	0	21000	1142	384	0	1	3	2	5	4	1388	1700	2038	2214	2366	6000	5000	1	1	1	1	1	1
9	12	1	5	1000	262020	262021.894	262	929.996	1	4	5	2	3	14523	0	9000	774	412	0	1	4	5	2	3	1416	1612	1722	1906	2048	6000	5000	1	1	1	1	1	1
9	13	0	5	1000	275020	275021.894	275	925.987	3	5	1	2	4	35124	0	24000	716	866	0	3	5	1	2	4	1870	2016	2188	2316	2454	6000	5000	1	1	1	1	1	1
9	14	1	5	1000	303020	303021.919	303	916.024	3	2	4	5	1	32451	0	30000	752	650	0	3	2	4	5	1	1654	1862	1996	2146	2256	6000	5000	1	1	1	1	1	1
9	15	0	5	1000	337020	337021.897	337	903.989	1	4	5	2	3	14523	0	27000	746	424	0	1	4	5	2	3	1428	1598	1680	1866	2022	6000	5000	1	1	1	1	1	1
9	16	1	5	1000	368020	368021.909	368	894.012	1	3	2	5	4	13254	0	12000	714	402	0	1	3	2	5	4	1406	1570	1728	1826	1968	6000	5000	1	1	1	1	1	1