BN	TN	seqType	Horizon	PrepTime	startTime	startTimeReal	startTRReal	startTRtime	press0	press1	press2	press3	press4	cueP	complete	iti	MT	RT	isError	response0	response1	response2	response3	response4	pressTime0	pressTime1	pressTime2	pressTime3	pressTime4	timeThreshold	timeThresholdSuper	points	Gain1	Gain2	Gain3	Gain4	Gain5
1	1	1	5	1000	8020	8022.008	9	18.005	1	3	2	5	4	13254	0	1000	996	720	0	1	3	2	5	4	1724	1996	2214	2430	2638	6000	5000	1	1	1	1	1	1
1	2	1	5	1000	13020	13020.011	14	14.001	1	3	2	5	4	13254	0	1000	1216	482	0	1	3	2	5	4	1486	1724	1942	2450	2618	6000	5000	1	1	1	1	1	1
1	3	1	5	1000	18020	18020.03	19	12.019	3	2	4	5	1	32451	0	1000	880	686	0	3	2	4	5	1	1690	1916	2092	2274	2496	6000	5000	1	1	1	1	1	1
1	4	0	5	1000	23020	23020.014	24	9.99	1	4	5	2	3	14523	0	1000	856	672	0	1	4	5	2	3	1676	1894	2078	2278	2470	6000	5000	1	1	1	1	1	1
1	5	0	5	1000	28020	28020.011	29	7.998	3	5	1	2	4	35124	0	1000	850	612	0	3	5	1	2	4	1616	1828	2020	2196	2398	6000	5000	1	1	1	1	1	1
1	6	0	5	1000	33020	33020.012	34	8.002	3	5	1	2	4	35124	0	1000	938	644	0	3	5	1	2	4	1648	1860	2082	2286	2506	6000	5000	1	1	1	1	1	1
1	7	1	5	1000	38020	38020.012	39	5.999	3	2	4	5	1	32451	0	1000	882	626	0	3	2	4	5	1	1630	1830	2016	2214	2430	6000	5000	1	1	1	1	1	1
1	8	1	5	1000	43020	43020.032	44	3.997	3	2	4	5	1	32451	0	1000	872	690	0	3	2	4	5	1	1694	1892	2080	2280	2496	6000	5000	1	1	1	1	1	1
1	9	0	5	1000	48020	48020.069	49	2.058	3	5	1	2	4	35124	0	1000	866	632	0	3	5	1	2	4	1636	1844	2050	2232	2438	6000	5000	1	1	1	1	1	1
1	10	1	5	1000	53020	53020.037	54	0	1	4	5	2	3	14523	0	1000	820	800	0	1	4	5	2	3	1804	2014	2190	2388	2570	6000	5000	1	1	1	1	1	1
1	11	0	5	1000	58020	58020.024	58	998.011	3	2	4	5	1	32451	0	1000	880	656	0	3	2	4	5	1	1660	1876	2064	2258	2466	6000	5000	1	1	1	1	1	1
1	12	0	5	1000	63020	63020.032	63	998.006	1	3	2	5	4	13254	0	1000	820	654	0	1	3	2	5	4	1658	1870	2060	2232	2426	6000	5000	1	1	1	1	1	1
1	13	1	5	1000	68020	68020.01	68	995.976	3	5	1	2	4	35124	0	1000	864	698	0	3	5	1	2	4	1702	1904	2108	2302	2498	6000	5000	1	1	1	1	1	1
1	14	1	5	1000	73020	73020.012	73	993.968	1	4	5	2	3	14523	0	1000	852	702	0	1	4	5	2	3	1706	1916	2114	2310	2504	6000	5000	1	1	1	1	1	1
1	15	0	5	1000	78020	78020.035	78	992.013	1	3	2	5	4	13254	0	1000	828	648	0	1	3	2	5	4	1652	1866	2056	2236	2426	6000	5000	1	1	1	1	1	1
1	16	0	5	1000	83020	83020.037	83	990.025	3	2	4	5	1	32451	0	1000	892	606	0	3	2	4	5	1	1610	1840	2008	2202	2430	6000	5000	1	1	1	1	1	1
1	17	1	5	1000	88020	88020.032	88	988.01	3	2	4	5	1	32451	0	16000	916	702	0	3	2	4	5	1	1706	1926	2124	2326	2544	6000	5000	1	1	1	1	1	1
1	18	1	5	1000	108020	108020.014	108	981.99	3	2	4	5	1	32451	0	1000	766	1054	0	3	2	4	5	1	2058	2240	2408	2590	2756	6000	5000	1	1	1	1	1	1
1	19	1	5	1000	113020	113020.008	113	979.997	3	5	1	2	4	35124	0	1000	806	700	0	3	5	1	2	4	1704	1900	2082	2262	2456	6000	5000	1	1	1	1	1	1
1	20	0	5	1000	118020	118020.015	118	977.919	3	2	4	5	1	32451	0	1000	838	470	0	3	2	4	5	1	1474	1686	1866	2040	2238	6000	5000	1	1	1	1	1	1
1	21	0	5	1000	123020	123020.103	123	976.093	1	4	5	2	3	14523	0	1000	874	572	0	1	4	5	2	3	1576	1796	1988	2190	2392	6000	5000	1	1	1	1	1	1
1	22	0	5	1000	128020	128020.009	128	975.998	1	4	5	2	3	14523	0	1000	834	644	0	1	4	5	2	3	1648	1842	2036	2236	2418	6000	5000	1	1	1	1	1	1
1	23	1	5	1000	133020	133020.002	133	971.977	1	4	5	2	3	14523	0	1000	814	692	0	1	4	5	2	3	1696	1876	2058	2260	2454	6000	5000	1	1	1	1	1	1
1	24	1	5	1000	138020	138020.003	138	971.982	3	2	4	5	1	32451	0	1000	862	738	0	3	2	4	5	1	1742	1954	2138	2328	2530	6000	5000	1	1	1	1	1	1
1	25	0	5	1000	143020	143020.017	143	969.937	3	2	4	5	1	32451	0	1000	884	820	0	3	2	4	5	1	1824	2042	2234	2428	2644	6000	5000	1	1	1	1	1	1
1	26	0	5	1000	148020	148020.013	148	968.003	3	2	4	5	1	32451	0	1000	906	858	0	3	2	4	5	1	1862	2084	2282	2480	2700	6000	5000	1	1	1	1	1	1
1	27	1	5	1000	153020	153020.037	153	966.013	1	3	2	5	4	13254	0	1000	868	718	0	1	3	2	5	4	1722	1976	2176	2344	2536	6000	5000	1	1	1	1	1	1
1	28	1	5	1000	158020	158020.049	158	964.015	1	4	5	2	3	14523	0	1000	856	714	0	1	4	5	2	3	1718	1932	2116	2314	2516	6000	5000	1	1	1	1	1	1
1	29	0	5	1000	163020	163020.002	163	961.98	3	5	1	2	4	35124	0	1000	816	868	0	3	5	1	2	4	1872	2074	2266	2440	2628	6000	5000	1	1	1	1	1	1
1	30	0	5	1000	168020	168020.011	168	960.003	1	4	5	2	3	14523	0	1000	854	752	0	1	4	5	2	3	1756	1962	2148	2350	2552	6000	5000	1	1	1	1	1	1
1	31	0	5	1000	173020	173020.013	173	959.871	3	2	4	5	1	32451	0	1000	862	802	0	3	2	4	5	1	1806	2008	2198	2394	2598	6000	5000	1	1	1	1	1	1
1	32	0	5	1000	178020	178020.011	178	957.996	3	5	1	2	4	35124	0	1000	850	810	0	3	5	1	2	4	1814	2016	2214	2408	2614	6000	5000	1	1	1	1	1	1
1	33	0	5	1000	183020	183020.003	183	955.991	1	3	2	5	4	13254	0	1000	828	836	0	1	3	2	5	4	1840	2046	2234	2414	2622	6000	5000	1	1	1	1	1	1
1	34	0	5	1000	188020	188020.038	188	954.029	1	4	5	2	3	14523	0	16000	846	800	0	1	4	5	2	3	1804	2004	2192	2398	2592	6000	5000	1	1	1	1	1	1
1	35	0	5	1000	208020	208022.127	208	950.103	1	4	5	2	3	14523	0	1000	842	662	0	1	4	5	2	3	1666	1870	2058	2262	2454	6000	5000	1	1	1	1	1	1
1	36	1	5	1000	213020	213020.016	213	945.993	1	3	2	5	4	13254	0	1000	810	698	0	1	3	2	5	4	1702	1914	2104	2276	2470	6000	5000	1	1	1	1	1	1
1	37	0	5	1000	218020	218020.011	218	943.989	3	5	1	2	4	35124	0	1000	934	734	0	3	5	1	2	4	1738	1940	2144	2364	2622	6000	5000	1	1	1	1	1	1
1	38	0	5	1000	223020	223020.031	223	942.009	3	2	4	5	1	32451	0	1000	1774	622	1	3	4	5	1	1	1626	2028	2226	2424	3322	6000	5000	0	1	1	1	1	1
1	39	1	5	1000	228020	228020.01	228	939.978	1	4	5	2	3	14523	0	1000	854	856	0	1	4	5	2	3	1860	2094	2274	2466	2662	6000	5000	1	1	1	1	1	1
1	40	1	5	1000	233020	233020.011	233	938	1	4	5	2	3	14523	0	1000	862	706	0	1	4	5	2	3	1710	1930	2122	2332	2530	6000	5000	1	1	1	1	1	1
1	41	1	5	1000	238020	238020.029	238	936.015	1	3	2	5	4	13254	0	1000	844	758	0	1	3	2	5	4	1762	1992	2178	2358	2568	6000	5000	1	1	1	1	1	1
1	42	0	5	1000	243020	243020.012	243	935.999	1	3	2	5	4	13254	0	1000	874	600	0	1	3	2	5	4	1604	1816	2028	2234	2428	6000	5000	1	1	1	1	1	1
1	43	1	5	1000	248020	248020.016	248	933.994	1	4	5	2	3	14523	0	1000	844	652	0	1	4	5	2	3	1656	1882	2084	2290	2488	6000	5000	1	1	1	1	1	1
1	44	1	5	1000	253020	253020	253	931.996	3	5	1	2	4	35124	0	1000	840	666	0	3	5	1	2	4	1670	1870	2058	2250	2446	6000	5000	1	1	1	1	1	1
1	45	1	5	1000	258020	258020.001	258	930.002	3	5	1	2	4	35124	0	1000	838	736	0	3	5	1	2	4	1740	1932	2130	2318	2514	6000	5000	1	1	1	1	1	1
1	46	1	5	1000	263020	263021.984	263	929.978	3	2	4	5	1	32451	0	1000	914	780	0	3	2	4	5	1	1784	2012	2190	2396	2614	6000	5000	1	1	1	1	1	1
1	47	1	5	1000	268020	268020.004	268	926.001	1	4	5	2	3	14523	0	1000	876	646	0	1	4	5	2	3	1650	1884	2074	2266	2470	6000	5000	1	1	1	1	1	1
1	48	0	5	1000	273020	273022.002	273	925.996	1	4	5	2	3	14523	0	1000	854	716	0	1	4	5	2	3	1720	1934	2124	2324	2516	6000	5000	1	1	1	1	1	1
1	49	1	5	1000	278020	278021.982	278	925.988	3	5	1	2	4	35124	0	1000	942	656	0	3	5	1	2	4	1660	1878	2114	2336	2546	6000	5000	1	1	1	1	1	1
1	50	1	5	1000	283020	283021.988	283	924.006	1	3	2	5	4	13254	0	1000	880	794	0	1	3	2	5	4	1798	2032	2246	2458	2668	6000	5000	1	1	1	1	1	1
1	51	1	5	1000	288020	288020.011	288	920.025	3	5	1	2	4	35124	0	16000	980	730	0	3	5	1	2	4	1734	1970	2190	2418	2680	6000	5000	1	1	1	1	1	1
1	52	1	5	1000	308020	308021.99	308	914.001	3	5	1	2	4	35124	0	1000	986	838	0	3	5	1	2	4	1842	2076	2322	2542	2770	6000	5000	1	1	1	1	1	1
1	53	0	5	1000	313020	313021.989	313	914.002	1	3	2	5	4	13254	0	1000	930	658	0	1	3	2	5	4	1662	1906	2116	2326	2534	6000	5000	1	1	1	1	1	1
1	54	0	5	1000	318020	318022.022	318	912.022	3	5	1	2	4	35124	0	1000	1036	834	0	3	5	1	2	4	1838	2066	2346	2584	2844	6000	5000	1	1	1	1	1	1
1	55	1	5	1000	323020	323022	323	909.982	3	5	1	2	4	35124	0	1000	980	738	0	3	5	1	2	4	1742	1972	2214	2430	2654	6000	5000	1	1	1	1	1	1
1	56	0	5	1000	328020	328020.042	328	906.045	1	4	5	2	3	14523	0	1000	942	746	0	1	4	5	2	3	1750	1982	2198	2422	2634	6000	5000	1	1	1	1	1	1
1	57	0	5	1000	333020	333022.027	333	906.043	1	3	2	5	4	13254	0	1000	922	678	0	1	3	2	5	4	1682	1912	2128	2328	2542	6000	5000	1	1	1	1	1	1
1	58	1	5	1000	338020	338021.989	338	904.003	1	3	2	5	4	13254	0	1000	856	844	0	1	3	2	5	4	1848	2054	2262	2448	2652	6000	5000	1	1	1	1	1	1
1	59	0	5	1000	343020	343022.003	343	901.995	3	2	4	5	1	32451	0	1000	946	730	0	3	2	4	5	1	1734	1974	2170	2368	2614	6000	5000	1	1	1	1	1	1
1	60	1	5	1000	348020	348021.99	348	900.008	3	5	1	2	4	35124	0	1000	956	740	0	3	5	1	2	4	1744	1948	2196	2414	2634	6000	5000	1	1	1	1	1	1
1	61	0	5	1000	353020	353021.983	353	899.998	3	5	1	2	4	35124	0	1000	1018	692	0	3	5	1	2	4	1696	1906	2188	2426	2658	6000	5000	1	1	1	1	1	1
1	62	1	5	1000	358020	358022.009	358	898.014	1	3	2	5	4	13254	0	1000	938	698	0	1	3	2	5	4	1702	1924	2152	2366	2586	6000	5000	1	1	1	1	1	1
1	63	0	5	1000	363020	363021.987	363	896.003	1	4	5	2	3	14523	0	1000	1022	634	0	1	4	5	2	3	1638	1862	2076	2336	2592	6000	5000	1	1	1	1	1	1
1	64	1	5	1000	368020	368021.998	368	894.008	3	2	4	5	1	32451	0	1000	1002	788	0	3	2	4	5	1	1792	2024	2236	2444	2722	6000	5000	1	1	1	1	1	1
1	65	0	5	1000	373020	373022.008	373	892.025	1	3	2	5	4	13254	0	1000	972	790	0	1	3	2	5	4	1794	2038	2258	2480	2710	6000	5000	1	1	1	1	1	1
1	66	0	5	1000	378020	378020.013	378	888.008	1	3	2	5	4	13254	0	1000	934	736	0	1	3	2	5	4	1740	1974	2194	2398	2626	6000	5000	1	1	1	1	1	1
1	67	1	5	1000	383020	383020.019	383	885.979	3	2	4	5	1	32451	0	1000	992	656	0	3	2	4	5	1	1660	1892	2104	2326	2574	6000	5000	1	1	1	1	1	1
1	68	1	5	1000	388020	388021.987	388	888.002	1	3	2	5	4	13254	0	16000	892	688	0	1	3	2	5	4	1692	1926	2128	2328	2538	6000	5000	1	1	1	1	1	1
2	1	0	5	1000	8020	8021.912	9	17.986	3	5	1	2	4	35124	0	1000	1128	916	0	3	5	1	2	4	1920	2218	2474	2752	2964	6000	5000	1	1	1	1	1	1
2	2	0	5	1000	13020	13021.9	14	16.008	1	3	2	5	4	13254	0	1000	966	658	0	1	3	2	5	4	1662	1896	2134	2344	2564	6000	5000	1	1	1	1	1	1
2	3	0	5	1000	18020	18021.936	19	14.023	1	3	2	5	4	13254	0	1000	924	760	0	1	3	2	5	4	1764	1996	2216	2412	2640	6000	5000	1	1	1	1	1	1
2	4	1	5	1000	23020	23021.898	24	12.001	1	3	2	5	4	13254	0	1000	876	900	0	1	3	2	5	4	1904	2108	2312	2512	2724	6000	5000	1	1	1	1	1	1
2	5	0	5	1000	28020	28021.901	29	10.012	3	2	4	5	1	32451	0	1000	980	772	0	3	2	4	5	1	1776	2006	2218	2444	2692	6000	5000	1	1	1	1	1	1
2	6	1	5	1000	33020	33021.904	34	7.87	3	5	1	2	4	35124	0	1000	942	686	0	3	5	1	2	4	1690	1904	2142	2350	2572	6000	5000	1	1	1	1	1	1
2	7	0	5	1000	38020	38021.913	39	7.994	3	2	4	5	1	32451	0	1000	1020	698	0	3	2	4	5	1	1702	1944	2160	2390	2650	6000	5000	1	1	1	1	1	1
2	8	1	5	1000	43020	43021.899	44	6.001	3	2	4	5	1	32451	0	1000	1006	700	0	3	2	4	5	1	1704	1946	2168	2370	2626	6000	5000	1	1	1	1	1	1
2	9	0	5	1000	48020	48021.902	49	4	3	5	1	2	4	35124	0	1000	1008	728	0	3	5	1	2	4	1732	1964	2226	2464	2682	6000	5000	1	1	1	1	1	1
2	10	0	5	1000	53020	53022.017	54	2.117	1	4	5	2	3	14523	0	1000	906	626	0	1	4	5	2	3	1630	1850	2070	2306	2530	6000	5000	1	1	1	1	1	1
2	11	1	5	1000	58020	58020.013	58	998.115	1	3	2	5	4	13254	0	1000	886	702	0	1	3	2	5	4	1706	1932	2134	2328	2548	6000	5000	1	1	1	1	1	1
2	12	1	5	1000	63020	63021.922	63	998.022	1	3	2	5	4	13254	0	1000	672	660	1	1	3	3	2	5	1664	1882	1904	2080	2274	6000	5000	0	1	1	1	1	1
2	13	1	5	1000	68020	68021.939	68	998.02	1	4	5	2	3	14523	0	1000	874	656	0	1	4	5	2	3	1660	1890	2092	2322	2526	6000	5000	1	1	1	1	1	1
2	14	0	5	1000	73020	73021.9	73	996.002	1	3	2	5	4	13254	0	1000	940	772	0	1	3	2	5	4	1776	2014	2222	2430	2690	6000	5000	1	1	1	1	1	1
2	15	0	5	1000	78020	78021.897	78	993.985	3	5	1	2	4	35124	0	1000	936	544	0	3	5	1	2	4	1548	1764	2022	2236	2436	6000	5000	1	1	1	1	1	1
2	16	1	5	1000	83020	83021.902	83	991.979	3	5	1	2	4	35124	0	1000	936	688	0	3	5	1	2	4	1692	1908	2164	2364	2566	6000	5000	1	1	1	1	1	1
2	17	0	5	1000	88020	88021.899	88	989.988	1	4	5	2	3	14523	0	16000	958	582	0	1	4	5	2	3	1586	1824	2050	2302	2536	6000	5000	1	1	1	1	1	1
2	18	0	5	1000	108020	108021.912	108	983.99	1	4	5	2	3	14523	0	1000	968	738	0	1	4	5	2	3	1742	1990	2202	2432	2660	6000	5000	1	1	1	1	1	1
2	19	1	5	1000	113020	113021.902	113	982.003	3	5	1	2	4	35124	0	1000	990	704	0	3	5	1	2	4	1708	1918	2168	2392	2650	6000	5000	1	1	1	1	1	1
2	20	1	5	1000	118020	118021.898	118	979.999	3	2	4	5	1	32451	0	1000	2178	610	1	3	2	5	1	1	1614	1846	2288	2548	3678	6000	5000	0	1	1	1	1	1
2	21	1	5	1000	123020	123021.912	123	978.022	1	4	5	2	3	14523	0	1000	1082	728	0	1	4	5	2	3	1732	2020	2280	2516	2754	6000	5000	1	1	1	1	1	1
2	22	1	5	1000	128020	128021.9	128	975.985	1	4	5	2	3	14523	0	1000	1092	700	0	1	4	5	2	3	1704	1962	2212	2462	2730	6000	5000	1	1	1	1	1	1
2	23	1	5	1000	133020	133021.887	133	973.961	1	3	2	5	4	13254	0	1000	1064	844	0	1	3	2	5	4	1848	2062	2320	2556	2810	6000	5000	1	1	1	1	1	1
2	24	0	5	1000	138020	138021.946	138	974.05	3	5	1	2	4	35124	0	1000	1054	772	0	3	5	1	2	4	1776	2004	2272	2498	2742	6000	5000	1	1	1	1	1	1
2	25	1	5	1000	143020	143021.898	143	971.997	3	2	4	5	1	32451	0	1000	1066	598	0	3	2	4	5	1	1602	1848	2076	2306	2576	6000	5000	1	1	1	1	1	1
2	26	0	5	1000	148020	148021.898	148	970.001	1	3	2	5	4	13254	0	1000	1026	554	0	1	3	2	5	4	1558	1794	2028	2254	2510	6000	5000	1	1	1	1	1	1
2	27	0	5	1000	153020	153021.89	153	967.988	3	2	4	5	1	32451	0	1000	1116	614	0	3	2	4	5	1	1618	1870	2102	2340	2638	6000	5000	1	1	1	1	1	1
2	28	1	5	1000	158020	158021.911	158	966.025	1	3	2	5	4	13254	0	1000	1082	696	0	1	3	2	5	4	1700	1950	2202	2434	2704	6000	5000	1	1	1	1	1	1
2	29	0	5	1000	163020	163021.909	163	963.997	1	3	2	5	4	13254	0	1000	1088	634	0	1	3	2	5	4	1638	1884	2142	2382	2656	6000	5000	1	1	1	1	1	1
2	30	1	5	1000	168020	168021.923	168	961.979	3	2	4	5	1	32451	0	1000	1114	694	0	3	2	4	5	1	1698	1944	2198	2438	2726	6000	5000	1	1	1	1	1	1
2	31	0	5	1000	173020	173021.898	173	962	3	2	4	5	1	32451	0	1000	1144	642	0	3	2	4	5	1	1646	1908	2146	2404	2700	6000	5000	1	1	1	1	1	1
2	32	0	5	1000	178020	178021.899	178	959.983	1	4	5	2	3	14523	0	1000	1066	644	0	1	4	5	2	3	1648	1876	2120	2390	2646	6000	5000	1	1	1	1	1	1
2	33	1	5	1000	183020	183021.897	183	958.009	1	4	5	2	3	14523	0	1000	1080	702	0	1	4	5	2	3	1706	1960	2198	2462	2722	6000	5000	1	1	1	1	1	1
2	34	1	5	1000	188020	188021.89	188	955.985	3	5	1	2	4	35124	0	16000	1070	678	0	3	5	1	2	4	1682	1916	2192	2420	2668	6000	5000	1	1	1	1	1	1
2	35	1	5	1000	208020	208021.911	208	949.998	3	5	1	2	4	35124	0	1000	1038	936	0	3	5	1	2	4	1940	2162	2430	2654	2902	6000	5000	1	1	1	1	1	1
2	36	1	5	1000	213020	213021.911	213	948.013	1	4	5	2	3	14523	0	1000	1008	780	0	1	4	5	2	3	1784	2034	2260	2502	2734	6000	5000	1	1	1	1	1	1
2	37	0	5	1000	218020	218021.921	218	946.012	3	2	4	5	1	32451	0	1000	1100	804	0	3	2	4	5	1	1808	2064	2290	2524	2806	6000	5000	1	1	1	1	1	1
2	38	1	5	1000	223020	223021.938	223	943.942	1	4	5	2	3	14523	0	1000	1046	734	0	1	4	5	2	3	1738	1974	2206	2466	2720	6000	5000	1	1	1	1	1	1
2	39	0	5	1000	228020	228021.903	228	942.012	1	4	5	2	3	14523	0	1000	1086	696	0	1	4	5	2	3	1700	1938	2162	2450	2724	6000	5000	1	1	1	1	1	1
2	40	0	5	1000	233020	233021.888	233	940.002	1	3	2	5	4	13254	0	1000	1128	710	0	1	3	2	5	4	1714	1962	2220	2474	2760	6000	5000	1	1	1	1	1	1
2	41	1	5	1000	238020	238021.9	238	938.005	1	4	5	2	3	14523	0	1000	1060	750	0	1	4	5	2	3	1754	1998	2216	2502	2754	6000	5000	1	1	1	1	1	1
2	42	1	5	1000	243020	243021.89	243	937.999	3	2	4	5	1	32451	0	1000	1052	668	0	3	2	4	5	1	1672	1892	2126	2368	2644	6000	5000	1	1	1	1	1	1
2	43	1	5	1000	248020	248021.876	248	936.006	3	5	1	2	4	35124	0	1000	1046	760	0	3	5	1	2	4	1764	1978	2262	2486	2726	6000	5000	1	1	1	1	1	1
2	44	1	5	1000	253020	253021.872	253	934.001	3	5	1	2	4	35124	0	1000	1056	726	0	3	5	1	2	4	1730	1942	2232	2452	2706	6000	5000	1	1	1	1	1	1
2	45	1	5	1000	258020	258021.875	258	932	1	3	2	5	4	13254	0	1000	1066	826	0	1	3	2	5	4	1830	2078	2364	2578	2824	6000	5000	1	1	1	1	1	1
2	46	0	5	1000	263020	263021.871	263	930.002	1	4	5	2	3	14523	0	1000	1090	672	0	1	4	5	2	3	1676	1916	2154	2432	2696	6000	5000	1	1	1	1	1	1
2	47	1	5	1000	268020	268021.871	268	928.002	3	2	4	5	1	32451	0	1000	1158	670	0	3	2	4	5	1	1674	1916	2174	2414	2714	6000	5000	1	1	1	1	1	1
2	48	1	5	1000	273020	273021.87	273	925.996	3	2	4	5	1	32451	0	1000	1094	706	0	3	2	4	5	1	1710	1964	2212	2444	2708	6000	5000	1	1	1	1	1	1
2	49	1	5	1000	278020	278021.87	278	923.989	1	3	2	5	4	13254	0	1000	1034	714	0	1	3	2	5	4	1718	1960	2202	2408	2680	6000	5000	1	1	1	1	1	1
2	50	1	5	1000	283020	283021.872	283	923.996	3	5	1	2	4	35124	0	1000	1082	736	0	3	5	1	2	4	1740	1960	2252	2484	2730	6000	5000	1	1	1	1	1	1
2	51	0	5	1000	288020	288021.871	288	921.999	1	3	2	5	4	13254	0	16000	1100	474	0	1	3	2	5	4	1478	1718	1980	2226	2490	6000	5000	1	1	1	1	1	1
2	52	0	5	1000	308020	308021.889	308	914.003	1	3	2	5	4	13254	0	1000	1092	836	0	1	3	2	5	4	1840	2096	2336	2594	2848	6000	5000	1	1	1	1	1	1
2	53	1	5	1000	313020	313021.902	313	912.025	3	5	1	2	4	35124	0	1000	1078	678	0	3	5	1	2	4	1682	1918	2194	2434	2678	6000	5000	1	1	1	1	1	1
2	54	0	5	1000	318020	318021.887	318	912.018	3	5	1	2	4	35124	0	1000	1072	864	0	3	5	1	2	4	1868	2112	2386	2608	2852	6000	5000	1	1	1	1	1	1
2	55	1	5	1000	323020	323021.886	323	909.995	1	3	2	5	4	13254	0	1000	960	658	0	1	3	2	5	4	1662	1894	2126	2336	2556	6000	5000	1	1	1	1	1	1
2	56	1	5	1000	328020	328021.888	328	908.007	3	2	4	5	1	32451	0	1000	1074	638	0	3	2	4	5	1	1642	1872	2116	2354	2618	6000	5000	1	1	1	1	1	1
2	57	0	5	1000	333020	333021.89	333	906.003	1	4	5	2	3	14523	0	1000	1038	656	0	1	4	5	2	3	1660	1892	2114	2380	2630	6000	5000	1	1	1	1	1	1
2	58	0	5	1000	338020	338021.873	338	903.987	3	2	4	5	1	32451	0	1000	1124	644	0	3	2	4	5	1	1648	1900	2136	2362	2666	6000	5000	1	1	1	1	1	1
2	59	0	5	1000	343020	343021.904	343	902.016	3	2	4	5	1	32451	0	1000	1068	708	0	3	2	4	5	1	1712	1958	2190	2416	2702	6000	5000	1	1	1	1	1	1
2	60	0	5	1000	348020	348021.888	348	900.004	3	5	1	2	4	35124	0	1000	1086	802	0	3	5	1	2	4	1806	2042	2312	2530	2796	6000	5000	1	1	1	1	1	1
2	61	0	5	1000	353020	353021.885	353	899.985	3	5	1	2	4	35124	0	1000	1082	776	0	3	5	1	2	4	1780	2010	2288	2504	2762	6000	5000	1	1	1	1	1	1
2	62	0	5	1000	358020	358021.887	358	897.988	3	2	4	5	1	32451	0	1000	1090	720	0	3	2	4	5	1	1724	1990	2210	2438	2710	6000	5000	1	1	1	1	1	1
2	63	0	5	1000	363020	363021.887	363	895.999	1	3	2	5	4	13254	0	1000	1096	702	0	1	3	2	5	4	1706	1960	2224	2464	2726	6000	5000	1	1	1	1	1	1
2	64	0	5	1000	368020	368021.919	368	894.018	1	4	5	2	3	14523	0	1000	1068	712	0	1	4	5	2	3	1716	1960	2172	2450	2712	6000	5000	1	1	1	1	1	1
2	65	0	5	1000	373020	373021.89	373	892.005	1	4	5	2	3	14523	0	1000	1058	904	0	1	4	5	2	3	1908	2148	2366	2638	2890	6000	5000	1	1	1	1	1	1
2	66	0	5	1000	378020	378021.898	378	889.996	3	5	1	2	4	35124	0	1000	1092	684	0	3	5	1	2	4	1688	1924	2212	2446	2702	6000	5000	1	1	1	1	1	1
2	67	1	5	1000	383020	383021.885	383	887.989	1	4	5	2	3	14523	0	1000	1014	754	0	1	4	5	2	3	1758	1996	2218	2466	2702	6000	5000	1	1	1	1	1	1
2	68	0	5	1000	388020	388021.885	388	887.999	3	5	1	2	4	35124	0	16000	1062	770	0	3	5	1	2	4	1774	1998	2282	2514	2760	6000	5000	1	1	1	1	1	1
3	1	1	5	1000	8020	8021.995	9	17.995	3	2	4	5	1	32451	0	1000	1082	826	0	3	2	4	5	1	1830	2108	2346	2570	2822	6000	5000	1	1	1	1	1	1
3	2	0	5	1000	13020	13020.013	14	14.012	1	4	5	2	3	14523	0	1000	1068	700	0	1	4	5	2	3	1704	1954	2178	2452	2706	6000	5000	1	1	1	1	1	1
3	3	0	5	1000	18020	18020.001	19	12.003	1	3	2	5	4	13254	0	1000	1032	712	0	1	3	2	5	4	1716	1964	2198	2418	2668	6000	5000	1	1	1	1	1	1
3	4	1	5	1000	23020	23020.029	24	10.016	1	4	5	2	3	14523	0	1000	996	730	0	1	4	5	2	3	1734	1992	2214	2460	2676	6000	5000	1	1	1	1	1	1
3	5	1	5	1000	28020	28020.001	29	8.001	3	5	1	2	4	35124	0	1000	978	666	0	3	5	1	2	4	1670	1872	2144	2360	2576	6000	5000	1	1	1	1	1	1
3	6	1	5	1000	33020	33022.127	34	10.127	3	2	4	5	1	32451	0	1000	988	668	0	3	2	4	5	1	1672	1908	2128	2324	2582	6000	5000	1	1	1	1	1	1
3	7	1	5	1000	38020	38020.007	39	6.007	1	3	2	5	4	13254	0	1000	916	714	0	1	3	2	5	4	1718	1940	2154	2366	2578	6000	5000	1	1	1	1	1	1
3	8	0	5	1000	43020	43020.004	44	3.993	1	3	2	5	4	13254	0	1000	946	570	0	1	3	2	5	4	1574	1792	2012	2230	2462	6000	5000	1	1	1	1	1	1
3	9	0	5	1000	48020	48021.998	49	3.998	1	4	5	2	3	14523	0	1000	1024	578	0	1	4	5	2	3	1582	1804	2008	2296	2548	6000	5000	1	1	1	1	1	1
3	10	1	5	1000	53020	53022.001	54	2.002	1	3	2	5	4	13254	0	1000	926	834	0	1	3	2	5	4	1838	2070	2294	2496	2708	6000	5000	1	1	1	1	1	1
3	11	0	5	1000	58020	58022.111	59	0	1	4	5	2	3	14523	0	1000	960	660	0	1	4	5	2	3	1664	1880	2094	2348	2572	6000	5000	1	1	1	1	1	1
3	12	0	5	1000	63020	63022	63	999.987	3	2	4	5	1	32451	0	1000	998	748	0	3	2	4	5	1	1752	1982	2202	2414	2682	6000	5000	1	1	1	1	1	1
3	13	0	5	1000	68020	68022.013	68	998.012	1	4	5	2	3	14523	0	1000	1000	722	0	1	4	5	2	3	1726	1960	2170	2426	2672	6000	5000	1	1	1	1	1	1
3	14	0	5	1000	73020	73020.014	73	994.002	1	4	5	2	3	14523	0	1000	976	734	0	1	4	5	2	3	1738	1972	2188	2432	2664	6000	5000	1	1	1	1	1	1
3	15	0	5	1000	78020	78020.013	78	992.012	3	5	1	2	4	35124	0	1000	1022	972	0	3	5	1	2	4	1976	2198	2476	2706	2930	6000	5000	1	1	1	1	1	1
3	16	0	5	1000	83020	83020.001	83	989.881	3	5	1	2	4	35124	0	1000	984	676	0	3	5	1	2	4	1680	1902	2148	2370	2596	6000	5000	1	1	1	1	1	1
3	17	1	5	1000	88020	88020.001	88	987.905	1	4	5	2	3	14523	0	16000	934	638	0	1	4	5	2	3	1642	1860	2064	2302	2514	6000	5000	1	1	1	1	1	1
3	18	1	5	1000	108020	108020.099	108	982.069	1	4	5	2	3	14523	0	1000	978	694	0	1	4	5	2	3	1698	1940	2152	2388	2614	6000	5000	1	1	1	1	1	1
3	19	0	5	1000	113020	113020.034	113	980.047	1	4	5	2	3	14523	0	1000	940	754	0	1	4	5	2	3	1758	1988	2194	2430	2650	6000	5000	1	1	1	1	1	1
3	20	1	5	1000	118020	118020.001	118	977.999	3	2	4	5	1	32451	0	1000	982	724	0	3	2	4	5	1	1728	1972	2196	2400	2640	6000	5000	1	1	1	1	1	1
3	21	1	5	1000	123020	123020.001	123	976.012	3	2	4	5	1	32451	0	1000	974	732	0	3	2	4	5	1	1736	1964	2188	2406	2660	6000	5000	1	1	1	1	1	1
3	22	0	5	1000	128020	128020.024	128	974.022	3	2	4	5	1	32451	0	1000	1018	760	0	3	2	4	5	1	1764	2010	2226	2444	2716	6000	5000	1	1	1	1	1	1
3	23	0	5	1000	133020	133020.084	133	972.073	3	5	1	2	4	35124	0	1000	990	802	0	3	5	1	2	4	1806	2020	2288	2516	2744	6000	5000	1	1	1	1	1	1
3	24	0	5	1000	138020	138020.013	138	972.002	3	2	4	5	1	32451	0	1000	1006	818	0	3	2	4	5	1	1822	2064	2282	2496	2758	6000	5000	1	1	1	1	1	1
3	25	1	5	1000	143020	143020.014	143	970.012	1	4	5	2	3	14523	0	1000	926	714	0	1	4	5	2	3	1718	1946	2154	2384	2594	6000	5000	1	1	1	1	1	1
3	26	1	5	1000	148020	148020.013	148	967.999	1	3	2	5	4	13254	0	1000	966	678	0	1	3	2	5	4	1682	1904	2146	2368	2596	6000	5000	1	1	1	1	1	1
3	27	1	5	1000	153020	153020.002	153	965.987	1	4	5	2	3	14523	0	1000	982	696	0	1	4	5	2	3	1700	1932	2148	2400	2630	6000	5000	1	1	1	1	1	1
3	28	0	5	1000	158020	158020.011	158	963.984	1	3	2	5	4	13254	0	1000	956	736	0	1	3	2	5	4	1740	1968	2210	2418	2654	6000	5000	1	1	1	1	1	1
3	29	0	5	1000	163020	163020.013	163	962.024	1	3	2	5	4	13254	0	1000	956	764	0	1	3	2	5	4	1768	2002	2238	2446	2678	6000	5000	1	1	1	1	1	1
3	30	0	5	1000	168020	168020	168	960.017	3	2	4	5	1	32451	0	1000	1012	678	0	3	2	4	5	1	1682	1930	2156	2382	2634	6000	5000	1	1	1	1	1	1
3	31	0	5	1000	173020	173020.002	173	959.992	3	2	4	5	1	32451	0	1000	1026	674	0	3	2	4	5	1	1678	1920	2144	2366	2624	6000	5000	1	1	1	1	1	1
3	32	0	5	1000	178020	178020.034	178	958.022	1	3	2	5	4	13254	0	1000	942	728	0	1	3	2	5	4	1732	1972	2194	2410	2632	6000	5000	1	1	1	1	1	1
3	33	1	5	1000	183020	183021.978	183	957.854	3	5	1	2	4	35124	0	1000	964	724	0	3	5	1	2	4	1728	1934	2186	2400	2632	6000	5000	1	1	1	1	1	1
3	34	1	5	1000	188020	188020.014	188	954.003	1	3	2	5	4	13254	0	16000	940	570	0	1	3	2	5	4	1574	1804	2024	2238	2472	6000	5000	1	1	1	1	1	1
3	35	1	5	1000	208020	208020.002	208	947.993	1	3	2	5	4	13254	0	1000	928	792	0	1	3	2	5	4	1796	2040	2246	2452	2682	6000	5000	1	1	1	1	1	1
3	36	0	5	1000	213020	213020.011	213	946.01	3	5	1	2	4	35124	0	1000	974	670	0	3	5	1	2	4	1674	1894	2158	2368	2588	6000	5000	1	1	1	1	1	1
3	37	1	5	1000	218020	218021.988	218	945.987	3	5	1	2	4	35124	0	1000	960	808	0	3	5	1	2	4	1812	2030	2282	2502	2722	6000	5000	1	1	1	1	1	1
3	38	1	5	1000	223020	223021.986	223	943.983	3	5	1	2	4	35124	0	1000	1036	626	0	3	5	1	2	4	1630	1850	2118	2346	2608	6000	5000	1	1	1	1	1	1
3	39	0	5	1000	228020	228020.018	228	939.999	3	2	4	5	1	32451	0	1000	1056	660	0	3	2	4	5	1	1664	1908	2140	2360	2636	6000	5000	1	1	1	1	1	1
3	40	1	5	1000	233020	233022.012	233	940.01	3	2	4	5	1	32451	0	1000	998	704	0	3	2	4	5	1	1708	1940	2162	2376	2618	6000	5000	1	1	1	1	1	1
3	41	0	5	1000	238020	238020	238	936.01	3	5	1	2	4	35124	0	1000	1006	626	0	3	5	1	2	4	1630	1850	2122	2350	2572	6000	5000	1	1	1	1	1	1
3	42	1	5	1000	243020	243022.013	243	938.024	3	2	4	5	1	32451	0	1000	1000	650	0	3	2	4	5	1	1654	1888	2116	2328	2582	6000	5000	1	1	1	1	1	1
3	43	0	5	1000	248020	248020.001	248	934.008	1	3	2	5	4	13254	0	1000	938	814	0	1	3	2	5	4	1818	2058	2276	2476	2698	6000	5000	1	1	1	1	1	1
3	44	0	5	1000	253020	253020.002	253	932.007	3	5	1	2	4	35124	0	1000	996	698	0	3	5	1	2	4	1702	1922	2176	2402	2628	6000	5000	1	1	1	1	1	1
3	45	0	5	1000	258020	258020.094	258	930.105	1	3	2	5	4	13254	0	1000	918	660	0	1	3	2	5	4	1664	1878	2108	2312	2530	6000	5000	1	1	1	1	1	1
3	46	1	5	1000	263020	263021.993	263	930.002	1	3	2	5	4	13254	0	1000	922	694	0	1	3	2	5	4	1698	1924	2150	2346	2564	6000	5000	1	1	1	1	1	1
3	47	1	5	1000	268020	268022.011	268	928.022	1	3	2	5	4	13254	0	1000	890	726	0	1	3	2	5	4	1730	1934	2146	2354	2574	6000	5000	1	1	1	1	1	1
3	48	1	5	1000	273020	273022.004	273	925.991	3	2	4	5	1	32451	0	1000	974	722	0	3	2	4	5	1	1726	1950	2164	2374	2610	6000	5000	1	1	1	1	1	1
3	49	1	5	1000	278020	278022.006	278	926.039	1	4	5	2	3	14523	0	1000	896	616	0	1	4	5	2	3	1620	1838	2044	2290	2508	6000	5000	1	1	1	1	1	1
3	50	0	5	1000	283020	283021.992	283	924.002	3	2	4	5	1	32451	0	1000	996	678	0	3	2	4	5	1	1682	1918	2134	2348	2596	6000	5000	1	1	1	1	1	1
3	51	1	5	1000	288020	288021.99	288	922.018	1	3	2	5	4	13254	0	16000	710	736	1	1	3	3	2	5	1740	1966	1988	2176	2386	6000	5000	0	1	1	1	1	1
3	52	1	5	1000	308020	308020.003	308	912.001	1	3	2	5	4	13254	0	1000	1028	794	0	1	3	2	5	4	1798	2060	2306	2530	2766	6000	5000	1	1	1	1	1	1
3	53	0	5	1000	313020	313022.034	313	914.044	3	2	4	5	1	32451	0	1000	1046	698	0	3	2	4	5	1	1702	1946	2170	2386	2662	6000	5000	1	1	1	1	1	1
3	54	1	5	1000	318020	318021.999	318	912.028	3	5	1	2	4	35124	0	1000	964	744	0	3	5	1	2	4	1748	1960	2202	2414	2630	6000	5000	1	1	1	1	1	1
3	55	0	5	1000	323020	323021.989	323	909.999	1	4	5	2	3	14523	0	1000	994	576	0	1	4	5	2	3	1580	1824	2046	2290	2514	6000	5000	1	1	1	1	1	1
3	56	1	5	1000	328020	328021.969	328	907.978	1	4	5	2	3	14523	0	1000	948	732	0	1	4	5	2	3	1736	1970	2180	2418	2640	6000	5000	1	1	1	1	1	1
3	57	1	5	1000	333020	333021.991	333	906.002	1	4	5	2	3	14523	0	1000	922	832	0	1	4	5	2	3	1836	2066	2276	2536	2748	6000	5000	1	1	1	1	1	1
3	58	1	5	1000	338020	338022.031	338	904.042	3	2	4	5	1	32451	0	1000	992	774	0	3	2	4	5	1	1778	2016	2232	2438	2694	6000	5000	1	1	1	1	1	1
3	59	1	5	1000	343020	343020.017	343	900.027	3	5	1	2	4	35124	0	1000	986	726	0	3	5	1	2	4	1730	1954	2212	2442	2664	6000	5000	1	1	1	1	1	1
3	60	0	5	1000	348020	348020.002	348	898.012	3	5	1	2	4	35124	0	1000	1006	886	0	3	5	1	2	4	1890	2100	2378	2600	2836	6000	5000	1	1	1	1	1	1
3	61	1	5	1000	353020	353021.989	353	900.008	1	3	2	5	4	13254	0	1000	766	798	1	1	3	3	2	5	1802	2044	2062	2282	2494	6000	5000	0	1	1	1	1	1
3	62	1	5	1000	358020	358021.998	358	898.004	3	5	1	2	4	35124	0	1000	1032	762	0	3	5	1	2	4	1766	1996	2260	2494	2738	6000	5000	1	1	1	1	1	1
3	63	1	5	1000	363020	363020.001	363	894.013	1	4	5	2	3	14523	0	1000	978	842	0	1	4	5	2	3	1846	2088	2302	2552	2768	6000	5000	1	1	1	1	1	1
3	64	0	5	1000	368020	368021.989	368	894.008	3	5	1	2	4	35124	0	1000	1042	808	0	3	5	1	2	4	1812	2042	2330	2550	2780	6000	5000	1	1	1	1	1	1
3	65	0	5	1000	373020	373022.022	373	892.022	1	4	5	2	3	14523	0	1000	986	836	0	1	4	5	2	3	1840	2074	2290	2546	2772	6000	5000	1	1	1	1	1	1
3	66	1	5	1000	378020	378020.003	378	888.012	3	5	1	2	4	35124	0	1000	910	880	0	3	5	1	2	4	1884	2092	2332	2534	2742	6000	5000	1	1	1	1	1	1
3	67	0	5	1000	383020	383021.971	383	887.981	1	3	2	5	4	13254	0	1000	922	796	0	1	3	2	5	4	1800	2028	2246	2448	2662	6000	5000	1	1	1	1	1	1
3	68	1	5	1000	388020	388021.987	388	887.993	3	2	4	5	1	32451	0	16000	788	850	1	3	3	2	4	5	1854	1872	2090	2298	2542	6000	5000	0	1	1	1	1	1
4	1	0	5	1000	8020	8022.095	9	16.099	3	2	4	5	1	32451	0	1000	1176	894	0	3	2	4	5	1	1898	2196	2444	2686	2970	6000	5000	1	1	1	1	1	1
4	2	1	5	1000	13020	13020.007	14	12.002	1	4	5	2	3	14523	0	1000	1018	882	0	1	4	5	2	3	1886	2128	2360	2620	2858	6000	5000	1	1	1	1	1	1
4	3	0	5	1000	18020	18021.994	19	11.978	1	4	5	2	3	14523	0	1000	1030	866	0	1	4	5	2	3	1870	2102	2320	2592	2842	6000	5000	1	1	1	1	1	1
4	4	1	5	1000	23020	23020.018	24	10.01	1	4	5	2	3	14523	0	1000	940	974	0	1	4	5	2	3	1978	2188	2386	2628	2856	6000	5000	1	1	1	1	1	1
4	5	1	5	1000	28020	28020.087	29	7.951	3	2	4	5	1	32451	0	1000	1002	886	0	3	2	4	5	1	1890	2136	2354	2562	2798	6000	5000	1	1	1	1	1	1
4	6	0	5	1000	33020	33020.042	34	6.013	3	2	4	5	1	32451	0	1000	1026	874	0	3	2	4	5	1	1878	2118	2326	2542	2804	6000	5000	1	1	1	1	1	1
4	7	0	5	1000	38020	38021.999	39	6.003	1	4	5	2	3	14523	0	1000	1018	778	0	1	4	5	2	3	1782	2008	2226	2496	2738	6000	5000	1	1	1	1	1	1
4	8	0	5	1000	43020	43020.003	44	2.006	3	5	1	2	4	35124	0	1000	1072	884	0	3	5	1	2	4	1888	2124	2408	2658	2890	6000	5000	1	1	1	1	1	1
4	9	0	5	1000	48020	48021.986	49	2.004	1	4	5	2	3	14523	0	1000	1058	884	0	1	4	5	2	3	1888	2122	2360	2634	2882	6000	5000	1	1	1	1	1	1
4	10	0	5	1000	53020	53022.087	54	0	1	4	5	2	3	14523	0	1000	1068	812	0	1	4	5	2	3	1816	2060	2298	2586	2826	6000	5000	1	1	1	1	1	1
4	11	1	5	1000	58020	58020.019	58	997.897	3	2	4	5	1	32451	0	1000	1078	870	0	3	2	4	5	1	1874	2120	2358	2592	2856	6000	5000	1	1	1	1	1	1
4	12	1	5	1000	63020	63020.024	63	996.018	1	3	2	5	4	13254	0	1000	978	774	0	1	3	2	5	4	1778	2020	2246	2450	2682	6000	5000	1	1	1	1	1	1
4	13	1	5	1000	68020	68020.112	68	994.073	1	3	2	5	4	13254	0	1000	1004	724	0	1	3	2	5	4	1728	1964	2212	2438	2690	6000	5000	1	1	1	1	1	1
4	14	1	5	1000	73020	73021.983	73	993.985	1	4	5	2	3	14523	0	1000	888	1152	0	1	4	5	2	3	2156	2352	2550	2804	2994	6000	5000	1	1	1	1	1	1
4	15	0	5	1000	78020	78021.998	78	991.98	1	3	2	5	4	13254	0	1000	998	866	0	1	3	2	5	4	1870	2092	2340	2558	2818	6000	5000	1	1	1	1	1	1
4	16	0	5	1000	83020	83021.994	83	989.992	3	5	1	2	4	35124	0	1000	1056	728	0	3	5	1	2	4	1732	1958	2228	2470	2722	6000	5000	1	1	1	1	1	1
4	17	0	5	1000	88020	88020.007	88	987.982	1	3	2	5	4	13254	0	16000	1032	704	0	1	3	2	5	4	1708	1944	2194	2426	2682	6000	5000	1	1	1	1	1	1
4	18	0	5	1000	108020	108022.004	108	982.022	1	3	2	5	4	13254	0	1000	1080	820	0	1	3	2	5	4	1824	2078	2344	2570	2828	6000	5000	1	1	1	1	1	1
4	19	0	5	1000	113020	113022.127	113	980.132	1	3	2	5	4	13254	0	1000	1040	674	0	1	3	2	5	4	1678	1920	2174	2400	2664	6000	5000	1	1	1	1	1	1
4	20	1	5	1000	118020	118021.981	118	977.973	3	2	4	5	1	32451	0	1000	1072	760	0	3	2	4	5	1	1764	2010	2246	2478	2746	6000	5000	1	1	1	1	1	1
4	21	0	5	1000	123020	123021.998	123	977.986	1	3	2	5	4	13254	0	1000	1002	760	0	1	3	2	5	4	1764	2004	2238	2450	2706	6000	5000	1	1	1	1	1	1
4	22	1	5	1000	128020	128020.036	128	974.029	1	3	2	5	4	13254	0	1000	930	782	0	1	3	2	5	4	1786	2012	2232	2436	2652	6000	5000	1	1	1	1	1	1
4	23	0	5	1000	133020	133020.007	133	972	3	2	4	5	1	32451	0	1000	1088	792	0	3	2	4	5	1	1796	2046	2272	2496	2792	6000	5000	1	1	1	1	1	1
4	24	0	5	1000	138020	138020.021	138	970.03	3	2	4	5	1	32451	0	1000	1078	852	0	3	2	4	5	1	1856	2092	2322	2560	2856	6000	5000	1	1	1	1	1	1
4	25	0	5	1000	143020	143021.999	143	970.003	3	5	1	2	4	35124	0	1000	1086	778	0	3	5	1	2	4	1782	2016	2294	2536	2788	6000	5000	1	1	1	1	1	1
4	26	0	5	1000	148020	148020.019	148	966.026	3	2	4	5	1	32451	0	1000	1096	838	0	3	2	4	5	1	1842	2102	2330	2558	2854	6000	5000	1	1	1	1	1	1
4	27	1	5	1000	153020	153021.993	153	965.973	3	2	4	5	1	32451	0	1000	1088	732	0	3	2	4	5	1	1736	1986	2222	2456	2728	6000	5000	1	1	1	1	1	1
4	28	1	5	1000	158020	158020.004	158	963.888	1	4	5	2	3	14523	0	1000	1028	678	0	1	4	5	2	3	1682	1928	2162	2424	2658	6000	5000	1	1	1	1	1	1
4	29	0	5	1000	163020	163021.995	163	964.012	3	5	1	2	4	35124	0	1000	1086	790	0	3	5	1	2	4	1794	2042	2336	2564	2804	6000	5000	1	1	1	1	1	1
4	30	0	5	1000	168020	168020.004	168	960.019	3	5	1	2	4	35124	0	1000	1114	692	0	3	5	1	2	4	1696	1938	2236	2480	2736	6000	5000	1	1	1	1	1	1
4	31	1	5	1000	173020	173022.062	173	960.066	1	3	2	5	4	13254	0	1000	1066	712	0	1	3	2	5	4	1716	1976	2234	2452	2704	6000	5000	1	1	1	1	1	1
4	32	1	5	1000	178020	178021.985	178	957.979	3	5	1	2	4	35124	0	1000	1038	690	0	3	5	1	2	4	1694	1922	2200	2426	2660	6000	5000	1	1	1	1	1	1
4	33	0	5	1000	183020	183022.006	183	956.021	1	4	5	2	3	14523	0	1000	1050	718	0	1	4	5	2	3	1722	1970	2200	2470	2718	6000	5000	1	1	1	1	1	1
4	34	0	5	1000	188020	188020.024	188	951.921	1	3	2	5	4	13254	0	16000	1054	688	0	1	3	2	5	4	1692	1934	2194	2420	2680	6000	5000	1	1	1	1	1	1
4	35	0	5	1000	208020	208020.006	208	946.024	1	3	2	5	4	13254	0	1000	1022	778	0	1	3	2	5	4	1782	2030	2278	2492	2734	6000	5000	1	1	1	1	1	1
4	36	0	5	1000	213020	213022.008	213	946.015	1	4	5	2	3	14523	0	1000	964	682	0	1	4	5	2	3	1686	1922	2144	2402	2638	6000	5000	1	1	1	1	1	1
4	37	1	5	1000	218020	218020.008	218	942.007	1	3	2	5	4	13254	0	1000	938	606	0	1	3	2	5	4	1610	1848	2082	2274	2492	6000	5000	1	1	1	1	1	1
4	38	0	5	1000	223020	223021.981	223	941.885	1	4	5	2	3	14523	0	1000	990	768	0	1	4	5	2	3	1772	2002	2220	2478	2716	6000	5000	1	1	1	1	1	1
4	39	1	5	1000	228020	228021.984	228	939.999	3	5	1	2	4	35124	0	1000	1036	786	0	3	5	1	2	4	1790	2010	2300	2526	2760	6000	5000	1	1	1	1	1	1
4	40	1	5	1000	233020	233021.987	233	940.004	3	2	4	5	1	32451	0	1000	1040	748	0	3	2	4	5	1	1752	2006	2232	2452	2708	6000	5000	1	1	1	1	1	1
4	41	1	5	1000	238020	238022.013	238	938.031	3	2	4	5	1	32451	0	1000	1030	816	0	3	2	4	5	1	1820	2074	2308	2528	2790	6000	5000	1	1	1	1	1	1
4	42	1	5	1000	243020	243021.984	243	935.999	3	5	1	2	4	35124	0	1000	1028	734	0	3	5	1	2	4	1738	1954	2236	2464	2704	6000	5000	1	1	1	1	1	1
4	43	1	5	1000	248020	248020.01	248	932.017	1	3	2	5	4	13254	0	1000	988	712	0	1	3	2	5	4	1716	1960	2212	2412	2638	6000	5000	1	1	1	1	1	1
4	44	0	5	1000	253020	253021.999	253	932.012	3	5	1	2	4	35124	0	1000	1050	620	0	3	5	1	2	4	1624	1856	2140	2376	2622	6000	5000	1	1	1	1	1	1
4	45	1	5	1000	258020	258021.983	258	929.998	3	2	4	5	1	32451	0	1000	1010	738	0	3	2	4	5	1	1742	1994	2218	2426	2674	6000	5000	1	1	1	1	1	1
4	46	0	5	1000	263020	263021.998	263	928.015	3	5	1	2	4	35124	0	1000	1080	670	0	3	5	1	2	4	1674	1906	2190	2438	2682	6000	5000	1	1	1	1	1	1
4	47	1	5	1000	268020	268021.995	268	928.006	3	5	1	2	4	35124	0	1000	1050	658	0	3	5	1	2	4	1662	1890	2186	2426	2658	6000	5000	1	1	1	1	1	1
4	48	1	5	1000	273020	273021.997	273	926.013	1	4	5	2	3	14523	0	1000	960	700	0	1	4	5	2	3	1704	1936	2152	2390	2614	6000	5000	1	1	1	1	1	1
4	49	1	5	1000	278020	278020.01	278	922.029	3	5	1	2	4	35124	0	1000	1040	716	0	3	5	1	2	4	1720	1942	2218	2454	2696	6000	5000	1	1	1	1	1	1
4	50	0	5	1000	283020	283022.01	283	922.025	3	2	4	5	1	32451	0	1000	1056	752	0	3	2	4	5	1	1756	2006	2238	2450	2716	6000	5000	1	1	1	1	1	1
4	51	0	5	1000	288020	288021.989	288	920.002	1	3	2	5	4	13254	0	16000	1016	648	0	1	3	2	5	4	1652	1904	2154	2360	2614	6000	5000	1	1	1	1	1	1
4	52	0	5	1000	308020	308021.981	308	913.984	1	3	2	5	4	13254	0	1000	958	752	0	1	3	2	5	4	1756	1970	2198	2406	2640	6000	5000	1	1	1	1	1	1
4	53	0	5	1000	313020	313021.981	313	911.998	3	2	4	5	1	32451	0	1000	996	646	0	3	2	4	5	1	1650	1892	2102	2310	2578	6000	5000	1	1	1	1	1	1
4	54	1	5	1000	318020	318020.007	318	908.024	1	3	2	5	4	13254	0	1000	902	696	0	1	3	2	5	4	1700	1928	2146	2344	2568	6000	5000	1	1	1	1	1	1
4	55	0	5	1000	323020	323021.992	323	907.986	1	3	2	5	4	13254	0	1000	898	654	0	1	3	2	5	4	1658	1878	2090	2284	2506	6000	5000	1	1	1	1	1	1
4	56	1	5	1000	328020	328021.996	328	905.997	1	4	5	2	3	14523	0	1000	924	690	0	1	4	5	2	3	1694	1912	2114	2346	2570	6000	5000	1	1	1	1	1	1
4	57	1	5	1000	333020	333021.992	333	904.005	1	4	5	2	3	14523	0	1000	870	678	0	1	4	5	2	3	1682	1902	2104	2328	2542	6000	5000	1	1	1	1	1	1
4	58	0	5	1000	338020	338021.981	338	903.984	3	2	4	5	1	32451	0	1000	946	732	0	3	2	4	5	1	1736	1974	2168	2376	2624	6000	5000	1	1	1	1	1	1
4	59	1	5	1000	343020	343021.996	343	902.016	3	5	1	2	4	35124	0	1000	950	780	0	3	5	1	2	4	1784	2000	2252	2454	2672	6000	5000	1	1	1	1	1	1
4	60	0	5	1000	348020	348021.982	348	900	1	3	2	5	4	13254	0	1000	950	626	0	1	3	2	5	4	1630	1860	2092	2296	2540	6000	5000	1	1	1	1	1	1
4	61	1	5	1000	353020	353021.988	353	897.999	3	5	1	2	4	35124	0	1000	972	642	0	3	5	1	2	4	1646	1858	2122	2342	2564	6000	5000	1	1	1	1	1	1
4	62	1	5	1000	358020	358021.963	358	895.964	3	5	1	2	4	35124	0	1000	1006	684	0	3	5	1	2	4	1688	1906	2164	2396	2644	6000	5000	1	1	1	1	1	1
4	63	0	5	1000	363020	363020.006	363	892.021	3	5	1	2	4	35124	0	1000	968	838	0	3	5	1	2	4	1842	2038	2310	2524	2742	6000	5000	1	1	1	1	1	1
4	64	1	5	1000	368020	368020.007	368	890.041	1	4	5	2	3	14523	0	1000	918	586	0	1	4	5	2	3	1590	1812	2024	2268	2500	6000	5000	1	1	1	1	1	1
4	65	1	5	1000	373020	373021.982	373	892.001	1	3	2	5	4	13254	0	1000	942	636	0	1	3	2	5	4	1640	1870	2096	2302	2526	6000	5000	1	1	1	1	1	1
4	66	1	5	1000	378020	378021.996	378	890.01	3	2	4	5	1	32451	0	1000	790	682	1	3	3	2	4	5	1686	1702	1920	2120	2400	6000	5000	0	1	1	1	1	1
4	67	0	5	1000	383020	383022.002	383	888.022	1	4	5	2	3	14523	0	1000	984	538	0	1	4	5	2	3	1542	1770	1984	2248	2470	6000	5000	1	1	1	1	1	1
4	68	0	5	1000	388020	388020.019	388	884.001	3	2	4	5	1	32451	0	16000	1024	724	0	3	2	4	5	1	1728	1958	2176	2392	2666	6000	5000	1	1	1	1	1	1
5	1	0	5	1000	8020	8021.957	9	17.987	1	4	5	2	3	14523	0	1000	1096	678	0	1	4	5	2	3	1682	1944	2188	2486	2714	6000	5000	1	1	1	1	1	1
5	2	1	5	1000	13020	13021.976	14	16.032	1	3	2	5	4	13254	0	1000	980	674	0	1	3	2	5	4	1678	1918	2162	2372	2590	6000	5000	1	1	1	1	1	1
5	3	1	5	1000	18020	18021.944	19	13.99	3	5	1	2	4	35124	0	1000	982	744	0	3	5	1	2	4	1748	1954	2224	2436	2660	6000	5000	1	1	1	1	1	1
5	4	1	5	1000	23020	23021.958	24	12.002	1	4	5	2	3	14523	0	1000	932	724	0	1	4	5	2	3	1728	1958	2164	2394	2606	6000	5000	1	1	1	1	1	1
5	5	1	5	1000	28020	28021.964	29	10.007	1	4	5	2	3	14523	0	1000	932	700	0	1	4	5	2	3	1704	1938	2148	2372	2586	6000	5000	1	1	1	1	1	1
5	6	1	5	1000	33020	33021.956	34	9.971	1	3	2	5	4	13254	0	1000	726	736	1	1	3	3	2	5	1740	1962	1978	2184	2380	6000	5000	0	1	1	1	1	1
5	7	0	5	1000	38020	38021.969	39	7.985	3	2	4	5	1	32451	0	1000	1052	894	0	3	2	4	5	1	1898	2140	2372	2586	2862	6000	5000	1	1	1	1	1	1
5	8	1	5	1000	43020	43021.953	44	5.999	3	5	1	2	4	35124	0	1000	996	634	0	3	5	1	2	4	1638	1866	2130	2342	2550	6000	5000	1	1	1	1	1	1
5	9	0	5	1000	48020	48021.991	49	4.025	1	4	5	2	3	14523	0	1000	1876	734	1	1	5	5	2	3	1738	2184	3030	3326	3528	6000	5000	0	1	1	1	1	1
5	10	0	5	1000	53020	53021.971	54	2.005	1	3	2	5	4	13254	0	1000	1028	784	0	1	3	2	5	4	1788	2026	2270	2490	2742	6000	5000	1	1	1	1	1	1
5	11	0	5	1000	58020	58021.955	59	0	3	2	4	5	1	32451	0	1000	1162	796	0	3	2	4	5	1	1800	2068	2312	2550	2850	6000	5000	1	1	1	1	1	1
5	12	1	5	1000	63020	63021.956	63	998.001	1	3	2	5	4	13254	0	1000	1440	832	1	1	3	3	2	4	1836	2070	2082	2312	3186	6000	5000	0	1	1	1	1	1
5	13	1	5	1000	68020	68021.983	68	998.019	1	3	2	5	4	13254	0	1000	1004	680	0	1	3	2	5	4	1684	1936	2166	2374	2604	6000	5000	1	1	1	1	1	1
5	14	0	5	1000	73020	73021.967	73	996.013	1	4	5	2	3	14523	0	1000	1158	732	0	1	4	5	2	3	1736	2022	2268	2566	2818	6000	5000	1	1	1	1	1	1
5	15	1	5	1000	78020	78021.954	78	994.005	1	4	5	2	3	14523	0	1000	1020	916	0	1	4	5	2	3	1920	2172	2408	2660	2878	6000	5000	1	1	1	1	1	1
5	16	1	5	1000	83020	83021.965	83	991.99	3	5	1	2	4	35124	0	1000	1142	780	0	3	5	1	2	4	1784	2050	2336	2578	2834	6000	5000	1	1	1	1	1	1
5	17	1	5	1000	88020	88021.956	88	989.988	1	3	2	5	4	13254	0	16000	1000	734	0	1	3	2	5	4	1738	1976	2206	2428	2674	6000	5000	1	1	1	1	1	1
5	18	1	5	1000	108020	108021.956	108	984.001	1	3	2	5	4	13254	0	1000	1054	850	0	1	3	2	5	4	1854	2110	2346	2588	2824	6000	5000	1	1	1	1	1	1
5	19	1	5	1000	113020	113021.946	113	981.992	1	4	5	2	3	14523	0	1000	970	752	0	1	4	5	2	3	1756	1978	2226	2434	2644	6000	5000	1	1	1	1	1	1
5	20	0	5	1000	118020	118021.954	118	979.998	3	2	4	5	1	32451	0	1000	1034	766	0	3	2	4	5	1	1770	2024	2240	2442	2692	6000	5000	1	1	1	1	1	1
5	21	0	5	1000	123020	123021.942	123	977.99	1	4	5	2	3	14523	0	1000	1022	788	0	1	4	5	2	3	1792	2020	2230	2500	2744	6000	5000	1	1	1	1	1	1
5	22	0	5	1000	128020	128021.968	128	976.013	3	5	1	2	4	35124	0	1000	1038	802	0	3	5	1	2	4	1806	2036	2296	2542	2760	6000	5000	1	1	1	1	1	1
5	23	0	5	1000	133020	133021.944	133	973.987	3	2	4	5	1	32451	0	1000	1032	866	0	3	2	4	5	1	1870	2118	2352	2554	2812	6000	5000	1	1	1	1	1	1
5	24	0	5	1000	138020	138020.056	138	972.069	3	5	1	2	4	35124	0	1000	1034	856	0	3	5	1	2	4	1860	2100	2362	2574	2802	6000	5000	1	1	1	1	1	1
5	25	1	5	1000	143020	143020.018	143	970.077	3	2	4	5	1	32451	0	1000	1002	700	0	3	2	4	5	1	1704	1954	2186	2382	2608	6000	5000	1	1	1	1	1	1
5	26	1	5	1000	148020	148021.98	148	970.016	1	4	5	2	3	14523	0	1000	938	812	0	1	4	5	2	3	1816	2026	2232	2468	2686	6000	5000	1	1	1	1	1	1
5	27	1	5	1000	153020	153021.957	153	967.987	3	2	4	5	1	32451	0	1000	988	930	0	3	2	4	5	1	1934	2172	2388	2586	2828	6000	5000	1	1	1	1	1	1
5	28	1	5	1000	158020	158021.967	158	966.012	3	5	1	2	4	35124	0	1000	984	812	0	3	5	1	2	4	1816	2038	2282	2492	2716	6000	5000	1	1	1	1	1	1
5	29	0	5	1000	163020	163021.955	163	963.903	3	2	4	5	1	32451	0	1000	1010	812	0	3	2	4	5	1	1816	2060	2276	2466	2738	6000	5000	1	1	1	1	1	1
5	30	1	5	1000	168020	168021.968	168	962.006	3	2	4	5	1	32451	0	1000	1044	748	0	3	2	4	5	1	1752	2006	2234	2444	2696	6000	5000	1	1	1	1	1	1
5	31	1	5	1000	173020	173021.966	173	962.013	3	2	4	5	1	32451	0	1000	1004	484	0	3	2	4	5	1	1488	1732	1968	2170	2414	6000	5000	1	1	1	1	1	1
5	32	0	5	1000	178020	178021.956	178	960.013	3	2	4	5	1	32451	0	1000	1048	1090	0	3	2	4	5	1	2094	2346	2578	2788	3046	6000	5000	1	1	1	1	1	1
5	33	0	5	1000	183020	183021.966	183	958.021	3	2	4	5	1	32451	0	1000	1048	1000	0	3	2	4	5	1	2004	2238	2480	2692	2966	6000	5000	1	1	1	1	1	1
5	34	1	5	1000	188020	188021.952	188	955.997	1	4	5	2	3	14523	0	16000	912	874	0	1	4	5	2	3	1878	2100	2314	2570	2782	6000	5000	1	1	1	1	1	1
5	35	1	5	1000	208020	208021.953	208	950	1	4	5	2	3	14523	0	1000	910	1146	0	1	4	5	2	3	2150	2388	2592	2804	2998	6000	5000	1	1	1	1	1	1
5	36	0	5	1000	213020	213021.958	213	947.992	1	4	5	2	3	14523	0	1000	950	804	0	1	4	5	2	3	1808	2058	2252	2498	2740	6000	5000	1	1	1	1	1	1
5	37	0	5	1000	218020	218021.968	218	945.999	1	4	5	2	3	14523	0	1000	952	684	0	1	4	5	2	3	1688	1912	2132	2374	2620	6000	5000	1	1	1	1	1	1
5	38	0	5	1000	223020	223021.954	223	943.97	3	2	4	5	1	32451	0	1000	1028	818	0	3	2	4	5	1	1822	2070	2284	2508	2774	6000	5000	1	1	1	1	1	1
5	39	0	5	1000	228020	228021.944	228	941.988	1	3	2	5	4	13254	0	1000	1728	792	0	1	3	2	5	4	1796	2046	2288	2506	3422	6000	5000	1	1	1	1	1	1
5	40	1	5	1000	233020	233021.944	233	939.989	3	5	1	2	4	35124	0	1000	1140	836	0	3	5	1	2	4	1840	2080	2352	2584	2898	6000	5000	1	1	1	1	1	1
5	41	1	5	1000	238020	238021.947	238	938.022	3	5	1	2	4	35124	0	1000	1068	714	0	3	5	1	2	4	1718	1948	2228	2444	2708	6000	5000	1	1	1	1	1	1
5	42	1	5	1000	243020	243021.929	243	937.987	3	2	4	5	1	32451	0	1000	1078	710	0	3	2	4	5	1	1714	1974	2202	2420	2688	6000	5000	1	1	1	1	1	1
5	43	0	5	1000	248020	248021.956	248	936.001	3	5	1	2	4	35124	0	1000	1124	794	0	3	5	1	2	4	1798	2044	2334	2572	2832	6000	5000	1	1	1	1	1	1
5	44	1	5	1000	253020	253021.949	253	933.996	1	4	5	2	3	14523	0	1000	1002	770	0	1	4	5	2	3	1774	2018	2232	2492	2708	6000	5000	1	1	1	1	1	1
5	45	0	5	1000	258020	258021.954	258	932.03	3	5	1	2	4	35124	0	1000	1062	862	0	3	5	1	2	4	1866	2088	2372	2600	2844	6000	5000	1	1	1	1	1	1
5	46	1	5	1000	263020	263021.957	263	930.033	3	5	1	2	4	35124	0	1000	1074	720	0	3	5	1	2	4	1724	1962	2240	2470	2716	6000	5000	1	1	1	1	1	1
5	47	0	5	1000	268020	268021.944	268	928	3	5	1	2	4	35124	0	1000	1082	824	0	3	5	1	2	4	1828	2068	2334	2580	2838	6000	5000	1	1	1	1	1	1
5	48	0	5	1000	273020	273021.942	273	925.987	1	4	5	2	3	14523	0	1000	1426	856	0	1	4	5	2	3	1860	2116	2734	3000	3216	6000	5000	1	1	1	1	1	1
5	49	1	5	1000	278020	278021.956	278	926.001	3	2	4	5	1	32451	0	1000	1060	704	0	3	2	4	5	1	1708	1958	2198	2436	2682	6000	5000	1	1	1	1	1	1
5	50	1	5	1000	283020	283021.948	283	924.022	1	3	2	5	4	13254	0	1000	1018	706	0	1	3	2	5	4	1710	1962	2184	2400	2640	6000	5000	1	1	1	1	1	1
5	51	0	5	1000	288020	288021.944	288	921.986	1	3	2	5	4	13254	0	16000	1004	732	0	1	3	2	5	4	1736	1970	2194	2428	2668	6000	5000	1	1	1	1	1	1
5	52	0	5	1000	308020	308021.967	308	914.024	1	3	2	5	4	13254	0	1000	984	1094	0	1	3	2	5	4	2098	2328	2554	2764	2996	6000	5000	1	1	1	1	1	1
5	53	0	5	1000	313020	313021.944	313	913.998	1	3	2	5	4	13254	0	1000	964	756	0	1	3	2	5	4	1760	2010	2210	2432	2670	6000	5000	1	1	1	1	1	1
5	54	1	5	1000	318020	318021.95	318	911.984	1	4	5	2	3	14523	0	1000	936	704	0	1	4	5	2	3	1708	1936	2150	2384	2598	6000	5000	1	1	1	1	1	1
5	55	0	5	1000	323020	323021.957	323	910.016	1	3	2	5	4	13254	0	1000	952	646	0	1	3	2	5	4	1650	1896	2104	2320	2576	6000	5000	1	1	1	1	1	1
5	56	0	5	1000	328020	328021.942	328	907.994	3	5	1	2	4	35124	0	1000	1720	808	0	3	5	1	2	4	1812	2028	2314	2536	3406	6000	5000	1	1	1	1	1	1
5	57	0	5	1000	333020	333021.945	333	905.992	3	5	1	2	4	35124	0	1000	1052	792	0	3	5	1	2	4	1796	2018	2278	2510	2776	6000	5000	1	1	1	1	1	1
5	58	1	5	1000	338020	338021.941	338	903.985	1	3	2	5	4	13254	0	1000	996	746	0	1	3	2	5	4	1750	1996	2226	2446	2678	6000	5000	1	1	1	1	1	1
5	59	0	5	1000	343020	343021.944	343	901.996	3	5	1	2	4	35124	0	1000	1024	696	0	3	5	1	2	4	1700	1926	2196	2412	2640	6000	5000	1	1	1	1	1	1
5	60	0	5	1000	348020	348021.956	348	900.017	1	3	2	5	4	13254	0	1000	1032	742	0	1	3	2	5	4	1746	1984	2214	2452	2716	6000	5000	1	1	1	1	1	1
5	61	1	5	1000	353020	353021.945	353	900.002	1	3	2	5	4	13254	0	1000	958	818	0	1	3	2	5	4	1822	2058	2288	2486	2706	6000	5000	1	1	1	1	1	1
5	62	1	5	1000	358020	358021.942	358	897.995	3	2	4	5	1	32451	0	1000	1014	798	0	3	2	4	5	1	1802	2050	2264	2470	2724	6000	5000	1	1	1	1	1	1
5	63	0	5	1000	363020	363021.953	363	895.996	1	3	2	5	4	13254	0	1000	912	732	0	1	3	2	5	4	1736	1938	2154	2360	2586	6000	5000	1	1	1	1	1	1
5	64	0	5	1000	368020	368021.942	368	894.002	1	4	5	2	3	14523	0	1000	956	892	0	1	4	5	2	3	1896	2120	2334	2582	2804	6000	5000	1	1	1	1	1	1
5	65	1	5	1000	373020	373021.958	373	892.005	3	5	1	2	4	35124	0	1000	964	780	0	3	5	1	2	4	1784	1998	2254	2476	2692	6000	5000	1	1	1	1	1	1
5	66	0	5	1000	378020	378021.947	378	889.997	1	3	2	5	4	13254	0	1000	932	768	0	1	3	2	5	4	1772	1998	2216	2420	2658	6000	5000	1	1	1	1	1	1
5	67	1	5	1000	383020	383021.943	383	887.999	3	2	4	5	1	32451	0	1000	984	772	0	3	2	4	5	1	1776	2004	2222	2432	2692	6000	5000	1	1	1	1	1	1
5	68	0	5	1000	388020	388021.927	388	887.97	1	4	5	2	3	14523	0	16000	970	682	0	1	4	5	2	3	1686	1908	2116	2374	2606	6000	5000	1	1	1	1	1	1
6	1	1	5	1000	8020	8020	9	14.001	3	5	1	2	4	35124	0	1000	1124	868	0	3	5	1	2	4	1872	2120	2398	2644	2904	6000	5000	1	1	1	1	1	1
6	2	1	5	1000	13020	13021.999	14	14.001	1	4	5	2	3	14523	0	1000	1066	750	0	1	4	5	2	3	1754	2036	2280	2526	2756	6000	5000	1	1	1	1	1	1
6	3	1	5	1000	18020	18020.011	19	10.026	1	4	5	2	3	14523	0	1000	998	744	0	1	4	5	2	3	1748	1968	2180	2436	2692	6000	5000	1	1	1	1	1	1
6	4	0	5	1000	23020	23020.001	24	10.002	3	2	4	5	1	32451	0	1000	1060	732	0	3	2	4	5	1	1736	1982	2204	2420	2706	6000	5000	1	1	1	1	1	1
6	5	0	5	1000	28020	28020.011	29	7.966	3	5	1	2	4	35124	0	1000	1112	708	0	3	5	1	2	4	1712	1942	2232	2466	2738	6000	5000	1	1	1	1	1	1
6	6	0	5	1000	33020	33022.126	34	8.113	1	3	2	5	4	13254	0	1000	1046	766	0	1	3	2	5	4	1770	2012	2262	2480	2738	6000	5000	1	1	1	1	1	1
6	7	1	5	1000	38020	38020.045	39	4.049	1	4	5	2	3	14523	0	1000	1036	766	0	1	4	5	2	3	1770	1996	2220	2476	2746	6000	5000	1	1	1	1	1	1
6	8	0	5	1000	43020	43020.031	44	2.004	3	5	1	2	4	35124	0	1000	1068	732	0	3	5	1	2	4	1736	1962	2246	2482	2716	6000	5000	1	1	1	1	1	1
6	9	1	5	1000	48020	48020.018	49	0	3	5	1	2	4	35124	0	1000	1022	736	0	3	5	1	2	4	1740	1964	2234	2462	2684	6000	5000	1	1	1	1	1	1
6	10	1	5	1000	53020	53020.001	53	1000.001	3	5	1	2	4	35124	0	1000	1062	760	0	3	5	1	2	4	1764	1990	2268	2500	2742	6000	5000	1	1	1	1	1	1
6	11	0	5	1000	58020	58020.032	58	998.021	1	3	2	5	4	13254	0	1000	1034	734	0	1	3	2	5	4	1738	1978	2234	2448	2712	6000	5000	1	1	1	1	1	1
6	12	1	5	1000	63020	63020.012	63	996.001	3	2	4	5	1	32451	0	1000	1068	752	0	3	2	4	5	1	1756	2014	2244	2464	2738	6000	5000	1	1	1	1	1	1
6	13	1	5	1000	68020	68020.012	68	994.027	3	5	1	2	4	35124	0	1000	1030	634	0	3	5	1	2	4	1638	1852	2122	2352	2590	6000	5000	1	1	1	1	1	1
6	14	1	5	1000	73020	73020.01	73	992.001	1	3	2	5	4	13254	0	1000	1044	782	0	1	3	2	5	4	1786	2020	2296	2512	2748	6000	5000	1	1	1	1	1	1
6	15	0	5	1000	78020	78022.03	78	992.044	1	4	5	2	3	14523	0	1000	1066	834	0	1	4	5	2	3	1838	2074	2304	2588	2838	6000	5000	1	1	1	1	1	1
6	16	0	5	1000	83020	83020.008	83	987.994	1	3	2	5	4	13254	0	1000	1030	902	0	1	3	2	5	4	1906	2148	2396	2618	2874	6000	5000	1	1	1	1	1	1
6	17	1	5	1000	88020	88022.107	88	990.108	1	3	2	5	4	13254	0	16000	1000	1050	0	1	3	2	5	4	2054	2280	2522	2752	2984	6000	5000	1	1	1	1	1	1
6	18	1	5	1000	108020	108021.996	108	981.988	1	3	2	5	4	13254	0	1000	984	828	0	1	3	2	5	4	1832	2080	2302	2504	2736	6000	5000	1	1	1	1	1	1
6	19	1	5	1000	113020	113021.998	113	980.002	3	5	1	2	4	35124	0	1000	1018	682	0	3	5	1	2	4	1686	1906	2174	2394	2622	6000	5000	1	1	1	1	1	1
6	20	1	5	1000	118020	118022.008	118	978.034	3	2	4	5	1	32451	0	1000	1016	754	0	3	2	4	5	1	1758	2006	2224	2434	2690	6000	5000	1	1	1	1	1	1
6	21	0	5	1000	123020	123020.001	123	975.99	3	5	1	2	4	35124	0	1000	1046	742	0	3	5	1	2	4	1746	1970	2242	2472	2708	6000	5000	1	1	1	1	1	1
6	22	0	5	1000	128020	128021.988	128	975.988	3	5	1	2	4	35124	0	1000	1046	780	0	3	5	1	2	4	1784	2016	2292	2518	2756	6000	5000	1	1	1	1	1	1
6	23	0	5	1000	133020	133020.011	133	972.002	3	2	4	5	1	32451	0	1000	1088	798	0	3	2	4	5	1	1802	2056	2292	2516	2796	6000	5000	1	1	1	1	1	1
6	24	1	5	1000	138020	138022.008	138	971.999	3	2	4	5	1	32451	0	1000	1050	738	0	3	2	4	5	1	1742	1992	2226	2442	2694	6000	5000	1	1	1	1	1	1
6	25	1	5	1000	143020	143021.988	143	969.953	1	4	5	2	3	14523	0	1000	962	612	0	1	4	5	2	3	1616	1840	2050	2296	2522	6000	5000	1	1	1	1	1	1
6	26	1	5	1000	148020	148021.996	148	967.99	1	3	2	5	4	13254	0	1000	952	706	0	1	3	2	5	4	1710	1942	2172	2382	2608	6000	5000	1	1	1	1	1	1
6	27	1	5	1000	153020	153021.996	153	965.985	1	3	2	5	4	13254	0	1000	734	804	1	1	3	3	2	5	1808	2030	2044	2250	2468	6000	5000	0	1	1	1	1	1
6	28	0	5	1000	158020	158021.997	158	966.011	3	2	4	5	1	32451	0	1000	1048	950	0	3	2	4	5	1	1954	2202	2412	2630	2916	6000	5000	1	1	1	1	1	1
6	29	0	5	1000	163020	163020.012	163	962.001	1	4	5	2	3	14523	0	1000	1034	676	0	1	4	5	2	3	1680	1908	2126	2384	2632	6000	5000	1	1	1	1	1	1
6	30	0	5	1000	168020	168021.997	168	961.986	3	2	4	5	1	32451	0	1000	1094	834	0	3	2	4	5	1	1838	2096	2318	2556	2836	6000	5000	1	1	1	1	1	1
6	31	0	5	1000	173020	173020.001	173	957.992	1	3	2	5	4	13254	0	1000	1028	774	0	1	3	2	5	4	1778	2012	2244	2446	2714	6000	5000	1	1	1	1	1	1
6	32	0	5	1000	178020	178020.001	178	955.992	1	4	5	2	3	14523	0	1000	1038	886	0	1	4	5	2	3	1890	2134	2338	2624	2860	6000	5000	1	1	1	1	1	1
6	33	1	5	1000	183020	183022.01	183	956.013	1	3	2	5	4	13254	0	1000	1004	968	0	1	3	2	5	4	1972	2198	2434	2646	2888	6000	5000	1	1	1	1	1	1
6	34	0	5	1000	188020	188021.99	188	953.979	3	5	1	2	4	35124	0	16000	1100	806	0	3	5	1	2	4	1810	2032	2314	2560	2802	6000	5000	1	1	1	1	1	1
6	35	0	5	1000	208020	208020.008	208	946.021	3	5	1	2	4	35124	0	1000	1080	984	0	3	5	1	2	4	1988	2244	2510	2750	2974	6000	5000	1	1	1	1	1	1
6	36	0	5	1000	213020	213020.081	213	944.084	1	4	5	2	3	14523	0	1000	1006	780	0	1	4	5	2	3	1784	2018	2238	2502	2734	6000	5000	1	1	1	1	1	1
6	37	0	5	1000	218020	218020.011	218	941.98	1	4	5	2	3	14523	0	1000	964	816	0	1	4	5	2	3	1820	2050	2246	2510	2736	6000	5000	1	1	1	1	1	1
6	38	1	5	1000	223020	223021.985	223	941.986	3	5	1	2	4	35124	0	1000	1006	728	0	3	5	1	2	4	1732	1972	2228	2446	2668	6000	5000	1	1	1	1	1	1
6	39	0	5	1000	228020	228021.991	228	940.004	1	4	5	2	3	14523	0	1000	996	908	0	1	4	5	2	3	1912	2144	2364	2616	2848	6000	5000	1	1	1	1	1	1
6	40	0	5	1000	233020	233021.991	233	940	3	5	1	2	4	35124	0	1000	1030	756	0	3	5	1	2	4	1760	1992	2254	2484	2712	6000	5000	1	1	1	1	1	1
6	41	1	5	1000	238020	238020.002	238	936.011	3	2	4	5	1	32451	0	1000	1032	760	0	3	2	4	5	1	1764	2008	2234	2458	2702	6000	5000	1	1	1	1	1	1
6	42	1	5	1000	243020	243021.99	243	935.988	1	3	2	5	4	13254	0	1000	716	770	1	1	3	3	2	5	1774	1998	2014	2214	2430	6000	5000	0	1	1	1	1	1
6	43	1	5	1000	248020	248021.988	248	934.022	3	2	4	5	1	32451	0	1000	1112	726	0	3	2	4	5	1	1730	1996	2252	2500	2740	6000	5000	1	1	1	1	1	1
6	44	0	5	1000	253020	253021.985	253	931.995	1	4	5	2	3	14523	0	1000	980	734	0	1	4	5	2	3	1738	1974	2170	2418	2664	6000	5000	1	1	1	1	1	1
6	45	1	5	1000	258020	258021.971	258	929.985	3	2	4	5	1	32451	0	1000	1068	742	0	3	2	4	5	1	1746	1988	2228	2448	2702	6000	5000	1	1	1	1	1	1
6	46	1	5	1000	263020	263021.987	263	929.976	3	2	4	5	1	32451	0	1000	1098	800	0	3	2	4	5	1	1804	2050	2280	2508	2780	6000	5000	1	1	1	1	1	1
6	47	0	5	1000	268020	268021.997	268	927.997	3	2	4	5	1	32451	0	1000	0	966	1	3	2	5	5	1	1970	2246	2696	3680	3940	6000	5000	0	1	1	1	1	1
6	48	1	5	1000	273020	273022.001	273	926.013	1	3	2	5	4	13254	0	1000	1390	840	0	1	3	2	5	4	1844	2174	2452	2874	3132	6000	5000	1	1	1	1	1	1
6	49	0	5	1000	278020	278020.005	278	922.018	1	3	2	5	4	13254	0	1000	1138	726	0	1	3	2	5	4	1730	2012	2266	2506	2770	6000	5000	1	1	1	1	1	1
6	50	1	5	1000	283020	283021.991	283	922.004	3	5	1	2	4	35124	0	1000	1058	726	0	3	5	1	2	4	1730	1950	2320	2518	2706	6000	5000	1	1	1	1	1	1
6	51	0	5	1000	288020	288021.986	288	919.988	3	5	1	2	4	35124	0	16000	992	738	0	3	5	1	2	4	1742	1986	2248	2438	2648	6000	5000	1	1	1	1	1	1
6	52	0	5	1000	308020	308020.036	308	912.047	3	5	1	2	4	35124	0	1000	1182	968	0	3	5	1	2	4	1972	2218	2480	2830	3062	6000	5000	1	1	1	1	1	1
6	53	1	5	1000	313020	313021.988	313	911.983	1	4	5	2	3	14523	0	1000	1564	642	1	1	4	5	3	3	1646	1878	2084	2480	3152	6000	5000	0	1	1	1	1	1
6	54	1	5	1000	318020	318020.013	318	908.015	3	2	4	5	1	32451	0	1000	1372	726	0	3	2	4	5	1	1730	2046	2344	2642	2952	6000	5000	1	1	1	1	1	1
6	55	0	5	1000	323020	323020.001	323	906.023	1	3	2	5	4	13254	0	1000	1264	770	0	1	3	2	5	4	1774	2050	2350	2632	2972	6000	5000	1	1	1	1	1	1
6	56	0	5	1000	328020	328021.976	328	905.974	1	3	2	5	4	13254	0	1000	1228	752	0	1	3	2	5	4	1756	2016	2302	2584	2912	6000	5000	1	1	1	1	1	1
6	57	0	5	1000	333020	333021.988	333	903.987	3	5	1	2	4	35124	0	1000	1356	756	0	3	5	1	2	4	1760	2062	2392	2700	3004	6000	5000	1	1	1	1	1	1
6	58	1	5	1000	338020	338020	338	902.01	1	3	2	5	4	13254	0	1000	1294	850	0	1	3	2	5	4	1854	2134	2442	2716	3010	6000	5000	1	1	1	1	1	1
6	59	1	5	1000	343020	343020.017	343	900.006	1	4	5	2	3	14523	0	1000	1248	720	0	1	4	5	2	3	1724	1986	2272	2564	2852	6000	5000	1	1	1	1	1	1
6	60	0	5	1000	348020	348021.994	348	899.995	1	4	5	2	3	14523	0	1000	1240	912	0	1	4	5	2	3	1916	2176	2460	2762	3054	6000	5000	1	1	1	1	1	1
6	61	1	5	1000	353020	353022.031	353	898.001	1	4	5	2	3	14523	0	1000	1286	806	0	1	4	5	2	3	1810	2072	2370	2670	2972	6000	5000	1	1	1	1	1	1
6	62	0	5	1000	358020	358021.988	358	897.999	1	3	2	5	4	13254	0	1000	1300	748	0	1	3	2	5	4	1752	2028	2318	2608	2916	6000	5000	1	1	1	1	1	1
6	63	0	5	1000	363020	363022.004	363	894.033	3	2	4	5	1	32451	0	1000	1340	792	0	3	2	4	5	1	1796	2086	2356	2634	2962	6000	5000	1	1	1	1	1	1
6	64	1	5	1000	368020	368020.024	368	890.034	3	5	1	2	4	35124	0	1000	1242	860	0	3	5	1	2	4	1864	2140	2444	2708	2982	6000	5000	1	1	1	1	1	1
6	65	0	5	1000	373020	373021.988	373	892.003	3	2	4	5	1	32451	0	1000	1270	730	0	3	2	4	5	1	1734	2032	2286	2560	2874	6000	5000	1	1	1	1	1	1
6	66	0	5	1000	378020	378020.002	378	888.002	3	2	4	5	1	32451	0	1000	1282	804	0	3	2	4	5	1	1808	2086	2354	2636	2962	6000	5000	1	1	1	1	1	1
6	67	1	5	1000	383020	383021.996	383	888.012	1	4	5	2	3	14523	0	1000	1270	776	0	1	4	5	2	3	1780	2044	2332	2648	2930	6000	5000	1	1	1	1	1	1
6	68	1	5	1000	388020	388020.012	388	884.023	3	5	1	2	4	35124	0	16000	1308	834	0	3	5	1	2	4	1838	2122	2450	2750	3028	6000	5000	1	1	1	1	1	1
7	1	0	5	1000	8020	8020.036	9	16.004	1	3	2	5	4	13254	0	1000	1282	802	0	1	3	2	5	4	1806	2120	2412	2664	2950	6000	5000	1	1	1	1	1	1
7	2	0	5	1000	13020	13020.028	14	14.016	1	4	5	2	3	14523	0	1000	1116	670	0	1	4	5	2	3	1674	1918	2164	2452	2712	6000	5000	1	1	1	1	1	1
7	3	0	5	1000	18020	18021.996	19	13.987	1	4	5	2	3	14523	0	1000	1090	682	0	1	4	5	2	3	1686	1932	2186	2454	2720	6000	5000	1	1	1	1	1	1
7	4	0	5	1000	23020	23022.001	24	12.001	3	2	4	5	1	32451	0	1000	1176	648	0	3	2	4	5	1	1652	1922	2168	2424	2734	6000	5000	1	1	1	1	1	1
7	5	1	5	1000	28020	28020.022	29	8.005	1	3	2	5	4	13254	0	1000	1102	654	0	1	3	2	5	4	1658	1890	2160	2398	2674	6000	5000	1	1	1	1	1	1
7	6	1	5	1000	33020	33020.011	34	5.999	1	3	2	5	4	13254	0	1000	1176	306	0	1	3	2	5	4	1310	1576	1856	2112	2396	6000	5000	1	1	1	1	1	1
7	7	0	5	1000	38020	38020.025	39	6.001	1	3	2	5	4	13254	0	1000	1102	820	0	1	3	2	5	4	1824	2064	2326	2566	2832	6000	5000	1	1	1	1	1	1
7	8	0	5	1000	43020	43020.018	44	4.006	3	2	4	5	1	32451	0	1000	1244	824	0	3	2	4	5	1	1828	2096	2346	2622	2948	6000	5000	1	1	1	1	1	1
7	9	0	5	1000	48020	48020.056	49	2.044	3	5	1	2	4	35124	0	1000	1252	836	0	3	5	1	2	4	1840	2102	2398	2682	2948	6000	5000	1	1	1	1	1	1
7	10	0	5	1000	53020	53020.022	54	0	1	4	5	2	3	14523	0	1000	1214	848	0	1	4	5	2	3	1852	2094	2364	2658	2944	6000	5000	1	1	1	1	1	1
7	11	1	5	1000	58020	58020.012	58	997.978	1	3	2	5	4	13254	0	1000	1196	908	0	1	3	2	5	4	1912	2148	2412	2676	2966	6000	5000	1	1	1	1	1	1
7	12	1	5	1000	63020	63020.012	63	996.001	3	2	4	5	1	32451	0	1000	1140	818	0	3	2	4	5	1	1822	2090	2306	2550	2842	6000	5000	1	1	1	1	1	1
7	13	0	5	1000	68020	68020.022	68	996.025	3	5	1	2	4	35124	0	1000	1212	786	0	3	5	1	2	4	1790	2050	2356	2606	2874	6000	5000	1	1	1	1	1	1
7	14	0	5	1000	73020	73020.033	73	994.008	3	2	4	5	1	32451	0	1000	1222	900	0	3	2	4	5	1	1904	2174	2438	2696	2998	6000	5000	1	1	1	1	1	1
7	15	1	5	1000	78020	78020.035	78	991.995	3	2	4	5	1	32451	0	1000	1186	862	0	3	2	4	5	1	1866	2144	2412	2656	2940	6000	5000	1	1	1	1	1	1
7	16	1	5	1000	83020	83020.004	83	989.958	1	3	2	5	4	13254	0	1000	1170	730	0	1	3	2	5	4	1734	1986	2258	2506	2774	6000	5000	1	1	1	1	1	1
7	17	1	5	1000	88020	88020.049	88	988.049	1	4	5	2	3	14523	0	16000	1152	726	0	1	4	5	2	3	1730	1984	2250	2506	2780	6000	5000	1	1	1	1	1	1
7	18	1	5	1000	108020	108020	108	981.988	1	4	5	2	3	14523	0	1000	1126	756	0	1	4	5	2	3	1760	2028	2290	2566	2810	6000	5000	1	1	1	1	1	1
7	19	0	5	1000	113020	113020.01	113	980.013	1	3	2	5	4	13254	0	1000	1142	770	0	1	3	2	5	4	1774	2026	2290	2536	2818	6000	5000	1	1	1	1	1	1
7	20	1	5	1000	118020	118020.024	118	978.001	3	2	4	5	1	32451	0	1000	1208	752	0	3	2	4	5	1	1756	2046	2310	2560	2848	6000	5000	1	1	1	1	1	1
7	21	1	5	1000	123020	123020.025	123	976.014	3	5	1	2	4	35124	0	1000	1174	732	0	3	5	1	2	4	1736	1988	2290	2534	2788	6000	5000	1	1	1	1	1	1
7	22	0	5	1000	128020	128020.021	128	974.012	1	3	2	5	4	13254	0	1000	1118	746	0	1	3	2	5	4	1750	1994	2260	2498	2768	6000	5000	1	1	1	1	1	1
7	23	1	5	1000	133020	133020.012	133	972.011	1	3	2	5	4	13254	0	1000	1108	684	0	1	3	2	5	4	1688	1932	2198	2430	2710	6000	5000	1	1	1	1	1	1
7	24	0	5	1000	138020	138020.012	138	971.979	3	2	4	5	1	32451	0	1000	1196	740	0	3	2	4	5	1	1744	2012	2272	2542	2846	6000	5000	1	1	1	1	1	1
7	25	0	5	1000	143020	143020.01	143	969.988	3	2	4	5	1	32451	0	1000	1204	708	0	3	2	4	5	1	1712	1986	2252	2518	2814	6000	5000	1	1	1	1	1	1
7	26	1	5	1000	148020	148020.01	148	967.828	3	5	1	2	4	35124	0	1000	1196	724	0	3	5	1	2	4	1728	1996	2302	2564	2836	6000	5000	1	1	1	1	1	1
7	27	1	5	1000	153020	153020.025	153	966.015	3	2	4	5	1	32451	0	1000	1192	654	0	3	2	4	5	1	1658	1948	2212	2464	2740	6000	5000	1	1	1	1	1	1
7	28	0	5	1000	158020	158020.012	158	963.985	1	4	5	2	3	14523	0	1000	1104	802	0	1	4	5	2	3	1806	2056	2300	2578	2844	6000	5000	1	1	1	1	1	1
7	29	1	5	1000	163020	163020.012	163	962	3	2	4	5	1	32451	0	1000	1140	678	0	3	2	4	5	1	1682	1962	2216	2456	2732	6000	5000	1	1	1	1	1	1
7	30	1	5	1000	168020	168020.011	168	959.987	1	4	5	2	3	14523	0	1000	1098	658	0	1	4	5	2	3	1662	1894	2140	2410	2678	6000	5000	1	1	1	1	1	1
7	31	1	5	1000	173020	173020.04	173	958.03	3	2	4	5	1	32451	0	1000	1152	654	0	3	2	4	5	1	1658	1936	2188	2438	2708	6000	5000	1	1	1	1	1	1
7	32	0	5	1000	178020	178020.013	178	958.001	1	3	2	5	4	13254	0	1000	1150	668	0	1	3	2	5	4	1672	1942	2204	2452	2726	6000	5000	1	1	1	1	1	1
7	33	1	5	1000	183020	183020.025	183	955.995	3	5	1	2	4	35124	0	1000	1140	618	0	3	5	1	2	4	1622	1880	2170	2416	2666	6000	5000	1	1	1	1	1	1
7	34	1	5	1000	188020	188022.001	188	955.978	3	5	1	2	4	35124	0	16000	1180	848	0	3	5	1	2	4	1852	2114	2424	2680	2952	6000	5000	1	1	1	1	1	1
7	35	1	5	1000	208020	208020.022	208	946.01	3	5	1	2	4	35124	0	1000	1178	900	0	3	5	1	2	4	1904	2164	2448	2688	2962	6000	5000	1	1	1	1	1	1
7	36	1	5	1000	213020	213020.025	213	945.992	1	4	5	2	3	14523	0	1000	1052	770	0	1	4	5	2	3	1774	2006	2248	2514	2764	6000	5000	1	1	1	1	1	1
7	37	0	5	1000	218020	218020.031	218	943.942	1	4	5	2	3	14523	0	1000	1140	770	0	1	4	5	2	3	1774	2028	2280	2554	2826	6000	5000	1	1	1	1	1	1
7	38	0	5	1000	223020	223020.129	223	941.998	3	5	1	2	4	35124	0	1000	1148	676	0	3	5	1	2	4	1680	1932	2230	2476	2734	6000	5000	1	1	1	1	1	1
7	39	0	5	1000	228020	228020.015	228	940.007	1	3	2	5	4	13254	0	1000	1166	584	0	1	3	2	5	4	1588	1830	2112	2380	2648	6000	5000	1	1	1	1	1	1
7	40	0	5	1000	233020	233020.002	233	937.999	1	3	2	5	4	13254	0	1000	1142	902	0	1	3	2	5	4	1906	2162	2432	2684	2940	6000	5000	1	1	1	1	1	1
7	41	1	5	1000	238020	238020.01	238	936.015	1	4	5	2	3	14523	0	1000	1096	814	0	1	4	5	2	3	1818	2056	2300	2578	2848	6000	5000	1	1	1	1	1	1
7	42	0	5	1000	243020	243020.013	243	934.012	3	5	1	2	4	35124	0	1000	1148	796	0	3	5	1	2	4	1800	2058	2360	2606	2856	6000	5000	1	1	1	1	1	1
7	43	1	5	1000	248020	248020.019	248	934.018	1	4	5	2	3	14523	0	1000	1042	674	0	1	4	5	2	3	1678	1918	2160	2418	2658	6000	5000	1	1	1	1	1	1
7	44	1	5	1000	253020	253020.002	253	932.002	1	3	2	5	4	13254	0	1000	1094	742	0	1	3	2	5	4	1746	1998	2258	2488	2768	6000	5000	1	1	1	1	1	1
7	45	0	5	1000	258020	258020.014	258	930.009	3	5	1	2	4	35124	0	1000	1976	762	1	3	5	1	4	4	1766	2026	2326	2836	3650	6000	5000	0	1	1	1	1	1
7	46	0	5	1000	263020	263020	263	927.954	3	5	1	2	4	35124	0	1000	1218	786	0	3	5	1	2	4	1790	2064	2364	2618	2902	6000	5000	1	1	1	1	1	1
7	47	1	5	1000	268020	268020.004	268	925.99	1	3	2	5	4	13254	0	1000	1190	782	0	1	3	2	5	4	1786	2084	2372	2608	2880	6000	5000	1	1	1	1	1	1
7	48	0	5	1000	273020	273022.002	273	925.991	1	4	5	2	3	14523	0	1000	1194	766	0	1	4	5	2	3	1770	2038	2300	2584	2866	6000	5000	1	1	1	1	1	1
7	49	1	5	1000	278020	278022.001	278	923.998	1	4	5	2	3	14523	0	1000	1198	734	0	1	4	5	2	3	1738	2016	2286	2552	2834	6000	5000	1	1	1	1	1	1
7	50	0	5	1000	283020	283020.021	283	922.024	3	2	4	5	1	32451	0	1000	1260	716	0	3	2	4	5	1	1720	2010	2268	2530	2858	6000	5000	1	1	1	1	1	1
7	51	0	5	1000	288020	288020.005	288	920.005	1	4	5	2	3	14523	0	16000	1232	696	0	1	4	5	2	3	1700	1972	2226	2528	2830	6000	5000	1	1	1	1	1	1
7	52	0	5	1000	308020	308022.004	308	914.006	1	4	5	2	3	14523	0	1000	1210	974	0	1	4	5	2	3	1978	2272	2530	2830	3104	6000	5000	1	1	1	1	1	1
7	53	1	5	1000	313020	313020.001	313	909.988	3	5	1	2	4	35124	0	1000	1214	746	0	3	5	1	2	4	1750	2000	2314	2578	2852	6000	5000	1	1	1	1	1	1
7	54	0	5	1000	318020	318020.001	318	910.001	3	2	4	5	1	32451	0	1000	1232	838	0	3	2	4	5	1	1842	2124	2388	2656	2952	6000	5000	1	1	1	1	1	1
7	55	1	5	1000	323020	323021.999	323	910	1	4	5	2	3	14523	0	1000	1248	724	0	1	4	5	2	3	1728	2014	2284	2576	2870	6000	5000	1	1	1	1	1	1
7	56	1	5	1000	328020	328020	328	905.976	1	4	5	2	3	14523	0	1000	1138	708	0	1	4	5	2	3	1712	1960	2224	2504	2778	6000	5000	1	1	1	1	1	1
7	57	1	5	1000	333020	333020.029	333	904.032	3	5	1	2	4	35124	0	1000	1216	750	0	3	5	1	2	4	1754	2006	2318	2574	2866	6000	5000	1	1	1	1	1	1
7	58	0	5	1000	338020	338020.01	338	902.012	1	4	5	2	3	14523	0	1000	1126	714	0	1	4	5	2	3	1718	1970	2234	2518	2780	6000	5000	1	1	1	1	1	1
7	59	0	5	1000	343020	343020.012	343	899.954	1	3	2	5	4	13254	0	1000	1088	776	0	1	3	2	5	4	1780	2008	2268	2516	2790	6000	5000	1	1	1	1	1	1
7	60	0	5	1000	348020	348020.004	348	898.005	3	5	1	2	4	35124	0	1000	1124	854	0	3	5	1	2	4	1858	2108	2412	2650	2900	6000	5000	1	1	1	1	1	1
7	61	1	5	1000	353020	353020.011	353	897.999	3	5	1	2	4	35124	0	1000	1124	998	0	3	5	1	2	4	2002	2244	2538	2782	3038	6000	5000	1	1	1	1	1	1
7	62	1	5	1000	358020	358020.001	358	895.997	1	3	2	5	4	13254	0	1000	1162	638	0	1	3	2	5	4	1642	1904	2178	2426	2706	6000	5000	1	1	1	1	1	1
7	63	1	5	1000	363020	363020.012	363	893.982	3	5	1	2	4	35124	0	1000	1150	604	0	3	5	1	2	4	1608	1874	2162	2410	2676	6000	5000	1	1	1	1	1	1
7	64	0	5	1000	368020	368020.011	368	891.978	3	5	1	2	4	35124	0	1000	1190	702	0	3	5	1	2	4	1706	1974	2278	2528	2790	6000	5000	1	1	1	1	1	1
7	65	1	5	1000	373020	373020.002	373	890.001	3	2	4	5	1	32451	0	1000	1162	706	0	3	2	4	5	1	1710	1980	2242	2492	2772	6000	5000	1	1	1	1	1	1
7	66	1	5	1000	378020	378020	378	888.017	3	2	4	5	1	32451	0	1000	1178	648	0	3	2	4	5	1	1652	1932	2198	2452	2732	6000	5000	1	1	1	1	1	1
7	67	0	5	1000	383020	383020.001	383	885.999	3	2	4	5	1	32451	0	1000	1232	928	0	3	2	4	5	1	1932	2204	2466	2726	3042	6000	5000	1	1	1	1	1	1
7	68	0	5	1000	388020	388020.012	388	886.013	1	3	2	5	4	13254	0	16000	1294	618	0	1	3	2	5	4	1622	1936	2224	2486	2786	6000	5000	1	1	1	1	1	1
8	1	1	5	1000	8020	8022.016	9	16.029	1	4	5	2	3	14523	0	1000	1290	746	0	1	4	5	2	3	1750	2078	2352	2636	2910	6000	5000	1	1	1	1	1	1
8	2	1	5	1000	13020	13021.997	14	14.008	3	5	1	2	4	35124	0	1000	1270	628	0	3	5	1	2	4	1632	1900	2214	2480	2764	6000	5000	1	1	1	1	1	1
8	3	1	5	1000	18020	18022.004	19	12.004	1	3	2	5	4	13254	0	1000	1274	718	0	1	3	2	5	4	1722	1992	2278	2550	2854	6000	5000	1	1	1	1	1	1
8	4	1	5	1000	23020	23021.987	24	11.987	3	5	1	2	4	35124	0	1000	1272	660	0	3	5	1	2	4	1664	1936	2252	2508	2798	6000	5000	1	1	1	1	1	1
8	5	1	5	1000	28020	28021.987	29	9.998	1	4	5	2	3	14523	0	1000	1186	814	0	1	4	5	2	3	1818	2086	2340	2610	2882	6000	5000	1	1	1	1	1	1
8	6	0	5	1000	33020	33022.022	34	7.933	3	2	4	5	1	32451	0	1000	1250	708	0	3	2	4	5	1	1712	1998	2264	2532	2840	6000	5000	1	1	1	1	1	1
8	7	1	5	1000	38020	38021.988	39	6.002	1	4	5	2	3	14523	0	1000	1144	726	0	1	4	5	2	3	1730	1988	2248	2516	2776	6000	5000	1	1	1	1	1	1
8	8	1	5	1000	43020	43022.012	44	3.915	1	3	2	5	4	13254	0	1000	1204	650	0	1	3	2	5	4	1654	1916	2188	2452	2738	6000	5000	1	1	1	1	1	1
8	9	0	5	1000	48020	48020.002	49	0	1	4	5	2	3	14523	0	1000	1214	716	0	1	4	5	2	3	1720	1980	2248	2544	2830	6000	5000	1	1	1	1	1	1
8	10	0	5	1000	53020	53021.987	54	0	3	2	4	5	1	32451	0	1000	1262	764	0	3	2	4	5	1	1768	2052	2318	2596	2904	6000	5000	1	1	1	1	1	1
8	11	0	5	1000	58020	58022.006	59	0	3	2	4	5	1	32451	0	1000	1236	738	0	3	2	4	5	1	1742	2014	2280	2550	2860	6000	5000	1	1	1	1	1	1
8	12	1	5	1000	63020	63021.99	63	998.002	3	5	1	2	4	35124	0	1000	1230	692	0	3	5	1	2	4	1696	1968	2276	2548	2822	6000	5000	1	1	1	1	1	1
8	13	0	5	1000	68020	68021.998	68	996.001	1	4	5	2	3	14523	0	1000	1162	720	0	1	4	5	2	3	1724	1982	2256	2550	2816	6000	5000	1	1	1	1	1	1
8	14	0	5	1000	73020	73021.977	73	993.99	3	5	1	2	4	35124	0	1000	1190	700	0	3	5	1	2	4	1704	1970	2274	2542	2796	6000	5000	1	1	1	1	1	1
8	15	0	5	1000	78020	78022.007	78	992.01	1	4	5	2	3	14523	0	1000	1186	632	0	1	4	5	2	3	1636	1912	2174	2472	2750	6000	5000	1	1	1	1	1	1
8	16	0	5	1000	83020	83020.008	83	988.008	1	3	2	5	4	13254	0	1000	1190	692	0	1	3	2	5	4	1696	1958	2236	2508	2804	6000	5000	1	1	1	1	1	1
8	17	1	5	1000	88020	88020.001	88	987.987	3	2	4	5	1	32451	0	16000	1242	710	0	3	2	4	5	1	1714	1988	2270	2546	2824	6000	5000	1	1	1	1	1	1
8	18	1	5	1000	108020	108022.001	108	982.012	3	2	4	5	1	32451	0	1000	1236	794	0	3	2	4	5	1	1798	2092	2358	2638	2902	6000	5000	1	1	1	1	1	1
8	19	1	5	1000	113020	113022.002	113	979.996	3	5	1	2	4	35124	0	1000	1164	656	0	3	5	1	2	4	1660	1916	2210	2462	2706	6000	5000	1	1	1	1	1	1
8	20	0	5	1000	118020	118020.011	118	976.024	3	2	4	5	1	32451	0	1000	1206	826	0	3	2	4	5	1	1830	2110	2378	2638	2922	6000	5000	1	1	1	1	1	1
8	21	1	5	1000	123020	123020.003	123	976.025	1	3	2	5	4	13254	0	1000	1144	618	0	1	3	2	5	4	1622	1892	2162	2410	2682	6000	5000	1	1	1	1	1	1
8	22	0	5	1000	128020	128021.992	128	976.005	3	2	4	5	1	32451	0	1000	1150	706	0	3	2	4	5	1	1710	1966	2214	2458	2748	6000	5000	1	1	1	1	1	1
8	23	0	5	1000	133020	133021.978	133	974.004	1	4	5	2	3	14523	0	1000	1154	682	0	1	4	5	2	3	1686	1940	2206	2478	2756	6000	5000	1	1	1	1	1	1
8	24	1	5	1000	138020	138022.005	138	972.017	3	5	1	2	4	35124	0	1000	1144	718	0	3	5	1	2	4	1722	1972	2272	2520	2766	6000	5000	1	1	1	1	1	1
8	25	1	5	1000	143020	143021.973	143	969.975	3	2	4	5	1	32451	0	1000	1218	672	0	3	2	4	5	1	1676	1964	2236	2502	2774	6000	5000	1	1	1	1	1	1
8	26	0	5	1000	148020	148022.013	148	970.02	1	4	5	2	3	14523	0	1000	1162	628	0	1	4	5	2	3	1632	1888	2144	2438	2700	6000	5000	1	1	1	1	1	1
8	27	1	5	1000	153020	153020.001	153	964.014	1	4	5	2	3	14523	0	1000	1064	692	0	1	4	5	2	3	1696	1944	2188	2450	2688	6000	5000	1	1	1	1	1	1
8	28	0	5	1000	158020	158020.001	158	964.014	3	5	1	2	4	35124	0	1000	1152	706	0	3	5	1	2	4	1710	1956	2256	2506	2766	6000	5000	1	1	1	1	1	1
8	29	0	5	1000	163020	163020.007	163	962.019	3	5	1	2	4	35124	0	1000	1146	702	0	3	5	1	2	4	1706	1960	2248	2502	2766	6000	5000	1	1	1	1	1	1
8	30	1	5	1000	168020	168020.107	168	960.122	3	2	4	5	1	32451	0	1000	1158	620	0	3	2	4	5	1	1624	1892	2136	2404	2656	6000	5000	1	1	1	1	1	1
8	31	1	5	1000	173020	173021.989	173	960.001	1	4	5	2	3	14523	0	1000	1092	750	0	1	4	5	2	3	1754	2008	2262	2514	2770	6000	5000	1	1	1	1	1	1
8	32	0	5	1000	178020	178021.99	178	957.988	1	4	5	2	3	14523	0	1000	1142	700	0	1	4	5	2	3	1704	1974	2228	2524	2780	6000	5000	1	1	1	1	1	1
8	33	1	5	1000	183020	183021.978	183	955.97	1	3	2	5	4	13254	0	1000	1164	602	0	1	3	2	5	4	1606	1870	2132	2396	2666	6000	5000	1	1	1	1	1	1
8	34	1	5	1000	188020	188021.998	188	954.001	1	3	2	5	4	13254	0	16000	1176	666	0	1	3	2	5	4	1670	1938	2216	2476	2748	6000	5000	1	1	1	1	1	1
8	35	1	5	1000	208020	208020.002	208	946.015	1	3	2	5	4	13254	0	1000	1128	774	0	1	3	2	5	4	1778	2062	2326	2562	2818	6000	5000	1	1	1	1	1	1
8	36	1	5	1000	213020	213020.001	213	944.001	1	4	5	2	3	14523	0	1000	1116	640	0	1	4	5	2	3	1644	1922	2176	2438	2688	6000	5000	1	1	1	1	1	1
8	37	1	5	1000	218020	218021.987	218	943.976	1	4	5	2	3	14523	0	1000	1066	732	0	1	4	5	2	3	1736	1994	2234	2488	2750	6000	5000	1	1	1	1	1	1
8	38	0	5	1000	223020	223020.051	223	939.933	1	3	2	5	4	13254	0	1000	1120	704	0	1	3	2	5	4	1708	1974	2232	2476	2732	6000	5000	1	1	1	1	1	1
8	39	0	5	1000	228020	228021.976	228	942.002	1	3	2	5	4	13254	0	1000	1122	568	0	1	3	2	5	4	1572	1842	2104	2344	2614	6000	5000	1	1	1	1	1	1
8	40	0	5	1000	233020	233021.994	233	940.019	3	2	4	5	1	32451	0	1000	1222	846	0	3	2	4	5	1	1850	2128	2376	2626	2946	6000	5000	1	1	1	1	1	1
8	41	1	5	1000	238020	238021.981	238	938.021	3	2	4	5	1	32451	0	1000	1210	738	0	3	2	4	5	1	1742	2022	2292	2552	2838	6000	5000	1	1	1	1	1	1
8	42	0	5	1000	243020	243022.009	243	936.02	1	3	2	5	4	13254	0	1000	1146	736	0	1	3	2	5	4	1740	1996	2264	2520	2792	6000	5000	1	1	1	1	1	1
8	43	1	5	1000	248020	248021.958	248	933.98	3	5	1	2	4	35124	0	1000	1130	780	0	3	5	1	2	4	1784	2038	2324	2572	2826	6000	5000	1	1	1	1	1	1
8	44	1	5	1000	253020	253021.989	253	932.012	3	5	1	2	4	35124	0	1000	1098	692	0	3	5	1	2	4	1696	1938	2200	2456	2694	6000	5000	1	1	1	1	1	1
8	45	0	5	1000	258020	258021.977	258	929.997	3	5	1	2	4	35124	0	1000	1144	664	0	3	5	1	2	4	1668	1920	2204	2448	2694	6000	5000	1	1	1	1	1	1
8	46	1	5	1000	263020	263021.961	263	930.002	3	5	1	2	4	35124	0	1000	1088	626	0	3	5	1	2	4	1630	1878	2142	2378	2624	6000	5000	1	1	1	1	1	1
8	47	0	5	1000	268020	268021.995	268	928.007	1	3	2	5	4	13254	0	1000	1094	818	0	1	3	2	5	4	1822	2078	2346	2584	2846	6000	5000	1	1	1	1	1	1
8	48	0	5	1000	273020	273021.989	273	925.999	3	5	1	2	4	35124	0	1000	1138	762	0	3	5	1	2	4	1766	2034	2312	2558	2808	6000	5000	1	1	1	1	1	1
8	49	0	5	1000	278020	278021.973	278	923.983	3	2	4	5	1	32451	0	1000	1184	738	0	3	2	4	5	1	1742	2020	2272	2526	2824	6000	5000	1	1	1	1	1	1
8	50	0	5	1000	283020	283021.959	283	921.981	3	5	1	2	4	35124	0	1000	1142	714	0	3	5	1	2	4	1718	1978	2280	2524	2774	6000	5000	1	1	1	1	1	1
8	51	1	5	1000	288020	288021.993	288	920.015	1	3	2	5	4	13254	0	16000	1086	788	0	1	3	2	5	4	1792	2052	2314	2544	2800	6000	5000	1	1	1	1	1	1
8	52	1	5	1000	308020	308021.978	308	914.003	1	3	2	5	4	13254	0	1000	1104	956	0	1	3	2	5	4	1960	2230	2484	2712	2968	6000	5000	1	1	1	1	1	1
8	53	1	5	1000	313020	313021.977	313	912.002	3	2	4	5	1	32451	0	1000	1120	750	0	3	2	4	5	1	1754	2024	2268	2518	2772	6000	5000	1	1	1	1	1	1
8	54	0	5	1000	318020	318021.975	318	909.995	3	2	4	5	1	32451	0	1000	1120	674	0	3	2	4	5	1	1678	1946	2190	2426	2698	6000	5000	1	1	1	1	1	1
8	55	0	5	1000	323020	323021.978	323	907.988	1	3	2	5	4	13254	0	1000	1024	644	0	1	3	2	5	4	1648	1882	2120	2344	2604	6000	5000	1	1	1	1	1	1
8	56	1	5	1000	328020	328021.979	328	905.953	1	3	2	5	4	13254	0	1000	958	620	0	1	3	2	5	4	1624	1862	2106	2332	2574	6000	5000	1	1	1	1	1	1
8	57	0	5	1000	333020	333021.988	333	904.01	3	5	1	2	4	35124	0	1000	1066	680	0	3	5	1	2	4	1684	1934	2198	2434	2668	6000	5000	1	1	1	1	1	1
8	58	1	5	1000	338020	338021.978	338	903.944	1	4	5	2	3	14523	0	1000	1048	668	0	1	4	5	2	3	1672	1908	2156	2410	2658	6000	5000	1	1	1	1	1	1
8	59	1	5	1000	343020	343021.99	343	901.997	3	2	4	5	1	32451	0	1000	1086	672	0	3	2	4	5	1	1676	1924	2164	2402	2660	6000	5000	1	1	1	1	1	1
8	60	1	5	1000	348020	348021.985	348	900.009	3	2	4	5	1	32451	0	1000	1080	698	0	3	2	4	5	1	1702	1950	2198	2440	2692	6000	5000	1	1	1	1	1	1
8	61	0	5	1000	353020	353020.022	353	896.042	3	5	1	2	4	35124	0	1000	1120	760	0	3	5	1	2	4	1764	2008	2290	2546	2796	6000	5000	1	1	1	1	1	1
8	62	0	5	1000	358020	358021.99	358	896.015	1	3	2	5	4	13254	0	1000	1056	710	0	1	3	2	5	4	1714	1958	2222	2466	2728	6000	5000	1	1	1	1	1	1
8	63	0	5	1000	363020	363021.992	363	894.03	1	4	5	2	3	14523	0	1000	1068	782	0	1	4	5	2	3	1786	2042	2284	2566	2816	6000	5000	1	1	1	1	1	1
8	64	0	5	1000	368020	368021.977	368	891.988	1	4	5	2	3	14523	0	1000	1060	842	0	1	4	5	2	3	1846	2098	2346	2598	2848	6000	5000	1	1	1	1	1	1
8	65	1	5	1000	373020	373021.987	373	891.999	3	2	4	5	1	32451	0	1000	1096	858	0	3	2	4	5	1	1862	2128	2376	2620	2858	6000	5000	1	1	1	1	1	1
8	66	1	5	1000	378020	378021.976	378	889.987	1	3	2	5	4	13254	0	1000	1036	956	0	1	3	2	5	4	1960	2190	2442	2654	2916	6000	5000	1	1	1	1	1	1
8	67	0	5	1000	383020	383021.979	383	888.004	1	3	2	5	4	13254	0	1000	1022	776	0	1	3	2	5	4	1780	2048	2274	2478	2736	6000	5000	1	1	1	1	1	1
8	68	1	5	1000	388020	388021.973	388	885.973	1	4	5	2	3	14523	0	16000	1026	652	0	1	4	5	2	3	1656	1878	2116	2374	2638	6000	5000	1	1	1	1	1	1