BN	TN	seqType	Horizon	PrepTime	startTime	startTimeReal	startTRReal	startTRtime	press0	press1	press2	press3	press4	cueP	complete	iti	MT	RT	isError	response0	response1	response2	response3	response4	pressTime0	pressTime1	pressTime2	pressTime3	pressTime4	timeThreshold	timeThresholdSuper	points	Gain1	Gain2	Gain3	Gain4	Gain5
1	1	0	5	1000	8020	8021.999	9	17.989	3	2	4	5	1	32451	0	1000	1498	434	0	3	2	4	5	1	1438	1800	2112	2412	2704	6000	5000	1	1	1	1	1	1
1	2	1	5	1000	13020	13021.987	14	15.986	3	5	1	2	4	35124	0	1000	1344	390	0	3	5	1	2	4	1394	1688	1976	2270	2510	6000	5000	1	1	1	1	1	1
1	3	1	5	1000	18020	18020.013	19	11.949	3	2	4	5	1	32451	0	1000	1222	362	0	3	2	4	5	1	1366	1650	1916	2206	2422	6000	5000	1	1	1	1	1	1
1	4	1	5	1000	23020	23021.985	24	13.996	3	2	4	5	1	32451	0	1000	1326	330	0	3	2	4	5	1	1334	1630	1916	2204	2452	6000	5000	1	1	1	1	1	1
1	5	0	5	1000	28020	28021.976	29	11.987	3	2	4	5	1	32451	0	1000	1612	316	0	3	2	4	5	1	1320	1986	2262	2570	2736	6000	5000	1	1	1	1	1	1
1	6	0	5	1000	33020	33021.984	34	9.992	1	4	5	2	3	14523	0	1000	1562	294	0	1	4	5	2	3	1298	1558	1832	2532	2714	6000	5000	1	1	1	1	1	1
1	7	1	5	1000	38020	38021.983	39	7.995	1	3	2	5	4	13254	0	1000	1088	346	0	1	3	2	5	4	1350	1620	1840	2070	2248	6000	5000	1	1	1	1	1	1
1	8	0	5	1000	43020	43020.003	44	4.027	1	3	2	5	4	13254	0	1000	1122	306	0	1	3	2	5	4	1310	1562	1806	2044	2264	6000	5000	1	1	1	1	1	1
1	9	0	5	1000	48020	48021.987	49	3.998	1	4	5	2	3	14523	0	1000	1064	332	0	1	4	5	2	3	1336	1596	1826	2080	2268	6000	5000	1	1	1	1	1	1
1	10	1	5	1000	53020	53020.003	54	0	3	5	1	2	4	35124	0	1000	1096	480	0	3	5	1	2	4	1484	1738	1950	2184	2384	6000	5000	1	1	1	1	1	1
1	11	0	5	1000	58020	58021.991	59	2.002	3	2	4	5	1	32451	0	1000	1228	396	0	3	2	4	5	1	1400	1654	1910	2200	2420	6000	5000	1	1	1	1	1	1
1	12	1	5	1000	63020	63022.11	64	0	1	3	2	5	4	13254	0	1000	1084	780	0	1	3	2	5	4	1784	2056	2306	2508	2710	6000	5000	1	1	1	1	1	1
1	13	1	5	1000	68020	68020.029	68	996.028	3	2	4	5	1	32451	0	1000	1304	394	0	3	2	4	5	1	1398	1714	1984	2274	2534	6000	5000	1	1	1	1	1	1
1	14	1	5	1000	73020	73021.989	73	996.028	1	3	2	5	4	13254	0	1000	1174	388	0	1	3	2	5	4	1392	1692	1948	2198	2400	6000	5000	1	1	1	1	1	1
1	15	1	5	1000	78020	78021.992	78	993.98	1	4	5	2	3	14523	0	1000	1068	350	0	1	4	5	2	3	1354	1606	1864	2104	2322	6000	5000	1	1	1	1	1	1
1	16	1	5	1000	83020	83021.977	83	991.965	3	2	4	5	1	32451	0	1000	986	352	0	3	2	4	5	1	1356	1612	1816	2030	2156	6000	5000	1	1	1	1	1	1
1	17	1	5	1000	88020	88021.987	88	991.996	1	4	5	2	3	14523	0	16000	938	302	0	1	4	5	2	3	1306	1534	1760	1990	2134	6000	5000	1	1	1	1	1	1
1	18	1	5	1000	108020	108021.987	108	984.008	1	4	5	2	3	14523	0	1000	1484	540	0	1	4	5	2	3	1544	1820	2086	2342	2890	6000	5000	1	1	1	1	1	1
1	19	0	5	1000	113020	113021.999	113	982.012	3	5	1	2	4	35124	0	1000	1320	368	0	3	5	1	2	4	1372	1638	1930	2222	2480	6000	5000	1	1	1	1	1	1
1	20	1	5	1000	118020	118020.029	118	978.039	1	4	5	2	3	14523	0	1000	1010	344	0	1	4	5	2	3	1348	1608	1840	2106	2270	6000	5000	1	1	1	1	1	1
1	21	0	5	1000	123020	123021.989	123	980.001	1	3	2	5	4	13254	0	1000	1102	758	0	1	3	2	5	4	1762	2034	2262	2516	2704	6000	5000	1	1	1	1	1	1
1	22	0	5	1000	128020	128020.01	128	976.03	3	2	4	5	1	32451	0	1000	1274	342	0	3	2	4	5	1	1346	1622	1886	2158	2356	6000	5000	1	1	1	1	1	1
1	23	0	5	1000	133020	133021.989	133	976.001	1	3	2	5	4	13254	0	1000	1154	338	0	1	3	2	5	4	1342	1588	1850	2070	2278	6000	5000	1	1	1	1	1	1
1	24	1	5	1000	138020	138021.988	138	973.987	3	5	1	2	4	35124	0	1000	1082	290	0	3	5	1	2	4	1294	1522	1782	2032	2190	6000	5000	1	1	1	1	1	1
1	25	0	5	1000	143020	143021.978	143	971.986	1	3	2	5	4	13254	0	1000	1118	294	0	1	3	2	5	4	1298	1548	1828	2054	2226	6000	5000	1	1	1	1	1	1
1	26	1	5	1000	148020	148021.978	148	969.987	1	4	5	2	3	14523	0	1000	928	330	0	1	4	5	2	3	1334	1566	1780	2002	2142	6000	5000	1	1	1	1	1	1
1	27	1	5	1000	153020	153021.99	153	967.992	1	4	5	2	3	14523	0	1000	924	340	0	1	4	5	2	3	1344	1570	1796	2048	2178	6000	5000	1	1	1	1	1	1
1	28	0	5	1000	158020	158021.987	158	967.977	1	4	5	2	3	14523	0	1000	978	316	0	1	4	5	2	3	1320	1566	1792	2022	2204	6000	5000	1	1	1	1	1	1
1	29	0	5	1000	163020	163022.002	163	966.014	1	3	2	5	4	13254	0	1000	1220	340	0	1	3	2	5	4	1344	1636	1924	2164	2390	6000	5000	1	1	1	1	1	1
1	30	1	5	1000	168020	168021.977	168	963.988	1	3	2	5	4	13254	0	1000	1516	340	0	1	3	2	5	4	1344	1590	2220	2460	2652	6000	5000	1	1	1	1	1	1
1	31	1	5	1000	173020	173021.989	173	961.819	1	3	2	5	4	13254	0	1000	1062	402	0	1	3	2	5	4	1406	1634	1890	2112	2300	6000	5000	1	1	1	1	1	1
1	32	0	5	1000	178020	178020.081	178	958.09	3	2	4	5	1	32451	0	1000	1184	698	0	3	2	4	5	1	1702	2046	2304	2548	2714	6000	5000	1	1	1	1	1	1
1	33	1	5	1000	183020	183020.01	183	956.008	3	2	4	5	1	32451	0	1000	1232	334	0	3	2	4	5	1	1338	1678	1932	2184	2366	6000	5000	1	1	1	1	1	1
1	34	0	5	1000	188020	188021.988	188	955.989	1	4	5	2	3	14523	0	16000	1122	344	0	1	4	5	2	3	1348	1606	1862	2130	2296	6000	5000	1	1	1	1	1	1
1	35	0	5	1000	208020	208021.994	208	949.986	1	4	5	2	3	14523	0	1000	1342	406	0	1	4	5	2	3	1410	1726	1994	2286	2598	6000	5000	1	1	1	1	1	1
1	36	0	5	1000	213020	213021.993	213	948.003	3	2	4	5	1	32451	0	1000	1374	336	0	3	2	4	5	1	1340	1662	1936	2234	2516	6000	5000	1	1	1	1	1	1
1	37	0	5	1000	218020	218020.002	218	943.988	3	2	4	5	1	32451	0	1000	1276	394	0	3	2	4	5	1	1398	1704	1964	2240	2498	6000	5000	1	1	1	1	1	1
1	38	0	5	1000	223020	223021.991	223	943.967	3	5	1	2	4	35124	0	1000	1232	448	0	3	5	1	2	4	1452	1740	1960	2254	2466	6000	5000	1	1	1	1	1	1
1	39	1	5	1000	228020	228021.959	228	941.983	3	2	4	5	1	32451	0	1000	1066	334	0	3	2	4	5	1	1338	1586	1820	2066	2212	6000	5000	1	1	1	1	1	1
1	40	0	5	1000	233020	233021.959	233	941.982	1	3	2	5	4	13254	0	1000	1180	328	0	1	3	2	5	4	1332	1590	1860	2114	2340	6000	5000	1	1	1	1	1	1
1	41	0	5	1000	238020	238021.986	238	940.008	1	3	2	5	4	13254	0	1000	1336	324	0	1	3	2	5	4	1328	1654	1952	2258	2498	6000	5000	1	1	1	1	1	1
1	42	0	5	1000	243020	243021.978	243	938.022	3	5	1	2	4	35124	0	1000	1110	382	0	3	5	1	2	4	1386	1652	1858	2144	2320	6000	5000	1	1	1	1	1	1
1	43	0	5	1000	248020	248021.981	248	935.988	1	4	5	2	3	14523	0	1000	1178	328	0	1	4	5	2	3	1332	1584	1818	2142	2394	6000	5000	1	1	1	1	1	1
1	44	0	5	1000	253020	253021.961	253	933.983	3	5	1	2	4	35124	0	1000	1266	318	0	3	5	1	2	4	1322	1574	1880	2216	2444	6000	5000	1	1	1	1	1	1
1	45	1	5	1000	258020	258021.977	258	931.999	1	3	2	5	4	13254	0	1000	1182	296	0	1	3	2	5	4	1300	1554	1820	2072	2302	6000	5000	1	1	1	1	1	1
1	46	0	5	1000	263020	263020.002	263	928.022	1	4	5	2	3	14523	0	1000	1062	336	0	1	4	5	2	3	1340	1580	1864	2178	2354	6000	5000	1	1	1	1	1	1
1	47	1	5	1000	268020	268021.977	268	929.999	3	2	4	5	1	32451	0	1000	1298	434	0	3	2	4	5	1	1438	1728	1988	2244	2466	6000	5000	1	1	1	1	1	1
1	48	1	5	1000	273020	273021.978	273	928.012	3	5	1	2	4	35124	0	1000	1074	292	0	3	5	1	2	4	1296	1538	1758	2016	2204	6000	5000	1	1	1	1	1	1
1	49	0	5	1000	278020	278021.995	278	926.004	3	5	1	2	4	35124	0	1000	1394	370	0	3	5	1	2	4	1374	1692	1966	2288	2582	6000	5000	1	1	1	1	1	1
1	50	0	5	1000	283020	283020.003	283	922.027	3	5	1	2	4	35124	0	1000	1420	442	0	3	5	1	2	4	1446	1736	2030	2390	2688	6000	5000	1	1	1	1	1	1
1	51	0	5	1000	288020	288021.979	288	921.987	1	3	2	5	4	13254	0	16000	1388	478	0	1	3	2	5	4	1482	1784	2118	2384	2662	6000	5000	1	1	1	1	1	1
1	52	0	5	1000	308020	308021.976	308	915.998	1	3	2	5	4	13254	0	1000	1386	416	0	1	3	2	5	4	1420	1814	2190	2434	2672	6000	5000	1	1	1	1	1	1
1	53	1	5	1000	313020	313021.976	313	914.019	3	2	4	5	1	32451	0	1000	1334	354	0	3	2	4	5	1	1358	1674	1948	2228	2508	6000	5000	1	1	1	1	1	1
1	54	0	5	1000	318020	318021.976	318	911.989	3	5	1	2	4	35124	0	1000	1310	276	0	3	5	1	2	4	1280	1568	1852	2178	2430	6000	5000	1	1	1	1	1	1
1	55	1	5	1000	323020	323021.975	323	911.985	3	5	1	2	4	35124	0	1000	1206	310	0	3	5	1	2	4	1314	1582	1872	2124	2368	6000	5000	1	1	1	1	1	1
1	56	1	5	1000	328020	328021.977	328	908	1	3	2	5	4	13254	0	1000	1046	406	0	1	3	2	5	4	1410	1656	1878	2124	2320	6000	5000	1	1	1	1	1	1
1	57	1	5	1000	333020	333020.009	333	904.033	3	5	1	2	4	35124	0	1000	1184	282	0	3	5	1	2	4	1286	1548	1810	2094	2312	6000	5000	1	1	1	1	1	1
1	58	1	5	1000	338020	338021.989	338	906.013	3	5	1	2	4	35124	0	1000	1172	318	0	3	5	1	2	4	1322	1608	1834	2132	2348	6000	5000	1	1	1	1	1	1
1	59	1	5	1000	343020	343021.978	343	904.021	1	4	5	2	3	14523	0	1000	974	296	0	1	4	5	2	3	1300	1560	1770	2004	2160	6000	5000	1	1	1	1	1	1
1	60	1	5	1000	348020	348021.98	348	902.004	3	5	1	2	4	35124	0	1000	1012	288	0	3	5	1	2	4	1292	1516	1752	2026	2192	6000	5000	1	1	1	1	1	1
1	61	0	5	1000	353020	353021.977	353	899.997	1	4	5	2	3	14523	0	1000	1024	408	0	1	4	5	2	3	1412	1642	1864	2116	2332	6000	5000	1	1	1	1	1	1
1	62	0	5	1000	358020	358021.979	358	897.992	1	4	5	2	3	14523	0	1000	1178	466	0	1	4	5	2	3	1470	1754	2018	2288	2542	6000	5000	1	1	1	1	1	1
1	63	1	5	1000	363020	363021.978	363	896.019	1	4	5	2	3	14523	0	1000	1136	312	0	1	4	5	2	3	1316	1580	1832	2114	2324	6000	5000	1	1	1	1	1	1
1	64	0	5	1000	368020	368021.982	368	894.005	3	2	4	5	1	32451	0	1000	1134	410	0	3	2	4	5	1	1414	1704	1926	2198	2382	6000	5000	1	1	1	1	1	1
1	65	1	5	1000	373020	373021.977	373	893.985	1	4	5	2	3	14523	0	1000	1108	332	0	1	4	5	2	3	1336	1590	1846	2106	2326	6000	5000	1	1	1	1	1	1
1	66	1	5	1000	378020	378021.978	378	891.997	1	3	2	5	4	13254	0	1000	1680	364	1	1	3	5	5	4	1368	1616	2024	2684	2900	6000	5000	0	1	1	1	1	1
1	67	0	5	1000	383020	383021.958	383	889.98	3	5	1	2	4	35124	0	1000	1138	314	0	3	5	1	2	4	1318	1534	1842	2112	2308	6000	5000	1	1	1	1	1	1
1	68	0	5	1000	388020	388020.012	388	886.033	3	2	4	5	1	32451	0	16000	1162	414	0	3	2	4	5	1	1418	1680	1932	2208	2414	6000	5000	1	1	1	1	1	1
2	1	1	5	1000	8020	8020.013	9	15.977	3	2	4	5	1	32451	0	1000	1412	400	0	3	2	4	5	1	1404	1740	2026	2310	2596	6000	5000	1	1	1	1	1	1
2	2	0	5	1000	13020	13020.021	14	14	3	5	1	2	4	35124	0	1000	1504	436	0	3	5	1	2	4	1440	1734	2050	2414	2718	6000	5000	1	1	1	1	1	1
2	3	1	5	1000	18020	18020.001	19	12.009	1	3	2	5	4	13254	0	1000	1562	300	0	1	3	2	5	4	1304	1624	1962	2278	2634	6000	5000	1	1	1	1	1	1
2	4	1	5	1000	23020	23020.013	24	9.991	3	5	1	2	4	35124	0	1000	1306	336	0	3	5	1	2	4	1340	1612	1920	2210	2446	6000	5000	1	1	1	1	1	1
2	5	1	5	1000	28020	28020.012	29	7.99	3	5	1	2	4	35124	0	1000	1274	336	0	3	5	1	2	4	1340	1606	1898	2184	2444	6000	5000	1	1	1	1	1	1
2	6	1	5	1000	33020	33020.009	34	7.996	1	3	2	5	4	13254	0	1000	996	330	0	1	3	2	5	4	1334	1588	1828	2042	2188	6000	5000	1	1	1	1	1	1
2	7	1	5	1000	38020	38022.022	39	6	1	4	5	2	3	14523	0	1000	1632	298	0	1	4	5	2	3	1302	1578	1882	2574	2808	6000	5000	1	1	1	1	1	1
2	8	0	5	1000	43020	43020.013	44	3.992	1	4	5	2	3	14523	0	1000	1694	406	0	1	4	5	2	3	1410	1684	1976	2282	2952	6000	5000	1	1	1	1	1	1
2	9	1	5	1000	48020	48020.012	49	1.996	1	4	5	2	3	14523	0	1000	1302	310	0	1	4	5	2	3	1314	1578	1882	2210	2488	6000	5000	1	1	1	1	1	1
2	10	1	5	1000	53020	53020.013	54	0	3	5	1	2	4	35124	0	1000	1102	344	0	3	5	1	2	4	1348	1626	1882	2122	2294	6000	5000	1	1	1	1	1	1
2	11	0	5	1000	58020	58020.032	58	998.01	3	2	4	5	1	32451	0	1000	998	480	0	3	2	4	5	1	1484	1724	1956	2180	2344	6000	5000	1	1	1	1	1	1
2	12	0	5	1000	63020	63020.013	63	998	3	5	1	2	4	35124	0	1000	992	502	0	3	5	1	2	4	1506	1716	1956	2228	2376	6000	5000	1	1	1	1	1	1
2	13	0	5	1000	68020	68020.023	68	994	3	2	4	5	1	32451	0	1000	994	426	0	3	2	4	5	1	1430	1704	1912	2136	2312	6000	5000	1	1	1	1	1	1
2	14	1	5	1000	73020	73020.023	73	994.035	1	4	5	2	3	14523	0	1000	1322	378	0	1	4	5	2	3	1382	1624	1840	2044	2564	6000	5000	1	1	1	1	1	1
2	15	0	5	1000	78020	78021.998	78	994.008	3	2	4	5	1	32451	0	1000	1016	700	0	3	2	4	5	1	1704	1924	2148	2380	2574	6000	5000	1	1	1	1	1	1
2	16	0	5	1000	83020	83021.998	83	992.009	1	4	5	2	3	14523	0	1000	1038	296	0	1	4	5	2	3	1300	1556	1810	2076	2248	6000	5000	1	1	1	1	1	1
2	17	0	5	1000	88020	88020.01	88	987.988	3	5	1	2	4	35124	0	16000	1024	382	0	3	5	1	2	4	1386	1618	1856	2096	2260	6000	5000	1	1	1	1	1	1
2	18	0	5	1000	108020	108020.001	108	981.988	3	5	1	2	4	35124	0	1000	1068	470	0	3	5	1	2	4	1474	1752	2006	2224	2388	6000	5000	1	1	1	1	1	1
2	19	1	5	1000	113020	113022.013	113	981.997	3	5	1	2	4	35124	0	1000	990	372	0	3	5	1	2	4	1376	1618	1844	2080	2242	6000	5000	1	1	1	1	1	1
2	20	0	5	1000	118020	118022.022	118	980.014	3	5	1	2	4	35124	0	1000	1656	394	0	3	5	1	2	4	1398	1676	1988	2698	2902	6000	5000	1	1	1	1	1	1
2	21	0	5	1000	123020	123022.002	123	977.982	1	4	5	2	3	14523	0	1000	1052	354	0	1	4	5	2	3	1358	1586	1852	2112	2306	6000	5000	1	1	1	1	1	1
2	22	0	5	1000	128020	128020.016	128	974.006	1	3	2	5	4	13254	0	1000	1172	292	0	1	3	2	5	4	1296	1562	1846	2082	2318	6000	5000	1	1	1	1	1	1
2	23	0	5	1000	133020	133022	133	973.988	3	2	4	5	1	32451	0	1000	1102	314	0	3	2	4	5	1	1318	1570	1832	2134	2332	6000	5000	1	1	1	1	1	1
2	24	0	5	1000	138020	138020.016	138	970.015	3	2	4	5	1	32451	0	1000	1298	346	0	3	2	4	5	1	1350	1598	1880	2200	2454	6000	5000	1	1	1	1	1	1
2	25	1	5	1000	143020	143022.015	143	972.015	3	2	4	5	1	32451	0	1000	1096	368	0	3	2	4	5	1	1372	1636	1886	2126	2264	6000	5000	1	1	1	1	1	1
2	26	0	5	1000	148020	148020.015	148	968.016	1	4	5	2	3	14523	0	1000	1114	322	0	1	4	5	2	3	1326	1570	1862	2140	2338	6000	5000	1	1	1	1	1	1
2	27	0	5	1000	153020	153020.012	153	965.988	3	2	4	5	1	32451	0	1000	1054	334	0	3	2	4	5	1	1338	1580	1820	2078	2198	6000	5000	1	1	1	1	1	1
2	28	0	5	1000	158020	158020.013	158	964.015	1	3	2	5	4	13254	0	1000	1718	328	0	1	3	2	5	4	1332	1692	2416	2718	2926	6000	5000	1	1	1	1	1	1
2	29	1	5	1000	163020	163022.01	163	963.985	3	5	1	2	4	35124	0	1000	1070	368	0	3	5	1	2	4	1372	1602	1840	2076	2292	6000	5000	1	1	1	1	1	1
2	30	0	5	1000	168020	168022.016	168	962.019	1	3	2	5	4	13254	0	1000	1626	410	0	1	3	2	5	4	1414	2016	2246	2598	2866	6000	5000	1	1	1	1	1	1
2	31	1	5	1000	173020	173020.01	173	958.011	1	4	5	2	3	14523	0	1000	1366	324	0	1	4	5	2	3	1328	1602	1914	2222	2526	6000	5000	1	1	1	1	1	1
2	32	0	5	1000	178020	178021.997	178	959.876	3	5	1	2	4	35124	0	1000	1200	336	0	3	5	1	2	4	1340	1574	1874	2176	2376	6000	5000	1	1	1	1	1	1
2	33	0	5	1000	183020	183020.003	183	956.004	1	3	2	5	4	13254	0	1000	1510	382	0	1	3	2	5	4	1386	1688	2018	2334	2642	6000	5000	1	1	1	1	1	1
2	34	0	5	1000	188020	188022	188	956.001	3	5	1	2	4	35124	0	16000	1562	392	0	3	5	1	2	4	1396	1710	2044	2396	2756	6000	5000	1	1	1	1	1	1
2	35	0	5	1000	208020	208021.999	208	947.993	3	5	1	2	4	35124	0	1000	1462	424	0	3	5	1	2	4	1428	1744	2006	2334	2694	6000	5000	1	1	1	1	1	1
2	36	1	5	1000	213020	213022.041	213	948.042	3	2	4	5	1	32451	0	1000	1202	354	0	3	2	4	5	1	1358	1616	1894	2148	2404	6000	5000	1	1	1	1	1	1
2	37	1	5	1000	218020	218021.997	218	945.998	1	4	5	2	3	14523	0	1000	1424	310	0	1	4	5	2	3	1314	1600	1936	2302	2578	6000	5000	1	1	1	1	1	1
2	38	1	5	1000	223020	223021.999	223	944.001	1	4	5	2	3	14523	0	1000	1460	294	0	1	4	5	2	3	1298	1546	1920	2288	2628	6000	5000	1	1	1	1	1	1
2	39	1	5	1000	228020	228022.005	228	942.012	3	2	4	5	1	32451	0	1000	1214	324	0	3	2	4	5	1	1328	1598	1862	2110	2332	6000	5000	1	1	1	1	1	1
2	40	1	5	1000	233020	233021.991	233	939.998	1	3	2	5	4	13254	0	1000	1320	280	0	1	3	2	5	4	1284	1596	1928	2220	2450	6000	5000	1	1	1	1	1	1
2	41	1	5	1000	238020	238021.992	238	938.003	1	3	2	5	4	13254	0	1000	1144	324	0	1	3	2	5	4	1328	1588	1840	2098	2260	6000	5000	1	1	1	1	1	1
2	42	0	5	1000	243020	243021.992	243	935.99	1	3	2	5	4	13254	0	1000	1550	306	0	1	3	2	5	4	1310	1610	1988	2350	2642	6000	5000	1	1	1	1	1	1
2	43	0	5	1000	248020	248022.004	248	936.005	1	3	2	5	4	13254	0	1000	1134	328	0	1	3	2	5	4	1332	1570	1848	2106	2320	6000	5000	1	1	1	1	1	1
2	44	1	5	1000	253020	253020	253	932.014	1	3	2	5	4	13254	0	1000	1132	302	0	1	3	2	5	4	1306	1556	1830	2076	2296	6000	5000	1	1	1	1	1	1
2	45	0	5	1000	258020	258021.988	258	932.009	3	5	1	2	4	35124	0	1000	1162	366	0	3	5	1	2	4	1370	1606	1870	2140	2374	6000	5000	1	1	1	1	1	1
2	46	0	5	1000	263020	263021.989	263	929.998	3	5	1	2	4	35124	0	1000	1358	358	0	3	5	1	2	4	1362	1610	1940	2248	2542	6000	5000	1	1	1	1	1	1
2	47	1	5	1000	268020	268020.019	268	926.019	1	4	5	2	3	14523	0	1000	1274	360	0	1	4	5	2	3	1364	1616	1932	2248	2490	6000	5000	1	1	1	1	1	1
2	48	0	5	1000	273020	273021.983	273	925.995	1	3	2	5	4	13254	0	1000	1156	306	0	1	3	2	5	4	1310	1582	1862	2116	2312	6000	5000	1	1	1	1	1	1
2	49	0	5	1000	278020	278020.015	278	922.019	1	4	5	2	3	14523	0	1000	1234	394	0	1	4	5	2	3	1398	1704	1954	2236	2484	6000	5000	1	1	1	1	1	1
2	50	1	5	1000	283020	283021.99	283	924.001	3	2	4	5	1	32451	0	1000	1064	302	0	3	2	4	5	1	1306	1576	1826	2054	2216	6000	5000	1	1	1	1	1	1
2	51	1	5	1000	288020	288021.989	288	921.99	3	2	4	5	1	32451	0	16000	1010	314	0	3	2	4	5	1	1318	1556	1786	2012	2144	6000	5000	1	1	1	1	1	1
2	52	1	5	1000	308020	308021.977	308	913.982	3	2	4	5	1	32451	0	1000	1376	408	0	3	2	4	5	1	1412	1712	2012	2290	2580	6000	5000	1	1	1	1	1	1
2	53	0	5	1000	313020	313020.003	313	910.013	1	3	2	5	4	13254	0	1000	1444	388	0	1	3	2	5	4	1392	1780	2052	2368	2640	6000	5000	1	1	1	1	1	1
2	54	1	5	1000	318020	318022.004	318	912.015	3	2	4	5	1	32451	0	1000	874	274	0	3	2	4	5	1	1278	1520	1704	1888	1970	6000	5000	1	1	1	1	1	1
2	55	0	5	1000	323020	323021.99	323	909.989	3	2	4	5	1	32451	0	1000	1216	426	0	3	2	4	5	1	1430	1746	1994	2238	2494	6000	5000	1	1	1	1	1	1
2	56	1	5	1000	328020	328020.03	328	906.039	1	3	2	5	4	13254	0	1000	1096	288	0	1	3	2	5	4	1292	1546	1794	2024	2188	6000	5000	1	1	1	1	1	1
2	57	0	5	1000	333020	333022.002	333	906.013	1	4	5	2	3	14523	0	1000	1096	292	0	1	4	5	2	3	1296	1554	1814	2088	2316	6000	5000	1	1	1	1	1	1
2	58	1	5	1000	338020	338021.996	338	904.007	1	3	2	5	4	13254	0	1000	1068	276	0	1	3	2	5	4	1280	1564	1806	2012	2184	6000	5000	1	1	1	1	1	1
2	59	1	5	1000	343020	343021.999	343	902.008	3	2	4	5	1	32451	0	1000	1026	344	0	3	2	4	5	1	1348	1600	1836	2068	2238	6000	5000	1	1	1	1	1	1
2	60	1	5	1000	348020	348020.016	348	898.022	3	5	1	2	4	35124	0	1000	1042	316	0	3	5	1	2	4	1320	1566	1792	2048	2216	6000	5000	1	1	1	1	1	1
2	61	0	5	1000	353020	353021.988	353	899.977	1	4	5	2	3	14523	0	1000	1092	332	0	1	4	5	2	3	1336	1612	1888	2140	2332	6000	5000	1	1	1	1	1	1
2	62	0	5	1000	358020	358021.986	358	897.987	1	4	5	2	3	14523	0	1000	1278	348	0	1	4	5	2	3	1352	1652	1922	2260	2526	6000	5000	1	1	1	1	1	1
2	63	1	5	1000	363020	363022.002	363	896.006	3	5	1	2	4	35124	0	1000	1170	334	0	3	5	1	2	4	1338	1618	1830	2114	2396	6000	5000	1	1	1	1	1	1
2	64	1	5	1000	368020	368022	368	893.979	1	4	5	2	3	14523	0	1000	1150	342	0	1	4	5	2	3	1346	1628	1894	2170	2414	6000	5000	1	1	1	1	1	1
2	65	1	5	1000	373020	373021.99	373	892.001	1	3	2	5	4	13254	0	1000	1108	326	0	1	3	2	5	4	1330	1602	1888	2108	2300	6000	5000	1	1	1	1	1	1
2	66	0	5	1000	378020	378021.993	378	889.999	3	2	4	5	1	32451	0	1000	1206	492	0	3	2	4	5	1	1496	1754	2036	2276	2478	6000	5000	1	1	1	1	1	1
2	67	1	5	1000	383020	383021.992	383	887.993	3	5	1	2	4	35124	0	1000	1038	400	0	3	5	1	2	4	1404	1650	1904	2138	2308	6000	5000	1	1	1	1	1	1
2	68	1	5	1000	388020	388021.989	388	885.978	3	2	4	5	1	32451	0	16000	1308	300	0	3	2	4	5	1	1304	1614	1882	2160	2404	6000	5000	1	1	1	1	1	1
3	1	0	5	1000	8020	8022.003	9	18	1	4	5	2	3	14523	0	1000	1390	336	0	1	4	5	2	3	1340	1652	1954	2300	2610	6000	5000	1	1	1	1	1	1
3	2	1	5	1000	13020	13022.032	14	16.06	3	2	4	5	1	32451	0	1000	1190	352	0	3	2	4	5	1	1356	1634	1882	2138	2328	6000	5000	1	1	1	1	1	1
3	3	0	5	1000	18020	18020.001	19	11.989	3	2	4	5	1	32451	0	1000	1148	292	0	3	2	4	5	1	1296	1562	1812	2080	2310	6000	5000	1	1	1	1	1	1
3	4	1	5	1000	23020	23020	24	11.986	1	4	5	2	3	14523	0	1000	1382	302	0	1	4	5	2	3	1306	1560	1924	2262	2604	6000	5000	1	1	1	1	1	1
3	5	1	5	1000	28020	28020.018	29	10.018	1	4	5	2	3	14523	0	1000	1404	340	0	1	4	5	2	3	1344	1626	2012	2340	2658	6000	5000	1	1	1	1	1	1
3	6	1	5	1000	33020	33021.988	34	9.98	1	3	2	5	4	13254	0	1000	1034	294	0	1	3	2	5	4	1298	1534	1768	1994	2132	6000	5000	1	1	1	1	1	1
3	7	1	5	1000	38020	38020.002	39	5.989	3	2	4	5	1	32451	0	1000	1598	328	1	3	4	4	5	1	1332	1822	2346	2576	2742	6000	5000	0	1	1	1	1	1
3	8	0	5	1000	43020	43020.001	44	3.975	1	4	5	2	3	14523	0	1000	1238	286	0	1	4	5	2	3	1290	1568	1852	2128	2392	6000	5000	1	1	1	1	1	1
3	9	1	5	1000	48020	48020.003	49	2.002	1	3	2	5	4	13254	0	1000	1536	198	0	1	3	2	5	4	1202	1584	1850	2196	2574	6000	5000	1	1	1	1	1	1
3	10	1	5	1000	53020	53022.086	54	2.093	1	4	5	2	3	14523	0	1000	1804	386	0	1	4	5	2	3	1390	1724	2436	2730	3036	6000	5000	1	1	1	1	1	1
3	11	1	5	1000	58020	58020.003	58	999.987	3	5	1	2	4	35124	0	1000	1370	304	0	3	5	1	2	4	1308	1588	1864	2164	2492	6000	5000	1	1	1	1	1	1
3	12	1	5	1000	63020	63020.005	63	998.015	3	5	1	2	4	35124	0	1000	1704	344	0	3	5	1	2	4	1348	1716	2028	2474	2884	6000	5000	1	1	1	1	1	1
3	13	0	5	1000	68020	68020.031	68	996.021	3	2	4	5	1	32451	0	1000	1686	504	0	3	2	4	5	1	1508	1874	2226	2608	2986	6000	5000	1	1	1	1	1	1
3	14	0	5	1000	73020	73020.002	73	994.011	3	5	1	2	4	35124	0	1000	1784	374	0	3	5	1	2	4	1378	1778	2092	2530	2966	6000	5000	1	1	1	1	1	1
3	15	0	5	1000	78020	78022.003	78	993.982	3	5	1	2	4	35124	0	1000	1614	426	0	3	5	1	2	4	1430	1786	2080	2482	2850	6000	5000	1	1	1	1	1	1
3	16	1	5	1000	83020	83022.021	83	992.005	3	2	4	5	1	32451	0	1000	1720	384	0	3	2	4	5	1	1388	1786	2112	2536	2846	6000	5000	1	1	1	1	1	1
3	17	1	5	1000	88020	88022.004	88	990.005	3	2	4	5	1	32451	0	16000	1730	662	0	3	2	4	5	1	1666	2032	2450	2826	3174	6000	5000	1	1	1	1	1	1
3	18	1	5	1000	108020	108020.001	108	981.988	3	2	4	5	1	32451	0	1000	1646	538	0	3	2	4	5	1	1542	1966	2314	2650	2950	6000	5000	1	1	1	1	1	1
3	19	0	5	1000	113020	113022	113	982.013	3	5	1	2	4	35124	0	1000	1654	470	0	3	5	1	2	4	1474	1864	2192	2578	2928	6000	5000	1	1	1	1	1	1
3	20	1	5	1000	118020	118022.012	118	980.004	1	3	2	5	4	13254	0	1000	1274	354	0	1	3	2	5	4	1358	1662	1952	2234	2468	6000	5000	1	1	1	1	1	1
3	21	1	5	1000	123020	123020.034	123	976.045	3	5	1	2	4	35124	0	1000	1300	358	0	3	5	1	2	4	1362	1688	1938	2236	2500	6000	5000	1	1	1	1	1	1
3	22	1	5	1000	128020	128022.016	128	978.018	1	3	2	5	4	13254	0	1000	1544	330	0	1	3	2	5	4	1334	1626	2282	2502	2728	6000	5000	1	1	1	1	1	1
3	23	0	5	1000	133020	133020.011	133	973.987	1	3	2	5	4	13254	0	1000	1224	320	0	1	3	2	5	4	1324	1612	1880	2152	2388	6000	5000	1	1	1	1	1	1
3	24	0	5	1000	138020	138020.013	138	972.011	1	4	5	2	3	14523	0	1000	1190	382	0	1	4	5	2	3	1386	1634	1932	2238	2466	6000	5000	1	1	1	1	1	1
3	25	0	5	1000	143020	143022.094	143	972.095	1	3	2	5	4	13254	0	1000	1562	484	0	1	3	2	5	4	1488	1932	2606	2760	2946	6000	5000	1	1	1	1	1	1
3	26	1	5	1000	148020	148020.005	148	968.002	1	3	2	5	4	13254	0	1000	1042	712	0	1	3	2	5	4	1716	1942	2216	2436	2616	6000	5000	1	1	1	1	1	1
3	27	1	5	1000	153020	153020.026	153	966.013	1	3	2	5	4	13254	0	1000	1022	390	0	1	3	2	5	4	1394	1638	1890	2092	2252	6000	5000	1	1	1	1	1	1
3	28	0	5	1000	158020	158020.014	158	964.002	3	2	4	5	1	32451	0	1000	1270	682	0	3	2	4	5	1	1686	1964	2206	2470	2782	6000	5000	1	1	1	1	1	1
3	29	0	5	1000	163020	163020.016	163	964.013	1	3	2	5	4	13254	0	1000	1670	966	1	1	3	5	5	4	1970	2222	2626	3420	3548	6000	5000	0	1	1	1	1	1
3	30	1	5	1000	168020	168021.989	168	963.989	1	4	5	2	3	14523	0	1000	896	624	0	1	4	5	2	3	1628	1880	2076	2284	2426	6000	5000	1	1	1	1	1	1
3	31	0	5	1000	173020	173022.002	173	961.99	1	3	2	5	4	13254	0	1000	1102	390	0	1	3	2	5	4	1394	1648	1888	2100	2332	6000	5000	1	1	1	1	1	1
3	32	0	5	1000	178020	178020.001	178	957.987	3	5	1	2	4	35124	0	1000	1572	596	0	3	5	1	2	4	1600	1858	2138	2810	3026	6000	5000	1	1	1	1	1	1
3	33	0	5	1000	183020	183022.011	183	958.009	1	4	5	2	3	14523	0	1000	1210	384	0	1	4	5	2	3	1388	1650	1936	2192	2430	6000	5000	1	1	1	1	1	1
3	34	0	5	1000	188020	188020.057	188	954.056	3	2	4	5	1	32451	0	16000	1206	368	0	3	2	4	5	1	1372	1636	1908	2192	2394	6000	5000	1	1	1	1	1	1
3	35	0	5	1000	208020	208020.012	208	947.997	3	2	4	5	1	32451	0	1000	1180	622	0	3	2	4	5	1	1626	1890	2152	2424	2646	6000	5000	1	1	1	1	1	1
3	36	0	5	1000	213020	213020.001	213	947.999	3	2	4	5	1	32451	0	1000	1128	360	0	3	2	4	5	1	1364	1618	1868	2090	2308	6000	5000	1	1	1	1	1	1
3	37	1	5	1000	218020	218020.046	218	944.047	1	3	2	5	4	13254	0	1000	1082	356	0	1	3	2	5	4	1360	1646	1892	2122	2314	6000	5000	1	1	1	1	1	1
3	38	0	5	1000	223020	223020.054	223	942.021	3	5	1	2	4	35124	0	1000	1228	450	0	3	5	1	2	4	1454	1730	2006	2260	2508	6000	5000	1	1	1	1	1	1
3	39	1	5	1000	228020	228021.991	228	941.988	1	4	5	2	3	14523	0	1000	1326	406	0	1	4	5	2	3	1410	1728	2016	2296	2560	6000	5000	1	1	1	1	1	1
3	40	1	5	1000	233020	233021.993	233	942.001	3	2	4	5	1	32451	0	1000	1532	316	0	3	2	4	5	1	1320	1614	1960	2300	2626	6000	5000	1	1	1	1	1	1
3	41	1	5	1000	238020	238021.988	238	939.998	1	4	5	2	3	14523	0	1000	1468	324	0	1	4	5	2	3	1328	1658	1984	2324	2624	6000	5000	1	1	1	1	1	1
3	42	0	5	1000	243020	243020.007	243	936.025	3	5	1	2	4	35124	0	1000	1470	384	0	3	5	1	2	4	1388	1718	1990	2338	2678	6000	5000	1	1	1	1	1	1
3	43	0	5	1000	248020	248020.018	248	934.032	1	3	2	5	4	13254	0	1000	1380	320	0	1	3	2	5	4	1324	1604	1886	2218	2504	6000	5000	1	1	1	1	1	1
3	44	0	5	1000	253020	253021.988	253	933.998	1	3	2	5	4	13254	0	1000	1144	808	0	1	3	2	5	4	1812	2080	2348	2584	2756	6000	5000	1	1	1	1	1	1
3	45	1	5	1000	258020	258021.989	258	932.002	3	2	4	5	1	32451	0	1000	1100	408	0	3	2	4	5	1	1412	1666	1928	2174	2358	6000	5000	1	1	1	1	1	1
3	46	0	5	1000	263020	263022.001	263	930	1	3	2	5	4	13254	0	1000	1154	444	0	1	3	2	5	4	1448	1734	2002	2246	2444	6000	5000	1	1	1	1	1	1
3	47	1	5	1000	268020	268022.013	268	929.996	3	5	1	2	4	35124	0	1000	1068	408	0	3	5	1	2	4	1412	1650	1900	2148	2352	6000	5000	1	1	1	1	1	1
3	48	1	5	1000	273020	273021.99	273	927.977	1	4	5	2	3	14523	0	1000	1056	370	0	1	4	5	2	3	1374	1616	1876	2092	2312	6000	5000	1	1	1	1	1	1
3	49	0	5	1000	278020	278020.001	278	924.013	1	4	5	2	3	14523	0	1000	1230	386	0	1	4	5	2	3	1390	1672	1940	2216	2506	6000	5000	1	1	1	1	1	1
3	50	0	5	1000	283020	283022.012	283	924.011	1	4	5	2	3	14523	0	1000	1334	870	0	1	4	5	2	3	1874	2106	2362	2560	3076	6000	5000	1	1	1	1	1	1
3	51	1	5	1000	288020	288021.99	288	921.971	1	4	5	2	3	14523	0	16000	1156	350	0	1	4	5	2	3	1354	1644	1918	2146	2390	6000	5000	1	1	1	1	1	1
3	52	1	5	1000	308020	308021.992	308	915.991	1	4	5	2	3	14523	0	1000	1130	518	0	1	4	5	2	3	1522	1778	2100	2352	2546	6000	5000	1	1	1	1	1	1
3	53	0	5	1000	313020	313020.005	313	912.01	3	2	4	5	1	32451	0	1000	1152	324	0	3	2	4	5	1	1328	1576	1836	2092	2294	6000	5000	1	1	1	1	1	1
3	54	1	5	1000	318020	318022.001	318	912.011	3	5	1	2	4	35124	0	1000	1116	372	0	3	5	1	2	4	1376	1644	1892	2152	2354	6000	5000	1	1	1	1	1	1
3	55	0	5	1000	323020	323021.989	323	909.992	3	5	1	2	4	35124	0	1000	1188	362	0	3	5	1	2	4	1366	1622	1908	2198	2428	6000	5000	1	1	1	1	1	1
3	56	1	5	1000	328020	328021.988	328	909.967	3	5	1	2	4	35124	0	1000	1314	352	0	3	5	1	2	4	1356	1620	1906	2208	2472	6000	5000	1	1	1	1	1	1
3	57	0	5	1000	333020	333020.002	333	904	1	4	5	2	3	14523	0	1000	1414	454	0	1	4	5	2	3	1458	1776	2106	2430	2732	6000	5000	1	1	1	1	1	1
3	58	1	5	1000	338020	338020.001	338	904.029	3	5	1	2	4	35124	0	1000	1200	340	0	3	5	1	2	4	1344	1608	1884	2158	2382	6000	5000	1	1	1	1	1	1
3	59	0	5	1000	343020	343022	343	904.004	1	3	2	5	4	13254	0	1000	1162	384	0	1	3	2	5	4	1388	1662	1934	2184	2380	6000	5000	1	1	1	1	1	1
3	60	0	5	1000	348020	348021.99	348	902.008	3	2	4	5	1	32451	0	1000	1298	392	0	3	2	4	5	1	1396	1668	1946	2220	2462	6000	5000	1	1	1	1	1	1
3	61	1	5	1000	353020	353021.987	353	899.997	3	2	4	5	1	32451	0	1000	1370	388	0	3	2	4	5	1	1392	1746	2012	2310	2564	6000	5000	1	1	1	1	1	1
3	62	1	5	1000	358020	358021.992	358	900.002	3	5	1	2	4	35124	0	1000	1044	340	0	3	5	1	2	4	1344	1600	1818	2068	2228	6000	5000	1	1	1	1	1	1
3	63	1	5	1000	363020	363021.992	363	895.998	3	2	4	5	1	32451	0	1000	1054	454	0	3	2	4	5	1	1458	1700	1948	2178	2348	6000	5000	1	1	1	1	1	1
3	64	1	5	1000	368020	368021.995	368	893.993	1	3	2	5	4	13254	0	1000	968	408	0	1	3	2	5	4	1412	1640	1874	2066	2226	6000	5000	1	1	1	1	1	1
3	65	0	5	1000	373020	373021.97	373	893.977	1	4	5	2	3	14523	0	1000	1066	372	0	1	4	5	2	3	1376	1642	1910	2166	2368	6000	5000	1	1	1	1	1	1
3	66	0	5	1000	378020	378021.992	378	892.001	3	5	1	2	4	35124	0	1000	1206	336	0	3	5	1	2	4	1340	1586	1804	2118	2406	6000	5000	1	1	1	1	1	1
3	67	0	5	1000	383020	383021.982	383	890.013	3	2	4	5	1	32451	0	1000	1084	380	0	3	2	4	5	1	1384	1630	1874	2114	2300	6000	5000	1	1	1	1	1	1
3	68	0	5	1000	388020	388020.002	388	886	1	4	5	2	3	14523	0	16000	1090	344	0	1	4	5	2	3	1348	1608	1860	2136	2320	6000	5000	1	1	1	1	1	1
4	1	1	5	1000	8020	8021.989	9	18.025	1	4	5	2	3	14523	0	1000	1112	460	0	1	4	5	2	3	1464	1778	2030	2280	2446	6000	5000	1	1	1	1	1	1
4	2	0	5	1000	13020	13021.961	14	15.989	3	5	1	2	4	35124	0	1000	1090	376	0	3	5	1	2	4	1380	1634	1876	2136	2312	6000	5000	1	1	1	1	1	1
4	3	0	5	1000	18020	18021.997	19	14.016	3	5	1	2	4	35124	0	1000	1120	416	0	3	5	1	2	4	1420	1666	1914	2170	2394	6000	5000	1	1	1	1	1	1
4	4	1	5	1000	23020	23020.071	24	10.1	1	4	5	2	3	14523	0	1000	932	324	0	1	4	5	2	3	1328	1540	1768	1986	2150	6000	5000	1	1	1	1	1	1
4	5	1	5	1000	28020	28021.986	29	12.013	3	2	4	5	1	32451	0	1000	1222	350	0	3	2	4	5	1	1354	1594	1836	2052	2392	6000	5000	1	1	1	1	1	1
4	6	1	5	1000	33020	33021.978	34	10.006	3	5	1	2	4	35124	0	1000	1008	372	0	3	5	1	2	4	1376	1604	1854	2064	2248	6000	5000	1	1	1	1	1	1
4	7	1	5	1000	38020	38021.966	39	7.905	3	5	1	2	4	35124	0	1000	1108	348	0	3	5	1	2	4	1352	1610	1846	2076	2322	6000	5000	1	1	1	1	1	1
4	8	0	5	1000	43020	43021.982	44	6	3	2	4	5	1	32451	0	1000	1126	346	0	3	2	4	5	1	1350	1594	1836	2076	2270	6000	5000	1	1	1	1	1	1
4	9	1	5	1000	48020	48022.006	49	4.024	1	3	2	5	4	13254	0	1000	1030	292	0	1	3	2	5	4	1296	1534	1780	2020	2212	6000	5000	1	1	1	1	1	1
4	10	1	5	1000	53020	53021.97	54	2	1	4	5	2	3	14523	0	1000	1384	358	0	1	4	5	2	3	1362	1596	1834	2050	2620	6000	5000	1	1	1	1	1	1
4	11	1	5	1000	58020	58021.994	59	0	3	5	1	2	4	35124	0	1000	1004	326	0	3	5	1	2	4	1330	1546	1808	2032	2200	6000	5000	1	1	1	1	1	1
4	12	0	5	1000	63020	63021.958	64	0	3	5	1	2	4	35124	0	1000	1064	428	0	3	5	1	2	4	1432	1676	1952	2184	2354	6000	5000	1	1	1	1	1	1
4	13	1	5	1000	68020	68021.991	68	998.021	1	3	2	5	4	13254	0	1000	904	306	0	1	3	2	5	4	1310	1522	1742	1922	2036	6000	5000	1	1	1	1	1	1
4	14	0	5	1000	73020	73021.981	73	996.003	3	2	4	5	1	32451	0	1000	1154	380	0	3	2	4	5	1	1384	1602	1866	2108	2286	6000	5000	1	1	1	1	1	1
4	15	1	5	1000	78020	78021.97	78	993.999	3	2	4	5	1	32451	0	1000	1000	312	0	3	2	4	5	1	1316	1538	1762	1980	2140	6000	5000	1	1	1	1	1	1
4	16	0	5	1000	83020	83021.997	83	992.027	1	4	5	2	3	14523	0	1000	1192	328	0	1	4	5	2	3	1332	1572	1870	2154	2426	6000	5000	1	1	1	1	1	1
4	17	0	5	1000	88020	88021.993	88	990.025	3	5	1	2	4	35124	0	16000	1230	316	0	3	5	1	2	4	1320	1574	1846	2118	2360	6000	5000	1	1	1	1	1	1
4	18	0	5	1000	108020	108022.092	108	984.11	3	5	1	2	4	35124	0	1000	1424	410	0	3	5	1	2	4	1414	1740	2038	2344	2648	6000	5000	1	1	1	1	1	1
4	19	1	5	1000	113020	113021.973	113	981.991	3	2	4	5	1	32451	0	1000	1556	396	0	3	2	4	5	1	1400	1710	2020	2420	2702	6000	5000	1	1	1	1	1	1
4	20	0	5	1000	118020	118021.984	118	980.011	3	5	1	2	4	35124	0	1000	1404	484	0	3	5	1	2	4	1488	1766	2064	2438	2722	6000	5000	1	1	1	1	1	1
4	21	0	5	1000	123020	123021.984	123	978.013	1	3	2	5	4	13254	0	1000	1402	312	0	1	3	2	5	4	1316	1616	1912	2250	2522	6000	5000	1	1	1	1	1	1
4	22	0	5	1000	128020	128021.982	128	977.99	3	5	1	2	4	35124	0	1000	1572	372	0	3	5	1	2	4	1376	1744	2032	2400	2750	6000	5000	1	1	1	1	1	1
4	23	0	5	1000	133020	133022.09	133	976.13	3	2	4	5	1	32451	0	1000	1350	432	0	3	2	4	5	1	1436	1722	1998	2292	2536	6000	5000	1	1	1	1	1	1
4	24	0	5	1000	138020	138021.995	138	974.012	1	4	5	2	3	14523	0	1000	1182	392	0	1	4	5	2	3	1396	1672	1962	2236	2476	6000	5000	1	1	1	1	1	1
4	25	0	5	1000	143020	143021.964	143	971.981	1	3	2	5	4	13254	0	1000	1306	344	0	1	3	2	5	4	1348	1634	1920	2200	2444	6000	5000	1	1	1	1	1	1
4	26	1	5	1000	148020	148022.114	148	970.119	1	3	2	5	4	13254	0	1000	1384	328	0	1	3	2	5	4	1332	1652	1958	2256	2504	6000	5000	1	1	1	1	1	1
4	27	1	5	1000	153020	153021.993	153	968.023	3	2	4	5	1	32451	0	1000	1138	384	0	3	2	4	5	1	1388	1630	1858	2108	2330	6000	5000	1	1	1	1	1	1
4	28	0	5	1000	158020	158021.958	158	965.986	1	3	2	5	4	13254	0	1000	1280	354	0	1	3	2	5	4	1358	1674	1986	2254	2468	6000	5000	1	1	1	1	1	1
4	29	0	5	1000	163020	163021.998	163	966.003	1	4	5	2	3	14523	0	1000	1146	410	0	1	4	5	2	3	1414	1680	1972	2278	2474	6000	5000	1	1	1	1	1	1
4	30	1	5	1000	168020	168020.019	168	962.022	1	4	5	2	3	14523	0	1000	1568	316	0	1	4	5	2	3	1320	1580	1870	2184	2806	6000	5000	1	1	1	1	1	1
4	31	0	5	1000	173020	173021.983	173	962.024	1	3	2	5	4	13254	0	1000	1270	380	0	1	3	2	5	4	1384	1646	1950	2204	2472	6000	5000	1	1	1	1	1	1
4	32	1	5	1000	178020	178022.064	178	960.095	3	2	4	5	1	32451	0	1000	1306	442	0	3	2	4	5	1	1446	1742	2004	2296	2556	6000	5000	1	1	1	1	1	1
4	33	0	5	1000	183020	183021.981	183	958.011	3	2	4	5	1	32451	0	1000	1420	370	0	3	2	4	5	1	1374	1686	2014	2310	2598	6000	5000	1	1	1	1	1	1
4	34	1	5	1000	188020	188020.002	188	954.026	3	5	1	2	4	35124	0	16000	1438	456	0	3	5	1	2	4	1460	1754	2044	2388	2676	6000	5000	1	1	1	1	1	1
4	35	1	5	1000	208020	208021.982	208	949.999	3	5	1	2	4	35124	0	1000	1046	458	0	3	5	1	2	4	1462	1728	1966	2192	2356	6000	5000	1	1	1	1	1	1
4	36	1	5	1000	213020	213020.115	213	946.156	3	2	4	5	1	32451	0	1000	1196	354	0	3	2	4	5	1	1358	1646	1882	2140	2334	6000	5000	1	1	1	1	1	1
4	37	1	5	1000	218020	218020.065	218	944.105	3	2	4	5	1	32451	0	1000	1020	436	0	3	2	4	5	1	1440	1658	1924	2146	2320	6000	5000	1	1	1	1	1	1
4	38	1	5	1000	223020	223021.961	223	943.973	1	3	2	5	4	13254	0	1000	982	386	0	1	3	2	5	4	1390	1636	1862	2080	2204	6000	5000	1	1	1	1	1	1
4	39	0	5	1000	228020	228021.97	228	944.005	1	4	5	2	3	14523	0	1000	1040	366	0	1	4	5	2	3	1370	1616	1862	2116	2292	6000	5000	1	1	1	1	1	1
4	40	0	5	1000	233020	233021.96	233	939.99	1	4	5	2	3	14523	0	1000	1046	328	0	1	4	5	2	3	1332	1564	1810	2068	2272	6000	5000	1	1	1	1	1	1
4	41	1	5	1000	238020	238021.96	238	940.007	3	2	4	5	1	32451	0	1000	1178	352	0	3	2	4	5	1	1356	1602	1862	2100	2314	6000	5000	1	1	1	1	1	1
4	42	1	5	1000	243020	243021.969	243	938.031	1	4	5	2	3	14523	0	1000	1260	336	0	1	4	5	2	3	1340	1606	1882	2190	2426	6000	5000	1	1	1	1	1	1
4	43	0	5	1000	248020	248021.939	248	935.98	3	2	4	5	1	32451	0	1000	1190	348	0	3	2	4	5	1	1352	1586	1856	2114	2342	6000	5000	1	1	1	1	1	1
4	44	0	5	1000	253020	253022.001	253	934.041	3	2	4	5	1	32451	0	1000	1222	360	0	3	2	4	5	1	1364	1632	1854	2124	2312	6000	5000	1	1	1	1	1	1
4	45	0	5	1000	258020	258021.963	258	932.003	3	5	1	2	4	35124	0	1000	1412	324	0	3	5	1	2	4	1328	1634	1904	2240	2554	6000	5000	1	1	1	1	1	1
4	46	0	5	1000	263020	263021.963	263	930.004	1	4	5	2	3	14523	0	1000	1298	400	0	1	4	5	2	3	1404	1672	1970	2298	2626	6000	5000	1	1	1	1	1	1
4	47	0	5	1000	268020	268021.964	268	927.988	3	2	4	5	1	32451	0	1000	1234	344	0	3	2	4	5	1	1348	1612	1874	2128	2382	6000	5000	1	1	1	1	1	1
4	48	1	5	1000	273020	273021.983	273	928.01	1	4	5	2	3	14523	0	1000	1518	356	0	1	4	5	2	3	1360	1682	2062	2398	2732	6000	5000	1	1	1	1	1	1
4	49	1	5	1000	278020	278021.964	278	925.989	1	4	5	2	3	14523	0	1000	1458	352	0	1	4	5	2	3	1356	1648	1972	2326	2662	6000	5000	1	1	1	1	1	1
4	50	1	5	1000	283020	283021.971	283	924.013	1	3	2	5	4	13254	0	1000	1370	402	0	1	3	2	5	4	1406	1724	2048	2358	2600	6000	5000	1	1	1	1	1	1
4	51	0	5	1000	288020	288021.963	288	922.026	3	5	1	2	4	35124	0	16000	1112	424	0	3	5	1	2	4	1428	1680	1936	2202	2380	6000	5000	1	1	1	1	1	1
4	52	0	5	1000	308020	308021.984	308	916.031	3	5	1	2	4	35124	0	1000	1054	502	0	3	5	1	2	4	1506	1776	2022	2272	2414	6000	5000	1	1	1	1	1	1
4	53	1	5	1000	313020	313021.974	313	914.007	3	5	1	2	4	35124	0	1000	1046	308	0	3	5	1	2	4	1312	1544	1776	2012	2170	6000	5000	1	1	1	1	1	1
4	54	0	5	1000	318020	318021.969	318	912.009	1	3	2	5	4	13254	0	1000	1132	324	0	1	3	2	5	4	1328	1572	1842	2082	2262	6000	5000	1	1	1	1	1	1
4	55	0	5	1000	323020	323020.008	323	908.05	3	2	4	5	1	32451	0	1000	1160	332	0	3	2	4	5	1	1336	1600	1846	2096	2274	6000	5000	1	1	1	1	1	1
4	56	0	5	1000	328020	328021.963	328	908.003	1	3	2	5	4	13254	0	1000	1062	312	0	1	3	2	5	4	1316	1562	1812	2014	2216	6000	5000	1	1	1	1	1	1
4	57	0	5	1000	333020	333021.984	333	906.014	1	3	2	5	4	13254	0	1000	1194	314	0	1	3	2	5	4	1318	1574	1880	2128	2366	6000	5000	1	1	1	1	1	1
4	58	1	5	1000	338020	338021.973	338	904.003	3	5	1	2	4	35124	0	1000	1064	352	0	3	5	1	2	4	1356	1574	1854	2102	2272	6000	5000	1	1	1	1	1	1
4	59	1	5	1000	343020	343021.958	343	903.996	1	3	2	5	4	13254	0	1000	996	294	0	1	3	2	5	4	1298	1534	1768	1970	2112	6000	5000	1	1	1	1	1	1
4	60	1	5	1000	348020	348021.967	348	902.025	1	3	2	5	4	13254	0	1000	1184	336	0	1	3	2	5	4	1340	1604	1868	2132	2370	6000	5000	1	1	1	1	1	1
4	61	0	5	1000	353020	353021.971	353	900.018	1	3	2	5	4	13254	0	1000	1046	562	0	1	3	2	5	4	1566	1798	2052	2282	2464	6000	5000	1	1	1	1	1	1
4	62	1	5	1000	358020	358021.961	358	898.001	1	4	5	2	3	14523	0	1000	1100	316	0	1	4	5	2	3	1320	1548	1804	2074	2300	6000	5000	1	1	1	1	1	1
4	63	0	5	1000	363020	363021.968	363	896.007	1	4	5	2	3	14523	0	1000	1292	342	0	1	4	5	2	3	1346	1614	1902	2262	2502	6000	5000	1	1	1	1	1	1
4	64	1	5	1000	368020	368021.974	368	894.033	3	5	1	2	4	35124	0	1000	1048	376	0	3	5	1	2	4	1380	1628	1866	2102	2268	6000	5000	1	1	1	1	1	1
4	65	0	5	1000	373020	373021.971	373	891.99	1	4	5	2	3	14523	0	1000	1122	322	0	1	4	5	2	3	1326	1558	1828	2100	2340	6000	5000	1	1	1	1	1	1
4	66	1	5	1000	378020	378022.002	378	892.037	1	3	2	5	4	13254	0	1000	1472	444	0	1	3	2	5	4	1448	1712	2366	2570	2768	6000	5000	1	1	1	1	1	1
4	67	1	5	1000	383020	383021.957	383	889.987	3	5	1	2	4	35124	0	1000	1142	382	0	3	5	1	2	4	1386	1642	1890	2126	2364	6000	5000	1	1	1	1	1	1
4	68	1	5	1000	388020	388021.969	388	888.012	1	4	5	2	3	14523	0	16000	1074	418	0	1	4	5	2	3	1422	1654	1890	2144	2376	6000	5000	1	1	1	1	1	1
5	1	1	5	1000	8020	8020.002	9	15.989	1	3	2	5	4	13254	0	1000	1100	422	0	1	3	2	5	4	1426	1694	1964	2174	2362	6000	5000	1	1	1	1	1	1
5	2	1	5	1000	13020	13020.043	14	14.042	3	5	1	2	4	35124	0	1000	1282	292	0	3	5	1	2	4	1296	1562	1826	2100	2390	6000	5000	1	1	1	1	1	1
5	3	1	5	1000	18020	18020.052	19	12.024	3	2	4	5	1	32451	0	1000	1018	352	0	3	2	4	5	1	1356	1590	1820	2040	2206	6000	5000	1	1	1	1	1	1
5	4	0	5	1000	23020	23020.096	24	10.106	1	3	2	5	4	13254	0	1000	1604	368	0	1	3	2	5	4	1372	1692	2228	2488	2764	6000	5000	1	1	1	1	1	1
5	5	1	5	1000	28020	28020.002	29	8.003	1	3	2	5	4	13254	0	1000	1658	350	0	1	3	2	5	4	1354	1690	2082	2446	2780	6000	5000	1	1	1	1	1	1
5	6	0	5	1000	33020	33020.019	34	7.998	1	4	5	2	3	14523	0	1000	1646	452	0	1	4	5	2	3	1456	1804	2132	2708	2962	6000	5000	1	1	1	1	1	1
5	7	1	5	1000	38020	38020.025	39	4.004	3	5	1	2	4	35124	0	1000	1238	336	0	3	5	1	2	4	1340	1602	1882	2180	2416	6000	5000	1	1	1	1	1	1
5	8	0	5	1000	43020	43020	44	4.008	3	5	1	2	4	35124	0	1000	1060	308	0	3	5	1	2	4	1312	1552	1802	2074	2232	6000	5000	1	1	1	1	1	1
5	9	0	5	1000	48020	48020.014	49	2.002	3	2	4	5	1	32451	0	1000	1234	438	0	3	2	4	5	1	1442	1768	2048	2282	2470	6000	5000	1	1	1	1	1	1
5	10	1	5	1000	53020	53020.011	54	0	3	2	4	5	1	32451	0	1000	1088	346	0	3	2	4	5	1	1350	1600	1826	2042	2186	6000	5000	1	1	1	1	1	1
5	11	1	5	1000	58020	58020.013	58	997.999	1	3	2	5	4	13254	0	1000	1018	236	0	1	3	2	5	4	1240	1504	1724	1936	2100	6000	5000	1	1	1	1	1	1
5	12	0	5	1000	63020	63022.004	63	997.98	3	2	4	5	1	32451	0	1000	1064	342	0	3	2	4	5	1	1346	1584	1834	2046	2202	6000	5000	1	1	1	1	1	1
5	13	0	5	1000	68020	68021.998	68	995.996	3	5	1	2	4	35124	0	1000	1074	322	0	3	5	1	2	4	1326	1582	1804	2064	2254	6000	5000	1	1	1	1	1	1
5	14	1	5	1000	73020	73020.025	73	994.002	3	2	4	5	1	32451	0	1000	1012	258	0	3	2	4	5	1	1262	1514	1732	1932	2036	6000	5000	1	1	1	1	1	1
5	15	0	5	1000	78020	78020.012	78	992.009	1	4	5	2	3	14523	0	1000	988	300	0	1	4	5	2	3	1304	1534	1786	2022	2190	6000	5000	1	1	1	1	1	1
5	16	1	5	1000	83020	83020.003	83	989.98	1	3	2	5	4	13254	0	1000	1614	344	1	1	3	5	5	4	1348	1604	2042	2616	2806	6000	5000	0	1	1	1	1	1
5	17	0	5	1000	88020	88020.014	88	988.012	1	3	2	5	4	13254	0	16000	1440	344	0	1	3	2	5	4	1348	1628	1922	2276	2572	6000	5000	1	1	1	1	1	1
5	18	0	5	1000	108020	108020.016	108	982.014	1	3	2	5	4	13254	0	1000	1478	566	0	1	3	2	5	4	1570	1896	2202	2532	2842	6000	5000	1	1	1	1	1	1
5	19	1	5	1000	113020	113020.013	113	980.013	3	5	1	2	4	35124	0	1000	1324	338	0	3	5	1	2	4	1342	1608	1884	2214	2458	6000	5000	1	1	1	1	1	1
5	20	0	5	1000	118020	118020.003	118	977.976	1	4	5	2	3	14523	0	1000	1220	394	0	1	4	5	2	3	1398	1664	1942	2238	2474	6000	5000	1	1	1	1	1	1
5	21	0	5	1000	123020	123022.001	123	978.012	1	3	2	5	4	13254	0	1000	1436	340	0	1	3	2	5	4	1344	1624	1980	2280	2586	6000	5000	1	1	1	1	1	1
5	22	1	5	1000	128020	128020.022	128	974.031	3	2	4	5	1	32451	0	1000	1246	262	0	3	2	4	5	1	1266	1642	1934	2162	2362	6000	5000	1	1	1	1	1	1
5	23	1	5	1000	133020	133020.001	133	971.999	3	5	1	2	4	35124	0	1000	1678	322	0	3	5	1	2	4	1326	1580	2226	2492	2788	6000	5000	1	1	1	1	1	1
5	24	1	5	1000	138020	138020.004	138	969.991	3	5	1	2	4	35124	0	1000	1592	318	0	3	5	1	2	4	1322	1648	1948	2324	2686	6000	5000	1	1	1	1	1	1
5	25	1	5	1000	143020	143020.038	143	970.048	1	4	5	2	3	14523	0	1000	1250	352	0	1	4	5	2	3	1356	1668	1954	2236	2470	6000	5000	1	1	1	1	1	1
5	26	0	5	1000	148020	148022.007	148	970.005	1	3	2	5	4	13254	0	1000	1146	356	0	1	3	2	5	4	1360	1624	1872	2136	2330	6000	5000	1	1	1	1	1	1
5	27	0	5	1000	153020	153020.025	153	965.999	1	4	5	2	3	14523	0	1000	1106	372	0	1	4	5	2	3	1376	1634	1868	2160	2356	6000	5000	1	1	1	1	1	1
5	28	1	5	1000	158020	158020.002	158	964.002	1	4	5	2	3	14523	0	1000	1444	478	0	1	4	5	2	3	1482	1770	2100	2448	2780	6000	5000	1	1	1	1	1	1
5	29	0	5	1000	163020	163020.014	163	962.011	3	5	1	2	4	35124	0	1000	1154	378	0	3	5	1	2	4	1382	1642	1934	2200	2394	6000	5000	1	1	1	1	1	1
5	30	0	5	1000	168020	168020.002	168	959.989	3	5	1	2	4	35124	0	1000	1240	324	0	3	5	1	2	4	1328	1532	1826	2118	2332	6000	5000	1	1	1	1	1	1
5	31	0	5	1000	173020	173020.001	173	958.009	1	4	5	2	3	14523	0	1000	1174	332	0	1	4	5	2	3	1336	1622	1898	2196	2386	6000	5000	1	1	1	1	1	1
5	32	0	5	1000	178020	178020.013	178	957.998	3	5	1	2	4	35124	0	1000	1694	446	0	3	5	1	2	4	1450	1760	2058	2578	2970	6000	5000	1	1	1	1	1	1
5	33	1	5	1000	183020	183021.991	183	957.989	1	3	2	5	4	13254	0	1000	1514	396	0	1	3	2	5	4	1400	1750	2110	2436	2738	6000	5000	1	1	1	1	1	1
5	34	1	5	1000	188020	188020.085	188	954.085	1	4	5	2	3	14523	0	16000	1084	412	0	1	4	5	2	3	1416	1674	1914	2180	2390	6000	5000	1	1	1	1	1	1
5	35	1	5	1000	208020	208020.012	208	946.022	1	4	5	2	3	14523	0	1000	1218	436	0	1	4	5	2	3	1440	1738	1998	2274	2506	6000	5000	1	1	1	1	1	1
5	36	1	5	1000	213020	213020.003	213	945.974	3	5	1	2	4	35124	0	1000	1106	402	0	3	5	1	2	4	1406	1662	1884	2166	2356	6000	5000	1	1	1	1	1	1
5	37	0	5	1000	218020	218020.129	218	944.129	3	2	4	5	1	32451	0	1000	1142	614	0	3	2	4	5	1	1618	1884	2124	2358	2548	6000	5000	1	1	1	1	1	1
5	38	1	5	1000	223020	223020.043	223	942.042	1	3	2	5	4	13254	0	1000	1146	348	0	1	3	2	5	4	1352	1622	1898	2112	2340	6000	5000	1	1	1	1	1	1
5	39	0	5	1000	228020	228021.993	228	942.005	3	5	1	2	4	35124	0	1000	1240	274	0	3	5	1	2	4	1278	1566	1788	2094	2310	6000	5000	1	1	1	1	1	1
5	40	0	5	1000	233020	233020.002	233	938.005	1	3	2	5	4	13254	0	1000	1658	556	0	1	3	2	5	4	1560	1906	2342	2660	2998	6000	5000	1	1	1	1	1	1
5	41	0	5	1000	238020	238021.992	238	937.977	1	3	2	5	4	13254	0	1000	1200	348	0	1	3	2	5	4	1352	1608	1888	2140	2366	6000	5000	1	1	1	1	1	1
5	42	0	5	1000	243020	243022.027	243	938.034	3	5	1	2	4	35124	0	1000	1060	260	0	3	5	1	2	4	1264	1504	1738	1994	2174	6000	5000	1	1	1	1	1	1
5	43	1	5	1000	248020	248020.005	248	933.954	1	4	5	2	3	14523	0	1000	1220	354	0	1	4	5	2	3	1358	1618	1882	2152	2444	6000	5000	1	1	1	1	1	1
5	44	1	5	1000	253020	253020.003	253	932.012	1	4	5	2	3	14523	0	1000	1658	358	0	1	4	5	2	3	1362	1630	1908	2628	2868	6000	5000	1	1	1	1	1	1
5	45	0	5	1000	258020	258020.005	258	930.017	3	2	4	5	1	32451	0	1000	1408	360	0	3	2	4	5	1	1364	1660	1976	2280	2516	6000	5000	1	1	1	1	1	1
5	46	1	5	1000	263020	263021.971	263	929.933	1	4	5	2	3	14523	0	1000	1074	404	0	1	4	5	2	3	1408	1666	1896	2160	2368	6000	5000	1	1	1	1	1	1
5	47	1	5	1000	268020	268020.001	268	926.011	3	2	4	5	1	32451	0	1000	1300	352	0	3	2	4	5	1	1356	1634	1908	2172	2386	6000	5000	1	1	1	1	1	1
5	48	0	5	1000	273020	273021.991	273	925.975	3	2	4	5	1	32451	0	1000	1108	406	0	3	2	4	5	1	1410	1630	1902	2142	2296	6000	5000	1	1	1	1	1	1
5	49	0	5	1000	278020	278022	278	924.01	3	2	4	5	1	32451	0	1000	1184	476	0	3	2	4	5	1	1480	1764	2008	2252	2452	6000	5000	1	1	1	1	1	1
5	50	0	5	1000	283020	283020.039	283	920.065	1	4	5	2	3	14523	0	1000	1402	418	0	1	4	5	2	3	1422	1710	2052	2410	2708	6000	5000	1	1	1	1	1	1
5	51	0	5	1000	288020	288020.005	288	920.012	1	4	5	2	3	14523	0	16000	1240	330	0	1	4	5	2	3	1334	1598	1868	2166	2436	6000	5000	1	1	1	1	1	1
5	52	0	5	1000	308020	308021.991	308	913.988	1	4	5	2	3	14523	0	1000	1360	448	0	1	4	5	2	3	1452	1740	2044	2390	2662	6000	5000	1	1	1	1	1	1
5	53	1	5	1000	313020	313021.993	313	911.997	3	2	4	5	1	32451	0	1000	1282	356	0	3	2	4	5	1	1360	1634	1920	2186	2406	6000	5000	1	1	1	1	1	1
5	54	1	5	1000	318020	318020.003	318	908.01	1	4	5	2	3	14523	0	1000	1882	598	0	1	4	5	2	3	1602	1924	2230	2592	3314	6000	5000	1	1	1	1	1	1
5	55	1	5	1000	323020	323021.991	323	909.973	1	3	2	5	4	13254	0	1000	1456	784	0	1	3	2	5	4	1788	2148	2472	2748	2996	6000	5000	1	1	1	1	1	1
5	56	1	5	1000	328020	328020.016	328	906.02	1	3	2	5	4	13254	0	1000	1494	374	0	1	3	2	5	4	1378	1710	2032	2364	2650	6000	5000	1	1	1	1	1	1
5	57	1	5	1000	333020	333021.99	333	905.992	3	2	4	5	1	32451	0	1000	1316	386	0	3	2	4	5	1	1390	1666	1924	2192	2428	6000	5000	1	1	1	1	1	1
5	58	1	5	1000	338020	338020.007	338	902.013	3	2	4	5	1	32451	0	1000	1422	366	0	3	2	4	5	1	1370	1648	1924	2188	2444	6000	5000	1	1	1	1	1	1
5	59	0	5	1000	343020	343021.991	343	901.965	3	5	1	2	4	35124	0	1000	1276	422	0	3	5	1	2	4	1426	1682	1938	2250	2510	6000	5000	1	1	1	1	1	1
5	60	1	5	1000	348020	348021.991	348	899.99	3	5	1	2	4	35124	0	1000	1246	358	0	3	5	1	2	4	1362	1626	1884	2150	2404	6000	5000	1	1	1	1	1	1
5	61	0	5	1000	353020	353020.003	353	898.005	1	3	2	5	4	13254	0	1000	1264	318	0	1	3	2	5	4	1322	1582	1854	2142	2406	6000	5000	1	1	1	1	1	1
5	62	0	5	1000	358020	358020.009	358	896.019	3	2	4	5	1	32451	0	1000	1214	376	0	3	2	4	5	1	1380	1636	1898	2150	2386	6000	5000	1	1	1	1	1	1
5	63	0	5	1000	363020	363020.015	363	894.026	1	3	2	5	4	13254	0	1000	1672	590	0	1	3	2	5	4	1594	1938	2306	2660	3042	6000	5000	1	1	1	1	1	1
5	64	1	5	1000	368020	368020.002	368	892.033	1	4	5	2	3	14523	0	1000	1158	362	0	1	4	5	2	3	1366	1654	1924	2204	2398	6000	5000	1	1	1	1	1	1
5	65	0	5	1000	373020	373020.001	373	889.998	1	4	5	2	3	14523	0	1000	1466	404	0	1	4	5	2	3	1408	1752	2074	2430	2726	6000	5000	1	1	1	1	1	1
5	66	0	5	1000	378020	378021.986	378	889.997	3	2	4	5	1	32451	0	1000	1234	388	0	3	2	4	5	1	1392	1656	1914	2162	2352	6000	5000	1	1	1	1	1	1
5	67	1	5	1000	383020	383021.998	383	888.007	3	5	1	2	4	35124	0	1000	1204	422	0	3	5	1	2	4	1426	1718	1952	2202	2460	6000	5000	1	1	1	1	1	1
5	68	1	5	1000	388020	388020.015	388	884.043	1	3	2	5	4	13254	0	16000	1362	326	0	1	3	2	5	4	1330	1602	1932	2236	2506	6000	5000	1	1	1	1	1	1
6	1	0	5	1000	8020	8020.024	9	16.014	3	5	1	2	4	35124	0	1000	1212	486	0	3	5	1	2	4	1490	1776	2040	2304	2510	6000	5000	1	1	1	1	1	1
6	2	1	5	1000	13020	13020.008	14	14.005	3	5	1	2	4	35124	0	1000	1166	326	0	3	5	1	2	4	1330	1582	1836	2126	2334	6000	5000	1	1	1	1	1	1
6	3	0	5	1000	18020	18020.018	19	12.021	3	5	1	2	4	35124	0	1000	1158	342	0	3	5	1	2	4	1346	1584	1832	2132	2344	6000	5000	1	1	1	1	1	1
6	4	0	5	1000	23020	23020.011	24	9.995	1	4	5	2	3	14523	0	1000	1326	330	0	1	4	5	2	3	1334	1562	2078	2324	2538	6000	5000	1	1	1	1	1	1
6	5	1	5	1000	28020	28020.01	29	9.999	3	2	4	5	1	32451	0	1000	1388	308	0	3	2	4	5	1	1312	1596	1856	2106	2450	6000	5000	1	1	1	1	1	1
6	6	0	5	1000	33020	33021.999	34	9.989	1	4	5	2	3	14523	0	1000	1478	322	0	1	4	5	2	3	1326	1600	1934	2282	2648	6000	5000	1	1	1	1	1	1
6	7	0	5	1000	38020	38020.011	39	6.006	3	5	1	2	4	35124	0	1000	1568	356	0	3	5	1	2	4	1360	1640	1900	2224	2760	6000	5000	1	1	1	1	1	1
6	8	1	5	1000	43020	43022	44	5.965	1	4	5	2	3	14523	0	1000	1390	416	0	1	4	5	2	3	1420	1748	2058	2414	2656	6000	5000	1	1	1	1	1	1
6	9	1	5	1000	48020	48020.038	49	2.026	3	5	1	2	4	35124	0	1000	1298	316	0	3	5	1	2	4	1320	1578	1876	2176	2436	6000	5000	1	1	1	1	1	1
6	10	0	5	1000	53020	53020.019	54	0	1	3	2	5	4	13254	0	1000	1168	270	0	1	3	2	5	4	1274	1532	1796	2040	2274	6000	5000	1	1	1	1	1	1
6	11	0	5	1000	58020	58020.01	58	999.988	3	5	1	2	4	35124	0	1000	1244	362	0	3	5	1	2	4	1366	1588	1852	2100	2444	6000	5000	1	1	1	1	1	1
6	12	1	5	1000	63020	63020.012	63	998.002	1	3	2	5	4	13254	0	1000	1118	312	0	1	3	2	5	4	1316	1560	1808	2056	2252	6000	5000	1	1	1	1	1	1
6	13	0	5	1000	68020	68020.016	68	996.005	1	3	2	5	4	13254	0	1000	1162	374	0	1	3	2	5	4	1378	1628	1894	2142	2374	6000	5000	1	1	1	1	1	1
6	14	0	5	1000	73020	73022.006	73	995.995	1	3	2	5	4	13254	0	1000	1148	530	0	1	3	2	5	4	1534	1798	2088	2306	2524	6000	5000	1	1	1	1	1	1
6	15	0	5	1000	78020	78020.024	78	992.014	1	4	5	2	3	14523	0	1000	1120	426	0	1	4	5	2	3	1430	1682	1946	2214	2436	6000	5000	1	1	1	1	1	1
6	16	1	5	1000	83020	83020.022	83	989.999	1	4	5	2	3	14523	0	1000	1148	414	0	1	4	5	2	3	1418	1710	1940	2236	2452	6000	5000	1	1	1	1	1	1
6	17	1	5	1000	88020	88020.008	88	987.996	1	3	2	5	4	13254	0	16000	1058	378	0	1	3	2	5	4	1382	1630	1858	2084	2306	6000	5000	1	1	1	1	1	1
6	18	1	5	1000	108020	108020.011	108	981.999	1	3	2	5	4	13254	0	1000	1082	336	0	1	3	2	5	4	1340	1590	1864	2072	2254	6000	5000	1	1	1	1	1	1
6	19	1	5	1000	113020	113020.021	113	979.988	1	4	5	2	3	14523	0	1000	1094	336	0	1	4	5	2	3	1340	1594	1842	2112	2320	6000	5000	1	1	1	1	1	1
6	20	0	5	1000	118020	118020.012	118	979.98	1	4	5	2	3	14523	0	1000	1068	544	0	1	4	5	2	3	1548	1804	2024	2284	2486	6000	5000	1	1	1	1	1	1
6	21	1	5	1000	123020	123020.041	123	976.024	3	5	1	2	4	35124	0	1000	1206	350	0	3	5	1	2	4	1354	1582	1864	2140	2376	6000	5000	1	1	1	1	1	1
6	22	0	5	1000	128020	128020.031	128	976.021	3	2	4	5	1	32451	0	1000	1166	540	0	3	2	4	5	1	1544	1788	2056	2284	2496	6000	5000	1	1	1	1	1	1
6	23	0	5	1000	133020	133020.013	133	973.979	3	2	4	5	1	32451	0	1000	1552	422	0	3	2	4	5	1	1426	1730	2068	2404	2710	6000	5000	1	1	1	1	1	1
6	24	0	5	1000	138020	138020.022	138	972.012	1	4	5	2	3	14523	0	1000	1576	326	0	1	4	5	2	3	1330	1636	1950	2358	2730	6000	5000	1	1	1	1	1	1
6	25	1	5	1000	143020	143020.01	143	969.978	1	3	2	5	4	13254	0	1000	1682	408	0	1	3	2	5	4	1412	1758	2098	2466	2896	6000	5000	1	1	1	1	1	1
6	26	0	5	1000	148020	148020.008	148	967.984	3	2	4	5	1	32451	0	1000	1394	370	0	3	2	4	5	1	1374	1672	1998	2294	2576	6000	5000	1	1	1	1	1	1
6	27	0	5	1000	153020	153020.011	153	965.978	3	5	1	2	4	35124	0	1000	1420	346	0	3	5	1	2	4	1350	1630	1910	2278	2552	6000	5000	1	1	1	1	1	1
6	28	1	5	1000	158020	158021.999	158	965.989	3	2	4	5	1	32451	0	1000	1162	406	0	3	2	4	5	1	1410	1690	1962	2196	2382	6000	5000	1	1	1	1	1	1
6	29	1	5	1000	163020	163020.035	163	964.026	1	4	5	2	3	14523	0	1000	1142	376	0	1	4	5	2	3	1380	1630	1888	2152	2380	6000	5000	1	1	1	1	1	1
6	30	1	5	1000	168020	168020.016	168	961.967	3	2	4	5	1	32451	0	1000	1186	406	0	3	2	4	5	1	1410	1662	1880	2124	2370	6000	5000	1	1	1	1	1	1
6	31	1	5	1000	173020	173020.013	173	959.988	1	3	2	5	4	13254	0	1000	1174	352	0	1	3	2	5	4	1356	1616	1876	2136	2376	6000	5000	1	1	1	1	1	1
6	32	0	5	1000	178020	178020.011	178	958.014	1	4	5	2	3	14523	0	1000	1284	296	0	1	4	5	2	3	1300	1586	1880	2198	2452	6000	5000	1	1	1	1	1	1
6	33	0	5	1000	183020	183020.01	183	955.998	1	4	5	2	3	14523	0	1000	1254	334	0	1	4	5	2	3	1338	1604	1896	2188	2466	6000	5000	1	1	1	1	1	1
6	34	0	5	1000	188020	188020.156	188	954.146	3	2	4	5	1	32451	0	16000	1266	322	0	3	2	4	5	1	1326	1600	1894	2156	2404	6000	5000	1	1	1	1	1	1
6	35	0	5	1000	208020	208020.011	208	947.981	3	2	4	5	1	32451	0	1000	1210	522	0	3	2	4	5	1	1526	1812	2068	2314	2530	6000	5000	1	1	1	1	1	1
6	36	1	5	1000	213020	213020.033	213	945.983	1	3	2	5	4	13254	0	1000	1128	378	0	1	3	2	5	4	1382	1628	1878	2098	2350	6000	5000	1	1	1	1	1	1
6	37	1	5	1000	218020	218020.008	218	943.999	3	5	1	2	4	35124	0	1000	1388	320	0	3	5	1	2	4	1324	1604	1884	2214	2552	6000	5000	1	1	1	1	1	1
6	38	1	5	1000	223020	223022.036	223	943.932	3	5	1	2	4	35124	0	1000	1240	320	0	3	5	1	2	4	1324	1564	1830	2134	2396	6000	5000	1	1	1	1	1	1
6	39	0	5	1000	228020	228020.025	228	940.013	1	4	5	2	3	14523	0	1000	1216	312	0	1	4	5	2	3	1316	1554	1818	2126	2388	6000	5000	1	1	1	1	1	1
6	40	0	5	1000	233020	233020	233	937.99	1	3	2	5	4	13254	0	1000	1244	262	0	1	3	2	5	4	1266	1528	1810	2070	2330	6000	5000	1	1	1	1	1	1
6	41	1	5	1000	238020	238020.002	238	937.991	1	3	2	5	4	13254	0	1000	1064	422	0	1	3	2	5	4	1426	1658	1918	2138	2334	6000	5000	1	1	1	1	1	1
6	42	1	5	1000	243020	243021.996	243	937.985	1	3	2	5	4	13254	0	1000	1058	248	0	1	3	2	5	4	1252	1528	1762	1982	2158	6000	5000	1	1	1	1	1	1
6	43	1	5	1000	248020	248020.001	248	933.999	3	2	4	5	1	32451	0	1000	1054	372	0	3	2	4	5	1	1376	1632	1854	2066	2238	6000	5000	1	1	1	1	1	1
6	44	0	5	1000	253020	253021.999	253	933.999	1	3	2	5	4	13254	0	1000	1308	332	0	1	3	2	5	4	1336	1602	1890	2176	2460	6000	5000	1	1	1	1	1	1
6	45	1	5	1000	258020	258020	258	930	3	5	1	2	4	35124	0	1000	1074	356	0	3	5	1	2	4	1360	1590	1814	2072	2266	6000	5000	1	1	1	1	1	1
6	46	1	5	1000	263020	263022	263	929.999	1	4	5	2	3	14523	0	1000	1052	356	0	1	4	5	2	3	1360	1614	1862	2116	2304	6000	5000	1	1	1	1	1	1
6	47	1	5	1000	268020	268020.001	268	926.008	1	4	5	2	3	14523	0	1000	1126	356	0	1	4	5	2	3	1360	1602	1840	2122	2346	6000	5000	1	1	1	1	1	1
6	48	0	5	1000	273020	273020.001	273	925.998	1	3	2	5	4	13254	0	1000	1126	340	0	1	3	2	5	4	1344	1646	1868	2134	2328	6000	5000	1	1	1	1	1	1
6	49	0	5	1000	278020	278021.993	278	926.01	3	2	4	5	1	32451	0	1000	1206	404	0	3	2	4	5	1	1408	1656	1882	2142	2430	6000	5000	1	1	1	1	1	1
6	50	1	5	1000	283020	283020.001	283	921.988	3	5	1	2	4	35124	0	1000	924	688	0	3	5	1	2	4	1692	1936	2114	2354	2482	6000	5000	1	1	1	1	1	1
6	51	1	5	1000	288020	288020.011	288	920.014	3	2	4	5	1	32451	0	16000	998	330	0	3	2	4	5	1	1334	1550	1770	1966	2030	6000	5000	1	1	1	1	1	1
6	52	1	5	1000	308020	308020.001	308	913.99	3	2	4	5	1	32451	0	1000	1216	398	0	3	2	4	5	1	1402	1656	1904	2152	2350	6000	5000	1	1	1	1	1	1
6	53	0	5	1000	313020	313020.005	313	912.007	3	5	1	2	4	35124	0	1000	954	252	0	3	5	1	2	4	1256	1458	1654	1894	2062	6000	5000	1	1	1	1	1	1
6	54	0	5	1000	318020	318022.002	318	912.002	3	5	1	2	4	35124	0	1000	1030	432	0	3	5	1	2	4	1436	1666	1888	2136	2306	6000	5000	1	1	1	1	1	1
6	55	0	5	1000	323020	323020.012	323	908.012	1	3	2	5	4	13254	0	1000	1138	354	0	1	3	2	5	4	1358	1612	1874	2126	2322	6000	5000	1	1	1	1	1	1
6	56	1	5	1000	328020	328020.008	328	905.986	3	2	4	5	1	32451	0	1000	1234	268	0	3	2	4	5	1	1272	1564	1806	2054	2258	6000	5000	1	1	1	1	1	1
6	57	1	5	1000	333020	333020.01	333	903.985	3	2	4	5	1	32451	0	1000	1154	282	0	3	2	4	5	1	1286	1546	1788	2020	2226	6000	5000	1	1	1	1	1	1
6	58	1	5	1000	338020	338020.032	338	904.033	3	5	1	2	4	35124	0	1000	1014	314	0	3	5	1	2	4	1318	1528	1750	2004	2184	6000	5000	1	1	1	1	1	1
6	59	1	5	1000	343020	343020.002	343	901.981	1	3	2	5	4	13254	0	1000	914	292	0	1	3	2	5	4	1296	1536	1744	1920	2064	6000	5000	1	1	1	1	1	1
6	60	0	5	1000	348020	348021.984	348	901.974	3	5	1	2	4	35124	0	1000	1096	314	0	3	5	1	2	4	1318	1542	1802	2060	2272	6000	5000	1	1	1	1	1	1
6	61	0	5	1000	353020	353020.002	353	898	3	2	4	5	1	32451	0	1000	942	462	0	3	2	4	5	1	1466	1682	1872	2082	2240	6000	5000	1	1	1	1	1	1
6	62	0	5	1000	358020	358020	358	896	1	3	2	5	4	13254	0	1000	1006	294	0	1	3	2	5	4	1298	1530	1768	1984	2160	6000	5000	1	1	1	1	1	1
6	63	1	5	1000	363020	363020.018	363	894.016	1	4	5	2	3	14523	0	1000	1118	290	0	1	4	5	2	3	1294	1528	1776	2028	2274	6000	5000	1	1	1	1	1	1
6	64	0	5	1000	368020	368021.999	368	893.986	3	2	4	5	1	32451	0	1000	1120	264	0	3	2	4	5	1	1268	1538	1774	2028	2210	6000	5000	1	1	1	1	1	1
6	65	1	5	1000	373020	373021.999	373	891.989	3	2	4	5	1	32451	0	1000	1146	368	0	3	2	4	5	1	1372	1646	1914	2156	2302	6000	5000	1	1	1	1	1	1
6	66	0	5	1000	378020	378021.999	378	891.98	3	2	4	5	1	32451	0	1000	1138	338	0	3	2	4	5	1	1342	1582	1820	2062	2212	6000	5000	1	1	1	1	1	1
6	67	1	5	1000	383020	383021.997	383	889.996	1	4	5	2	3	14523	0	1000	1174	376	0	1	4	5	2	3	1380	1634	1904	2180	2398	6000	5000	1	1	1	1	1	1
6	68	0	5	1000	388020	388022	388	888.002	3	5	1	2	4	35124	0	16000	1310	332	0	3	5	1	2	4	1336	1594	1826	2180	2458	6000	5000	1	1	1	1	1	1
7	1	0	5	1000	8020	8020.031	9	14.002	1	3	2	5	4	13254	0	1000	1588	416	0	1	3	2	5	4	1420	1780	2148	2494	2800	6000	5000	1	1	1	1	1	1
7	2	0	5	1000	13020	13020.018	14	12	3	2	4	5	1	32451	0	1000	1132	294	0	3	2	4	5	1	1298	1560	1820	2058	2234	6000	5000	1	1	1	1	1	1
7	3	0	5	1000	18020	18020.002	19	11.991	3	2	4	5	1	32451	0	1000	1256	326	0	3	2	4	5	1	1330	1618	1866	2142	2382	6000	5000	1	1	1	1	1	1
7	4	1	5	1000	23020	23020.017	24	10	1	4	5	2	3	14523	0	1000	1092	278	0	1	4	5	2	3	1282	1544	1808	2064	2260	6000	5000	1	1	1	1	1	1
7	5	0	5	1000	28020	28020.016	29	7.999	1	4	5	2	3	14523	0	1000	1196	258	0	1	4	5	2	3	1262	1520	1784	2114	2334	6000	5000	1	1	1	1	1	1
7	6	0	5	1000	33020	33020.037	34	5.998	1	3	2	5	4	13254	0	1000	1474	358	0	1	3	2	5	4	1362	2034	2284	2512	2684	6000	5000	1	1	1	1	1	1
7	7	1	5	1000	38020	38020.004	39	3.969	3	2	4	5	1	32451	0	1000	1124	294	0	3	2	4	5	1	1298	1544	1780	2018	2208	6000	5000	1	1	1	1	1	1
7	8	1	5	1000	43020	43020.043	44	2.003	1	3	2	5	4	13254	0	1000	1016	320	0	1	3	2	5	4	1324	1566	1816	2020	2194	6000	5000	1	1	1	1	1	1
7	9	1	5	1000	48020	48020.056	49	0	1	3	2	5	4	13254	0	1000	982	286	0	1	3	2	5	4	1290	1508	1768	1970	2144	6000	5000	1	1	1	1	1	1
7	10	1	5	1000	53020	53020.027	54	0	3	2	4	5	1	32451	0	1000	1148	314	0	3	2	4	5	1	1318	1560	1786	2048	2226	6000	5000	1	1	1	1	1	1
7	11	1	5	1000	58020	58020.029	58	998.012	3	2	4	5	1	32451	0	1000	1002	318	0	3	2	4	5	1	1322	1544	1782	1984	2106	6000	5000	1	1	1	1	1	1
7	12	1	5	1000	63020	63020.029	63	996.014	1	4	5	2	3	14523	0	1000	954	314	0	1	4	5	2	3	1318	1548	1762	1988	2166	6000	5000	1	1	1	1	1	1
7	13	0	5	1000	68020	68020.04	68	993.891	1	3	2	5	4	13254	0	1000	1032	308	0	1	3	2	5	4	1312	1536	1808	2032	2204	6000	5000	1	1	1	1	1	1
7	14	0	5	1000	73020	73020.015	73	991.986	1	3	2	5	4	13254	0	1000	968	340	0	1	3	2	5	4	1344	1590	1828	2038	2180	6000	5000	1	1	1	1	1	1
7	15	0	5	1000	78020	78020.021	78	989.971	1	4	5	2	3	14523	0	1000	1038	350	0	1	4	5	2	3	1354	1608	1838	2092	2274	6000	5000	1	1	1	1	1	1
7	16	0	5	1000	83020	83020.039	83	990.019	3	2	4	5	1	32451	0	1000	1040	138	0	3	2	4	5	1	1142	1428	1628	1834	1968	6000	5000	1	1	1	1	1	1
7	17	0	5	1000	88020	88020.015	88	987.994	1	3	2	5	4	13254	0	16000	1120	280	0	1	3	2	5	4	1284	1564	1834	2076	2262	6000	5000	1	1	1	1	1	1
7	18	0	5	1000	108020	108020.03	108	980.012	1	3	2	5	4	13254	0	1000	1236	406	0	1	3	2	5	4	1410	1708	2008	2270	2478	6000	5000	1	1	1	1	1	1
7	19	1	5	1000	113020	113020.037	113	978.022	3	5	1	2	4	35124	0	1000	1102	370	0	3	5	1	2	4	1374	1624	1890	2150	2314	6000	5000	1	1	1	1	1	1
7	20	0	5	1000	118020	118020.029	118	978.016	1	3	2	5	4	13254	0	1000	1228	194	0	1	3	2	5	4	1198	1506	1800	2040	2260	6000	5000	1	1	1	1	1	1
7	21	0	5	1000	123020	123020.021	123	976	3	5	1	2	4	35124	0	1000	1022	280	0	3	5	1	2	4	1284	1530	1756	2010	2172	6000	5000	1	1	1	1	1	1
7	22	1	5	1000	128020	128020.015	128	973.995	1	4	5	2	3	14523	0	1000	936	318	0	1	4	5	2	3	1322	1564	1786	2006	2166	6000	5000	1	1	1	1	1	1
7	23	1	5	1000	133020	133020.033	133	972.005	1	3	2	5	4	13254	0	1000	912	312	0	1	3	2	5	4	1316	1536	1782	1976	2042	6000	5000	1	1	1	1	1	1
7	24	1	5	1000	138020	138020.017	138	971.991	3	5	1	2	4	35124	0	1000	874	324	0	3	5	1	2	4	1328	1528	1704	1928	2044	6000	5000	1	1	1	1	1	1
7	25	1	5	1000	143020	143020.096	143	968.072	1	3	2	5	4	13254	0	1000	1644	348	1	1	3	5	5	4	1352	1602	2024	2632	2826	6000	5000	0	1	1	1	1	1
7	26	0	5	1000	148020	148020.016	148	965.998	3	2	4	5	1	32451	0	1000	1110	458	0	3	2	4	5	1	1462	1712	1952	2196	2364	6000	5000	1	1	1	1	1	1
7	27	1	5	1000	153020	153020.013	153	965.893	3	2	4	5	1	32451	0	1000	1170	310	0	3	2	4	5	1	1314	1548	1790	2030	2230	6000	5000	1	1	1	1	1	1
7	28	0	5	1000	158020	158020.016	158	963.994	3	2	4	5	1	32451	0	1000	1186	340	0	3	2	4	5	1	1344	1594	1806	2092	2366	6000	5000	1	1	1	1	1	1
7	29	1	5	1000	163020	163020.007	163	961.989	3	5	1	2	4	35124	0	1000	1086	322	0	3	5	1	2	4	1326	1554	1832	2098	2244	6000	5000	1	1	1	1	1	1
7	30	1	5	1000	168020	168020.039	168	960.023	3	2	4	5	1	32451	0	1000	1078	322	0	3	2	4	5	1	1326	1580	1828	2038	2180	6000	5000	1	1	1	1	1	1
7	31	0	5	1000	173020	173020.03	173	958.014	1	3	2	5	4	13254	0	1000	1332	308	0	1	3	2	5	4	1312	1580	1866	2188	2442	6000	5000	1	1	1	1	1	1
7	32	1	5	1000	178020	178020.028	178	955.884	1	3	2	5	4	13254	0	1000	1084	348	0	1	3	2	5	4	1352	1596	1856	2098	2258	6000	5000	1	1	1	1	1	1
7	33	0	5	1000	183020	183020.051	183	954.035	3	5	1	2	4	35124	0	1000	1146	354	0	3	5	1	2	4	1358	1600	1808	2108	2336	6000	5000	1	1	1	1	1	1
7	34	1	5	1000	188020	188020.018	188	953.899	3	5	1	2	4	35124	0	16000	1068	440	0	3	5	1	2	4	1444	1730	1978	2214	2348	6000	5000	1	1	1	1	1	1
7	35	1	5	1000	208020	208020.015	208	946.008	3	5	1	2	4	35124	0	1000	1434	476	0	3	5	1	2	4	1480	1712	1954	2342	2702	6000	5000	1	1	1	1	1	1
7	36	1	5	1000	213020	213020.015	213	943.988	3	5	1	2	4	35124	0	1000	1362	400	0	3	5	1	2	4	1404	1690	1966	2304	2570	6000	5000	1	1	1	1	1	1
7	37	0	5	1000	218020	218020.015	218	941.999	1	4	5	2	3	14523	0	1000	1704	320	0	1	4	5	2	3	1324	1598	1890	2594	2844	6000	5000	1	1	1	1	1	1
7	38	1	5	1000	223020	223020.029	223	942.001	3	5	1	2	4	35124	0	1000	1454	346	0	3	5	1	2	4	1350	1646	1914	2264	2588	6000	5000	1	1	1	1	1	1
7	39	0	5	1000	228020	228021.987	228	941.985	3	2	4	5	1	32451	0	1000	1476	364	0	3	2	4	5	1	1368	1630	1932	2296	2574	6000	5000	1	1	1	1	1	1
7	40	1	5	1000	233020	233020.02	233	938.031	1	3	2	5	4	13254	0	1000	1226	292	0	1	3	2	5	4	1296	1568	1820	2088	2310	6000	5000	1	1	1	1	1	1
7	41	0	5	1000	238020	238020.006	238	935.975	1	4	5	2	3	14523	0	1000	1352	356	0	1	4	5	2	3	1360	1632	1938	2242	2582	6000	5000	1	1	1	1	1	1
7	42	0	5	1000	243020	243020.018	243	933.997	3	5	1	2	4	35124	0	1000	1310	558	0	3	5	1	2	4	1562	1832	2078	2394	2696	6000	5000	1	1	1	1	1	1
7	43	0	5	1000	248020	248020.009	248	932.002	3	2	4	5	1	32451	0	1000	1252	384	0	3	2	4	5	1	1388	1634	1920	2192	2424	6000	5000	1	1	1	1	1	1
7	44	0	5	1000	253020	253020.004	253	929.995	1	4	5	2	3	14523	0	1000	982	314	0	1	4	5	2	3	1318	1564	1810	2056	2210	6000	5000	1	1	1	1	1	1
7	45	1	5	1000	258020	258020.005	258	929.998	3	2	4	5	1	32451	0	1000	1052	312	0	3	2	4	5	1	1316	1550	1776	1986	2094	6000	5000	1	1	1	1	1	1
7	46	1	5	1000	263020	263020.007	263	928.013	3	5	1	2	4	35124	0	1000	1024	274	0	3	5	1	2	4	1278	1516	1726	1984	2108	6000	5000	1	1	1	1	1	1
7	47	1	5	1000	268020	268020.009	268	926.022	1	4	5	2	3	14523	0	1000	1062	300	0	1	4	5	2	3	1304	1558	1796	2062	2260	6000	5000	1	1	1	1	1	1
7	48	0	5	1000	273020	273021.984	273	925.953	3	2	4	5	1	32451	0	1000	1230	286	0	3	2	4	5	1	1290	1548	1796	2030	2194	6000	5000	1	1	1	1	1	1
7	49	0	5	1000	278020	278020.015	278	921.998	3	5	1	2	4	35124	0	1000	1224	338	0	3	5	1	2	4	1342	1598	1828	2138	2400	6000	5000	1	1	1	1	1	1
7	50	0	5	1000	283020	283020.004	283	919.992	1	4	5	2	3	14523	0	1000	1232	342	0	1	4	5	2	3	1346	1610	1890	2198	2438	6000	5000	1	1	1	1	1	1
7	51	1	5	1000	288020	288022.005	288	919.997	1	4	5	2	3	14523	0	16000	1176	324	0	1	4	5	2	3	1328	1622	1914	2170	2398	6000	5000	1	1	1	1	1	1
7	52	1	5	1000	308020	308020.019	308	912.022	1	4	5	2	3	14523	0	1000	1082	370	0	1	4	5	2	3	1374	1648	1908	2142	2344	6000	5000	1	1	1	1	1	1
7	53	1	5	1000	313020	313021.987	313	911.97	3	2	4	5	1	32451	0	1000	1082	208	0	3	2	4	5	1	1212	1456	1672	1876	2008	6000	5000	1	1	1	1	1	1
7	54	0	5	1000	318020	318020.013	318	910.009	3	5	1	2	4	35124	0	1000	1178	246	0	3	5	1	2	4	1250	1490	1712	2010	2222	6000	5000	1	1	1	1	1	1
7	55	0	5	1000	323020	323020.018	323	906	3	5	1	2	4	35124	0	1000	1242	330	0	3	5	1	2	4	1334	1564	1846	2128	2356	6000	5000	1	1	1	1	1	1
7	56	0	5	1000	328020	328020.005	328	903.999	1	3	2	5	4	13254	0	1000	1426	344	0	1	3	2	5	4	1348	1646	1920	2248	2522	6000	5000	1	1	1	1	1	1
7	57	1	5	1000	333020	333020.004	333	903.994	1	4	5	2	3	14523	0	1000	1444	328	0	1	4	5	2	3	1332	1654	1972	2324	2674	6000	5000	1	1	1	1	1	1
7	58	1	5	1000	338020	338022.019	338	904.014	1	4	5	2	3	14523	0	1000	1172	304	0	1	4	5	2	3	1308	1580	1816	2102	2328	6000	5000	1	1	1	1	1	1
7	59	1	5	1000	343020	343020.007	343	899.992	3	5	1	2	4	35124	0	1000	1046	270	0	3	5	1	2	4	1274	1498	1706	1980	2126	6000	5000	1	1	1	1	1	1
7	60	0	5	1000	348020	348020.003	348	897.99	3	5	1	2	4	35124	0	1000	1058	244	0	3	5	1	2	4	1248	1492	1720	1968	2120	6000	5000	1	1	1	1	1	1
7	61	1	5	1000	353020	353020.005	353	895.998	1	3	2	5	4	13254	0	1000	1104	290	0	1	3	2	5	4	1294	1534	1794	2008	2188	6000	5000	1	1	1	1	1	1
7	62	1	5	1000	358020	358020.01	358	894.005	1	4	5	2	3	14523	0	1000	992	378	0	1	4	5	2	3	1382	1642	1868	2092	2258	6000	5000	1	1	1	1	1	1
7	63	0	5	1000	363020	363020.016	363	892.009	3	5	1	2	4	35124	0	1000	1220	316	0	3	5	1	2	4	1320	1522	1764	2062	2356	6000	5000	1	1	1	1	1	1
7	64	1	5	1000	368020	368020.008	368	892.004	3	2	4	5	1	32451	0	1000	1060	268	0	3	2	4	5	1	1272	1528	1734	1932	2012	6000	5000	1	1	1	1	1	1
7	65	0	5	1000	373020	373020.009	373	890.007	1	4	5	2	3	14523	0	1000	1324	378	0	1	4	5	2	3	1382	1656	1928	2280	2550	6000	5000	1	1	1	1	1	1
7	66	0	5	1000	378020	378020.023	378	888.022	1	4	5	2	3	14523	0	1000	1180	410	0	1	4	5	2	3	1414	1670	1930	2210	2442	6000	5000	1	1	1	1	1	1
7	67	1	5	1000	383020	383020.009	383	886.001	1	3	2	5	4	13254	0	1000	1076	336	0	1	3	2	5	4	1340	1630	1872	2094	2276	6000	5000	1	1	1	1	1	1
7	68	0	5	1000	388020	388020.003	388	883.999	1	3	2	5	4	13254	0	16000	1246	306	0	1	3	2	5	4	1310	1588	1830	2116	2368	6000	5000	1	1	1	1	1	1
8	1	1	5	1000	8020	8021.998	9	17.986	3	5	1	2	4	35124	0	1000	1418	378	0	3	5	1	2	4	1382	1718	2004	2354	2596	6000	5000	1	1	1	1	1	1
8	2	0	5	1000	13020	13020.015	14	14.013	3	5	1	2	4	35124	0	1000	1286	314	0	3	5	1	2	4	1318	1598	1852	2174	2436	6000	5000	1	1	1	1	1	1
8	3	0	5	1000	18020	18020.006	19	12.004	3	2	4	5	1	32451	0	1000	1236	360	0	3	2	4	5	1	1364	1634	1920	2176	2394	6000	5000	1	1	1	1	1	1
8	4	0	5	1000	23020	23020.012	24	10.014	1	4	5	2	3	14523	0	1000	1100	294	0	1	4	5	2	3	1298	1560	1808	2082	2274	6000	5000	1	1	1	1	1	1
8	5	1	5	1000	28020	28022.002	29	10	1	3	2	5	4	13254	0	1000	1608	256	0	1	3	2	5	4	1260	1602	1984	2322	2700	6000	5000	1	1	1	1	1	1
8	6	0	5	1000	33020	33020	34	6.015	1	3	2	5	4	13254	0	1000	1308	282	0	1	3	2	5	4	1286	1572	1852	2138	2376	6000	5000	1	1	1	1	1	1
8	7	0	5	1000	38020	38021.999	39	7.997	3	2	4	5	1	32451	0	1000	1260	320	0	3	2	4	5	1	1324	1560	1848	2126	2378	6000	5000	1	1	1	1	1	1
8	8	0	5	1000	43020	43020.001	44	4.002	3	5	1	2	4	35124	0	1000	1180	372	0	3	5	1	2	4	1376	1616	1856	2138	2354	6000	5000	1	1	1	1	1	1
8	9	0	5	1000	48020	48020.003	49	2.002	3	5	1	2	4	35124	0	1000	1670	620	1	5	5	1	2	4	1624	2350	2600	2894	3128	6000	5000	0	1	1	1	1	1
8	10	0	5	1000	53020	53020.005	54	0	1	3	2	5	4	13254	0	1000	1368	316	0	1	3	2	5	4	1320	1612	1938	2208	2476	6000	5000	1	1	1	1	1	1
8	11	0	5	1000	58020	58021.997	59	0	1	3	2	5	4	13254	0	1000	1630	384	0	1	3	2	5	4	1388	1736	2064	2456	2784	6000	5000	1	1	1	1	1	1
8	12	1	5	1000	63020	63020.037	63	996.026	3	2	4	5	1	32451	0	1000	1620	342	0	3	2	4	5	1	1346	1650	1966	2346	2642	6000	5000	1	1	1	1	1	1
8	13	1	5	1000	68020	68020.032	68	996.03	1	3	2	5	4	13254	0	1000	1476	294	0	1	3	2	5	4	1298	1600	1944	2310	2588	6000	5000	1	1	1	1	1	1
8	14	1	5	1000	73020	73022.028	73	996.027	3	2	4	5	1	32451	0	1000	1342	384	0	3	2	4	5	1	1388	1642	1914	2194	2374	6000	5000	1	1	1	1	1	1
8	15	0	5	1000	78020	78022	78	993.987	1	3	2	5	4	13254	0	1000	1296	318	0	1	3	2	5	4	1322	1620	1898	2190	2432	6000	5000	1	1	1	1	1	1
8	16	1	5	1000	83020	83020.008	83	989.996	1	4	5	2	3	14523	0	1000	1426	330	0	1	4	5	2	3	1334	1626	1922	2290	2654	6000	5000	1	1	1	1	1	1
8	17	0	5	1000	88020	88022.012	88	990.014	3	2	4	5	1	32451	0	16000	1422	324	0	3	2	4	5	1	1328	1612	1904	2240	2550	6000	5000	1	1	1	1	1	1
8	18	0	5	1000	108020	108020.009	108	982.01	3	2	4	5	1	32451	0	1000	1856	496	0	3	2	4	5	1	1500	1870	2312	2716	3094	6000	5000	1	1	1	1	1	1
8	19	0	5	1000	113020	113020.009	113	980.011	3	2	4	5	1	32451	0	1000	1646	380	0	3	2	4	5	1	1384	1676	1966	2338	2734	6000	5000	1	1	1	1	1	1
8	20	1	5	1000	118020	118020.014	118	978.011	1	3	2	5	4	13254	0	1000	1042	258	0	1	3	2	5	4	1262	1522	1752	1964	2142	6000	5000	1	1	1	1	1	1
8	21	1	5	1000	123020	123020.024	123	976.022	1	3	2	5	4	13254	0	1000	1110	316	0	1	3	2	5	4	1320	1584	1830	2052	2266	6000	5000	1	1	1	1	1	1
8	22	1	5	1000	128020	128020	128	974.002	1	4	5	2	3	14523	0	1000	1116	380	0	1	4	5	2	3	1384	1632	1890	2172	2360	6000	5000	1	1	1	1	1	1
8	23	1	5	1000	133020	133021.998	133	973.986	3	5	1	2	4	35124	0	1000	1062	370	0	3	5	1	2	4	1374	1608	1866	2128	2292	6000	5000	1	1	1	1	1	1
8	24	1	5	1000	138020	138022.025	138	974.024	1	3	2	5	4	13254	0	1000	1072	342	0	1	3	2	5	4	1346	1604	1860	2082	2242	6000	5000	1	1	1	1	1	1
8	25	0	5	1000	143020	143020.011	143	970.009	3	2	4	5	1	32451	0	1000	1128	436	0	3	2	4	5	1	1440	1688	1922	2168	2304	6000	5000	1	1	1	1	1	1
8	26	1	5	1000	148020	148020.012	148	968.033	3	5	1	2	4	35124	0	1000	1054	336	0	3	5	1	2	4	1340	1568	1788	2064	2224	6000	5000	1	1	1	1	1	1
8	27	1	5	1000	153020	153021.999	153	967.986	3	2	4	5	1	32451	0	1000	1052	166	0	3	2	4	5	1	1170	1436	1638	1888	1934	6000	5000	1	1	1	1	1	1
8	28	0	5	1000	158020	158020.03	158	964.03	1	4	5	2	3	14523	0	1000	1124	374	0	1	4	5	2	3	1378	1644	1888	2194	2368	6000	5000	1	1	1	1	1	1
8	29	1	5	1000	163020	163021.998	163	963.992	3	5	1	2	4	35124	0	1000	1066	324	0	3	5	1	2	4	1328	1558	1770	2080	2258	6000	5000	1	1	1	1	1	1
8	30	0	5	1000	168020	168020	168	959.971	3	2	4	5	1	32451	0	1000	1244	482	0	3	2	4	5	1	1486	1758	2016	2266	2474	6000	5000	1	1	1	1	1	1
8	31	0	5	1000	173020	173020.003	173	960	1	3	2	5	4	13254	0	1000	1088	432	0	1	3	2	5	4	1436	1706	1946	2158	2342	6000	5000	1	1	1	1	1	1
8	32	0	5	1000	178020	178020.001	178	957.999	3	5	1	2	4	35124	0	1000	1056	374	0	3	5	1	2	4	1378	1622	1866	2132	2300	6000	5000	1	1	1	1	1	1
8	33	1	5	1000	183020	183020.001	183	956.02	3	2	4	5	1	32451	0	1000	976	352	0	3	2	4	5	1	1356	1578	1780	1968	2116	6000	5000	1	1	1	1	1	1
8	34	0	5	1000	188020	188021.977	188	955.976	3	2	4	5	1	32451	0	16000	1094	324	0	3	2	4	5	1	1328	1560	1772	2000	2126	6000	5000	1	1	1	1	1	1
8	35	0	5	1000	208020	208020.005	208	948.008	3	2	4	5	1	32451	0	1000	1476	442	0	3	2	4	5	1	1446	1726	2008	2328	2666	6000	5000	1	1	1	1	1	1
8	36	1	5	1000	213020	213021.998	213	947.989	3	2	4	5	1	32451	0	1000	1676	330	0	3	2	4	5	1	1334	1660	1978	2324	2752	6000	5000	1	1	1	1	1	1
8	37	0	5	1000	218020	218022.001	218	946.005	3	5	1	2	4	35124	0	1000	1414	368	0	3	5	1	2	4	1372	1628	1898	2262	2572	6000	5000	1	1	1	1	1	1
8	38	0	5	1000	223020	223020	223	942	1	4	5	2	3	14523	0	1000	1256	424	0	1	4	5	2	3	1428	1680	1954	2268	2518	6000	5000	1	1	1	1	1	1
8	39	0	5	1000	228020	228020.006	228	940.023	1	3	2	5	4	13254	0	1000	1218	276	0	1	3	2	5	4	1280	1650	1914	2160	2340	6000	5000	1	1	1	1	1	1
8	40	0	5	1000	233020	233021.98	233	939.972	1	4	5	2	3	14523	0	1000	1310	316	0	1	4	5	2	3	1320	1614	1868	2176	2480	6000	5000	1	1	1	1	1	1
8	41	1	5	1000	238020	238021.998	238	938.001	1	4	5	2	3	14523	0	1000	1192	296	0	1	4	5	2	3	1300	1578	1846	2146	2352	6000	5000	1	1	1	1	1	1
8	42	1	5	1000	243020	243022.01	243	938.014	1	4	5	2	3	14523	0	1000	1216	354	0	1	4	5	2	3	1358	1590	1840	2070	2336	6000	5000	1	1	1	1	1	1
8	43	1	5	1000	248020	248022.001	248	936.003	1	3	2	5	4	13254	0	1000	1344	254	0	1	3	2	5	4	1258	1528	1828	2126	2412	6000	5000	1	1	1	1	1	1
8	44	0	5	1000	253020	253020.029	253	932.018	1	4	5	2	3	14523	0	1000	1230	262	0	1	4	5	2	3	1266	1542	1874	2144	2336	6000	5000	1	1	1	1	1	1
8	45	0	5	1000	258020	258020.003	258	929.974	1	4	5	2	3	14523	0	1000	1174	306	0	1	4	5	2	3	1310	1550	1848	2146	2338	6000	5000	1	1	1	1	1	1
8	46	0	5	1000	263020	263020	263	928.003	3	2	4	5	1	32451	0	1000	1344	240	0	3	2	4	5	1	1244	1524	1806	2094	2326	6000	5000	1	1	1	1	1	1
8	47	1	5	1000	268020	268020.009	268	926.011	1	4	5	2	3	14523	0	1000	1238	364	0	1	4	5	2	3	1368	1686	1974	2274	2470	6000	5000	1	1	1	1	1	1
8	48	0	5	1000	273020	273020.002	273	923.981	1	4	5	2	3	14523	0	1000	1230	360	0	1	4	5	2	3	1364	1650	1954	2250	2444	6000	5000	1	1	1	1	1	1
8	49	1	5	1000	278020	278020.001	278	923.987	3	2	4	5	1	32451	0	1000	1484	300	0	3	2	4	5	1	1304	1576	1874	2158	2450	6000	5000	1	1	1	1	1	1
8	50	1	5	1000	283020	283020.014	283	922.01	1	4	5	2	3	14523	0	1000	1118	322	0	1	4	5	2	3	1326	1596	1850	2120	2304	6000	5000	1	1	1	1	1	1
8	51	0	5	1000	288020	288020	288	919.998	3	5	1	2	4	35124	0	16000	1140	308	0	3	5	1	2	4	1312	1638	1862	2110	2290	6000	5000	1	1	1	1	1	1
8	52	0	5	1000	308020	308022.002	308	914.02	3	5	1	2	4	35124	0	1000	1318	374	0	3	5	1	2	4	1378	1694	1974	2254	2512	6000	5000	1	1	1	1	1	1
8	53	1	5	1000	313020	313020.002	313	911.997	1	3	2	5	4	13254	0	1000	1496	364	0	1	3	2	5	4	1368	1706	2060	2386	2682	6000	5000	1	1	1	1	1	1
8	54	1	5	1000	318020	318020.002	318	910.001	3	5	1	2	4	35124	0	1000	1336	828	0	3	5	1	2	4	1832	2106	2410	2690	2956	6000	5000	1	1	1	1	1	1
8	55	0	5	1000	323020	323021.998	323	910.009	1	4	5	2	3	14523	0	1000	1870	312	0	1	4	5	2	3	1316	1654	2000	2440	3000	6000	5000	1	1	1	1	1	1
8	56	0	5	1000	328020	328020.006	328	906.026	3	5	1	2	4	35124	0	1000	1200	942	0	3	5	1	2	4	1946	2174	2408	2694	2932	6000	5000	1	1	1	1	1	1
8	57	1	5	1000	333020	333020.025	333	905.993	3	5	1	2	4	35124	0	1000	1288	440	0	3	5	1	2	4	1444	1716	1986	2288	2542	6000	5000	1	1	1	1	1	1
8	58	1	5	1000	338020	338020.003	338	902	3	5	1	2	4	35124	0	1000	1396	440	0	3	5	1	2	4	1444	1742	2004	2342	2662	6000	5000	1	1	1	1	1	1
8	59	0	5	1000	343020	343021.978	343	901.968	1	3	2	5	4	13254	0	1000	1772	410	0	1	3	2	5	4	1414	1756	2172	2536	2952	6000	5000	1	1	1	1	1	1
8	60	1	5	1000	348020	348020.012	348	899.995	1	3	2	5	4	13254	0	1000	1644	434	0	1	3	2	5	4	1438	1814	2148	2518	2826	6000	5000	1	1	1	1	1	1
8	61	0	5	1000	353020	353020.003	353	898.005	3	5	1	2	4	35124	0	1000	1596	448	0	3	5	1	2	4	1452	1822	2126	2502	2834	6000	5000	1	1	1	1	1	1
8	62	1	5	1000	358020	358020.005	358	895.993	1	4	5	2	3	14523	0	1000	1574	434	0	1	4	5	2	3	1438	1794	2162	2524	2834	6000	5000	1	1	1	1	1	1
8	63	0	5	1000	363020	363020.014	363	894.011	1	3	2	5	4	13254	0	1000	1192	350	0	1	3	2	5	4	1354	1640	1912	2162	2368	6000	5000	1	1	1	1	1	1
8	64	1	5	1000	368020	368022.031	368	894.02	3	5	1	2	4	35124	0	1000	1064	322	0	3	5	1	2	4	1326	1588	1836	2088	2232	6000	5000	1	1	1	1	1	1
8	65	1	5	1000	373020	373021.997	373	891.997	1	4	5	2	3	14523	0	1000	1262	324	0	1	4	5	2	3	1328	1604	1898	2200	2434	6000	5000	1	1	1	1	1	1
8	66	1	5	1000	378020	378021.998	378	890.004	3	2	4	5	1	32451	0	1000	1308	362	0	3	2	4	5	1	1366	1622	1908	2194	2434	6000	5000	1	1	1	1	1	1
8	67	1	5	1000	383020	383020.013	383	886.015	3	2	4	5	1	32451	0	1000	1096	528	0	3	2	4	5	1	1532	1778	2004	2234	2378	6000	5000	1	1	1	1	1	1
8	68	1	5	1000	388020	388021.987	388	887.987	3	5	1	2	4	35124	0	16000	1062	336	0	3	5	1	2	4	1340	1634	1866	2108	2238	6000	5000	1	1	1	1	1	1
9	1	0	5	1000	8020	8021.986	9	16.017	3	2	4	5	1	32451	0	12000	1238	530	0	3	2	4	5	1	1534	1814	2070	2288	2474	6000	5000	1	1	1	1	1	1
9	2	1	5	1000	24020	24021.991	25	11.98	3	5	1	2	4	35124	0	30000	1394	350	0	3	5	1	2	4	1354	1624	1888	2210	2528	6000	5000	1	1	1	1	1	1
9	3	0	5	1000	58020	58020.005	58	998.009	1	3	2	5	4	13254	0	27000	1742	464	0	1	3	2	5	4	1468	1820	2212	2576	2998	6000	5000	1	1	1	1	1	1
9	4	1	5	1000	89020	89021.986	89	989.987	1	4	5	2	3	14523	0	21000	1294	428	0	1	4	5	2	3	1432	1712	2004	2308	2580	6000	5000	1	1	1	1	1	1
9	5	0	5	1000	114020	114021.987	114	980.001	3	5	1	2	4	35124	0	15000	1430	496	0	3	5	1	2	4	1500	1832	2104	2454	2736	6000	5000	1	1	1	1	1	1
9	6	1	5	1000	133020	133020.013	133	972.001	3	2	4	5	1	32451	0	9000	1446	330	0	3	2	4	5	1	1334	1600	1916	2220	2488	6000	5000	1	1	1	1	1	1
9	7	0	5	1000	146020	146021.989	146	969.988	1	4	5	2	3	14523	0	24000	1430	338	0	1	4	5	2	3	1342	1626	1910	2290	2606	6000	5000	1	1	1	1	1	1
9	8	1	5	1000	174020	174021.987	174	959.988	1	3	2	5	4	13254	0	18000	1676	316	0	1	3	2	5	4	1320	1702	2068	2424	2774	6000	5000	1	1	1	1	1	1
9	9	0	5	1000	196020	196020.018	196	950.036	3	2	4	5	1	32451	0	18000	1534	534	0	3	2	4	5	1	1538	1852	2178	2508	2786	6000	5000	1	1	1	1	1	1
9	10	1	5	1000	218020	218021.984	218	944	3	5	1	2	4	35124	0	9000	1354	328	0	3	5	1	2	4	1332	1644	1940	2220	2482	6000	5000	1	1	1	1	1	1
9	11	0	5	1000	231020	231021.974	231	940.003	1	3	2	5	4	13254	0	27000	1528	318	0	1	3	2	5	4	1322	1610	1944	2268	2592	6000	5000	1	1	1	1	1	1
9	12	1	5	1000	262020	262021.991	262	929.98	1	4	5	2	3	14523	0	12000	1612	346	0	1	4	5	2	3	1350	1692	2036	2404	2780	6000	5000	1	1	1	1	1	1
9	13	0	5	1000	278020	278021.976	278	924.008	3	5	1	2	4	35124	0	24000	1372	466	0	3	5	1	2	4	1470	1736	2022	2318	2594	6000	5000	1	1	1	1	1	1
9	14	1	5	1000	306020	306021.957	306	914.004	3	2	4	5	1	32451	0	15000	1420	568	0	3	2	4	5	1	1572	1912	2196	2476	2716	6000	5000	1	1	1	1	1	1
9	15	0	5	1000	325020	325021.973	325	908	1	4	5	2	3	14523	0	21000	1456	496	0	1	4	5	2	3	1500	1786	2122	2454	2760	6000	5000	1	1	1	1	1	1
9	16	1	5	1000	350020	350020.004	350	898.053	1	3	2	5	4	13254	0	30000	1548	340	0	1	3	2	5	4	1344	1700	2060	2388	2690	6000	5000	1	1	1	1	1	1