BN	TN	seqType	Horizon	PrepTime	startTime	startTimeReal	startTRReal	startTRtime	press0	press1	press2	press3	press4	cueP	complete	iti	MT	RT	isError	response0	response1	response2	response3	response4	pressTime0	pressTime1	pressTime2	pressTime3	pressTime4	timeThreshold	timeThresholdSuper	points	Gain1	Gain2	Gain3	Gain4	Gain5
1	1	1	5	1000	8020	8021.989	9	17.997	1	3	2	5	4	13254	0	1000	1274	434	0	1	3	2	5	4	1438	1894	2274	2488	2656	6000	5000	1	1	1	1	1	1
1	2	1	5	1000	13020	13021.974	14	15.985	1	3	2	5	4	13254	0	1000	1340	396	0	1	3	2	5	4	1400	1702	2028	2364	2618	6000	5000	1	1	1	1	1	1
1	3	0	5	1000	18020	18021.975	19	13.987	3	5	1	2	4	35124	0	1000	1242	340	0	3	5	1	2	4	1344	1636	1976	2224	2478	6000	5000	1	1	1	1	1	1
1	4	1	5	1000	23020	23021.973	24	11.987	3	2	4	5	1	32451	0	1000	1042	386	0	3	2	4	5	1	1390	1672	1904	2132	2336	6000	5000	1	1	1	1	1	1
1	5	1	5	1000	28020	28021.963	29	9.998	1	4	5	2	3	14523	0	1000	1044	408	0	1	4	5	2	3	1412	1662	1924	2166	2392	6000	5000	1	1	1	1	1	1
1	6	0	5	1000	33020	33021.985	34	7.966	1	4	5	2	3	14523	0	1000	1200	510	0	1	4	5	2	3	1514	1792	2092	2366	2654	6000	5000	1	1	1	1	1	1
1	7	0	5	1000	38020	38021.989	39	8.026	1	3	2	5	4	13254	0	1000	1056	354	0	1	3	2	5	4	1358	1594	1854	2138	2360	6000	5000	1	1	1	1	1	1
1	8	1	5	1000	43020	43022.024	44	6.049	1	4	5	2	3	14523	0	1000	1138	364	0	1	4	5	2	3	1368	1654	1946	2230	2450	6000	5000	1	1	1	1	1	1
1	9	0	5	1000	48020	48020	49	2.026	3	5	1	2	4	35124	0	1000	980	378	0	3	5	1	2	4	1382	1636	1900	2074	2292	6000	5000	1	1	1	1	1	1
1	10	0	5	1000	53020	53021.975	54	1.999	1	4	5	2	3	14523	0	1000	1686	456	1	1	4	5	3	3	1460	1684	1906	2338	3070	6000	5000	0	1	1	1	1	1
1	11	1	5	1000	58020	58021.997	59	0	1	4	5	2	3	14523	0	1000	1762	340	0	1	4	5	2	3	1344	1984	2314	2688	2986	6000	5000	1	1	1	1	1	1
1	12	1	5	1000	63020	63021.984	63	997.985	3	2	4	5	1	32451	0	1000	1212	370	0	3	2	4	5	1	1374	1646	1940	2198	2442	6000	5000	1	1	1	1	1	1
1	13	1	5	1000	68020	68021.973	68	998.008	3	2	4	5	1	32451	0	1000	1386	368	0	3	2	4	5	1	1372	1696	2004	2310	2660	6000	5000	1	1	1	1	1	1
1	14	1	5	1000	73020	73021.976	73	995.99	3	5	1	2	4	35124	0	1000	1326	338	0	3	5	1	2	4	1342	1646	1974	2286	2586	6000	5000	1	1	1	1	1	1
1	15	0	5	1000	78020	78021.975	78	994.002	3	5	1	2	4	35124	0	1000	1632	502	0	3	5	1	2	4	1506	1800	2162	2438	3068	6000	5000	1	1	1	1	1	1
1	16	1	5	1000	83020	83021.973	83	991.956	1	4	5	2	3	14523	0	1000	1248	388	0	1	4	5	2	3	1392	1678	1974	2270	2564	6000	5000	1	1	1	1	1	1
1	17	0	5	1000	88020	88021.986	88	989.99	3	2	4	5	1	32451	0	16000	1316	944	0	3	2	4	5	1	1948	2222	2570	2900	3166	6000	5000	1	1	1	1	1	1
1	18	0	5	1000	108020	108021.962	108	983.987	3	2	4	5	1	32451	0	1000	1406	456	0	3	2	4	5	1	1460	1844	2232	2496	2780	6000	5000	1	1	1	1	1	1
1	19	0	5	1000	113020	113021.978	113	982.001	1	3	2	5	4	13254	0	1000	1162	388	0	1	3	2	5	4	1392	1648	1940	2230	2468	6000	5000	1	1	1	1	1	1
1	20	0	5	1000	118020	118021.972	118	979.997	1	4	5	2	3	14523	0	1000	1116	392	0	1	4	5	2	3	1396	1642	1942	2222	2444	6000	5000	1	1	1	1	1	1
1	21	0	5	1000	123020	123021.978	123	978.003	3	5	1	2	4	35124	0	1000	1150	466	0	3	5	1	2	4	1470	1734	2038	2286	2538	6000	5000	1	1	1	1	1	1
1	22	0	5	1000	128020	128021.976	128	976.003	3	2	4	5	1	32451	0	1000	1070	328	0	3	2	4	5	1	1332	1570	1818	2082	2318	6000	5000	1	1	1	1	1	1
1	23	1	5	1000	133020	133021.984	133	974.009	1	3	2	5	4	13254	0	1000	1320	356	0	1	3	2	5	4	1360	1682	2002	2298	2592	6000	5000	1	1	1	1	1	1
1	24	1	5	1000	138020	138021.973	138	972.027	3	5	1	2	4	35124	0	1000	1614	348	0	3	5	1	2	4	1352	1600	2248	2564	2828	6000	5000	1	1	1	1	1	1
1	25	1	5	1000	143020	143020.004	143	969.993	1	3	2	5	4	13254	0	1000	1066	362	0	1	3	2	5	4	1366	1610	1882	2128	2358	6000	5000	1	1	1	1	1	1
1	26	0	5	1000	148020	148021.986	148	969.991	3	2	4	5	1	32451	0	1000	1254	334	0	3	2	4	5	1	1338	1610	1872	2194	2478	6000	5000	1	1	1	1	1	1
1	27	0	5	1000	153020	153022.013	153	968.037	3	5	1	2	4	35124	0	1000	1320	398	0	3	5	1	2	4	1402	1706	2044	2312	2624	6000	5000	1	1	1	1	1	1
1	28	1	5	1000	158020	158021.986	158	965.987	3	5	1	2	4	35124	0	1000	1182	286	0	3	5	1	2	4	1290	1560	1886	2140	2396	6000	5000	1	1	1	1	1	1
1	29	1	5	1000	163020	163021.967	163	963.977	1	4	5	2	3	14523	0	1000	1156	398	0	1	4	5	2	3	1402	1646	1922	2226	2478	6000	5000	1	1	1	1	1	1
1	30	1	5	1000	168020	168021.974	168	961.999	1	4	5	2	3	14523	0	1000	1264	358	0	1	4	5	2	3	1362	1618	1948	2258	2520	6000	5000	1	1	1	1	1	1
1	31	1	5	1000	173020	173021.998	173	961.981	1	3	2	5	4	13254	0	1000	1066	310	0	1	3	2	5	4	1314	1540	1816	2066	2308	6000	5000	1	1	1	1	1	1
1	32	0	5	1000	178020	178021.999	178	959.999	1	4	5	2	3	14523	0	1000	1196	396	0	1	4	5	2	3	1400	1656	1956	2238	2506	6000	5000	1	1	1	1	1	1
1	33	0	5	1000	183020	183020.011	183	956.018	3	2	4	5	1	32451	0	1000	1146	336	0	3	2	4	5	1	1340	1608	1890	2122	2396	6000	5000	1	1	1	1	1	1
1	34	1	5	1000	188020	188021.974	188	955.988	3	5	1	2	4	35124	0	16000	1300	344	0	3	5	1	2	4	1348	1616	2060	2302	2570	6000	5000	1	1	1	1	1	1
1	35	1	5	1000	208020	208021.963	208	947.974	3	5	1	2	4	35124	0	1000	1206	396	0	3	5	1	2	4	1400	1676	1982	2230	2520	6000	5000	1	1	1	1	1	1
1	36	1	5	1000	213020	213021.965	213	948.003	3	5	1	2	4	35124	0	1000	1276	282	0	3	5	1	2	4	1286	1628	1958	2166	2494	6000	5000	1	1	1	1	1	1
1	37	0	5	1000	218020	218021.977	218	945.998	1	4	5	2	3	14523	0	1000	1436	364	0	1	4	5	2	3	1368	1726	2078	2404	2732	6000	5000	1	1	1	1	1	1
1	38	0	5	1000	223020	223022.012	223	943.934	1	4	5	2	3	14523	0	1000	1212	454	0	1	4	5	2	3	1458	1698	1998	2304	2602	6000	5000	1	1	1	1	1	1
1	39	1	5	1000	228020	228022.012	228	942.025	3	5	1	2	4	35124	0	1000	1020	880	0	3	5	1	2	4	1884	2148	2404	2646	2870	6000	5000	1	1	1	1	1	1
1	40	1	5	1000	233020	233022.112	233	940.134	3	2	4	5	1	32451	0	1000	1038	386	0	3	2	4	5	1	1390	1652	1874	2100	2326	6000	5000	1	1	1	1	1	1
1	41	0	5	1000	238020	238021.944	238	937.988	3	2	4	5	1	32451	0	1000	1314	318	0	3	2	4	5	1	1428	1770	2082	2370	2638	6000	5000	1	1	1	1	1	1
1	42	1	5	1000	243020	243021.97	243	936.008	3	2	4	5	1	32451	0	1000	1072	316	0	3	2	4	5	1	1320	1572	1822	2070	2302	6000	5000	1	1	1	1	1	1
1	43	1	5	1000	248020	248021.965	248	935.988	1	3	2	5	4	13254	0	1000	1104	342	0	1	3	2	5	4	1346	1594	1878	2144	2400	6000	5000	1	1	1	1	1	1
1	44	0	5	1000	253020	253021.948	253	933.978	1	3	2	5	4	13254	0	1000	1456	306	0	1	3	2	5	4	1310	1644	1974	2424	2702	6000	5000	1	1	1	1	1	1
1	45	1	5	1000	258020	258021.945	258	931.976	3	2	4	5	1	32451	0	1000	1102	352	0	3	2	4	5	1	1356	1638	1898	2150	2374	6000	5000	1	1	1	1	1	1
1	46	0	5	1000	263020	263021.95	263	930.003	1	4	5	2	3	14523	0	1000	1290	338	0	1	4	5	2	3	1342	1732	2028	2314	2558	6000	5000	1	1	1	1	1	1
1	47	1	5	1000	268020	268021.961	268	928.014	3	2	4	5	1	32451	0	1000	1028	668	0	3	2	4	5	1	1672	1950	2196	2412	2610	6000	5000	1	1	1	1	1	1
1	48	0	5	1000	273020	273021.95	273	926.002	1	3	2	5	4	13254	0	1000	1356	322	0	1	3	2	5	4	1326	1790	2046	2300	2606	6000	5000	1	1	1	1	1	1
1	49	1	5	1000	278020	278021.964	278	923.97	3	5	1	2	4	35124	0	1000	1106	344	0	3	5	1	2	4	1348	1602	1876	2108	2358	6000	5000	1	1	1	1	1	1
1	50	0	5	1000	283020	283021.979	283	924.002	3	2	4	5	1	32451	0	1000	1136	720	0	3	2	4	5	1	1724	1992	2320	2566	2766	6000	5000	1	1	1	1	1	1
1	51	1	5	1000	288020	288021.992	288	922.027	1	4	5	2	3	14523	0	16000	926	370	0	1	4	5	2	3	1374	1598	1824	2086	2260	6000	5000	1	1	1	1	1	1
1	52	1	5	1000	308020	308021.996	308	914.019	1	4	5	2	3	14523	0	1000	1040	406	0	1	4	5	2	3	1410	1734	1972	2218	2392	6000	5000	1	1	1	1	1	1
1	53	1	5	1000	313020	313021.962	313	911.967	3	5	1	2	4	35124	0	1000	868	366	0	3	5	1	2	4	1370	1612	1860	2016	2168	6000	5000	1	1	1	1	1	1
1	54	0	5	1000	318020	318021.976	318	912.011	1	3	2	5	4	13254	0	1000	1036	350	0	1	3	2	5	4	2426	2638	2922	3214	3410	6000	5000	1	1	1	1	1	1
1	55	1	5	1000	323020	323021.975	323	910.012	1	3	2	5	4	13254	0	1000	1292	348	0	1	3	2	5	4	1352	1546	1754	2368	2566	6000	5000	1	1	1	1	1	1
1	56	1	5	1000	328020	328021.965	328	908.002	1	4	5	2	3	14523	0	1000	938	364	0	1	4	5	2	3	1368	1612	1818	2046	2254	6000	5000	1	1	1	1	1	1
1	57	0	5	1000	333020	333021.965	333	905.991	1	3	2	5	4	13254	0	1000	994	338	0	1	3	2	5	4	1342	1550	1820	2048	2286	6000	5000	1	1	1	1	1	1
1	58	0	5	1000	338020	338021.961	338	903.997	3	5	1	2	4	35124	0	1000	994	352	0	3	5	1	2	4	1356	1576	1836	2050	2252	6000	5000	1	1	1	1	1	1
1	59	0	5	1000	343020	343021.98	343	901.992	3	5	1	2	4	35124	0	1000	996	376	0	3	5	1	2	4	1380	1616	1860	2104	2320	6000	5000	1	1	1	1	1	1
1	60	0	5	1000	348020	348021.977	348	900.014	1	3	2	5	4	13254	0	1000	990	324	0	1	3	2	5	4	1328	1552	1828	2074	2266	6000	5000	1	1	1	1	1	1
1	61	0	5	1000	353020	353021.966	353	899.966	1	3	2	5	4	13254	0	1000	946	480	0	1	3	2	5	4	1484	1688	1960	2188	2376	6000	5000	1	1	1	1	1	1
1	62	0	5	1000	358020	358021.975	358	898.008	3	2	4	5	1	32451	0	1000	1074	430	0	3	2	4	5	1	1434	1670	1934	2192	2416	6000	5000	1	1	1	1	1	1
1	63	0	5	1000	363020	363021.966	363	895.992	3	2	4	5	1	32451	0	1000	996	376	0	3	2	4	5	1	1380	1592	1840	2066	2284	6000	5000	1	1	1	1	1	1
1	64	0	5	1000	368020	368021.977	368	894.014	1	4	5	2	3	14523	0	1000	972	388	0	1	4	5	2	3	1392	1632	1880	2108	2270	6000	5000	1	1	1	1	1	1
1	65	1	5	1000	373020	373021.964	373	891.998	1	3	2	5	4	13254	0	1000	1020	344	0	1	3	2	5	4	1348	1552	1802	2056	2290	6000	5000	1	1	1	1	1	1
1	66	1	5	1000	378020	378021.975	378	889.998	3	2	4	5	1	32451	0	1000	822	342	0	3	2	4	5	1	1346	1560	1768	1930	2062	6000	5000	1	1	1	1	1	1
1	67	0	5	1000	383020	383021.977	383	888.002	3	5	1	2	4	35124	0	1000	1194	354	0	3	5	1	2	4	1358	1636	1934	2200	2470	6000	5000	1	1	1	1	1	1
1	68	1	5	1000	388020	388021.992	388	886.048	1	3	2	5	4	13254	0	16000	1040	298	0	1	3	2	5	4	1302	1518	1798	2054	2266	6000	5000	1	1	1	1	1	1
2	1	0	5	1000	8020	8021.868	9	15.972	3	2	4	5	1	32451	0	1000	1176	722	0	3	2	4	5	1	1726	2028	2328	2582	2808	6000	5000	1	1	1	1	1	1
2	2	1	5	1000	13020	13021.897	14	14.018	1	3	2	5	4	13254	0	1000	1164	390	0	1	3	2	5	4	1394	1648	1930	2220	2484	6000	5000	1	1	1	1	1	1
2	3	0	5	1000	18020	18021.892	19	13.894	3	2	4	5	1	32451	0	1000	1258	456	0	3	2	4	5	1	1460	1758	2062	2350	2638	6000	5000	1	1	1	1	1	1
2	4	1	5	1000	23020	23021.875	24	12.006	1	4	5	2	3	14523	0	1000	1074	698	0	1	4	5	2	3	1702	1984	2218	2486	2682	6000	5000	1	1	1	1	1	1
2	5	1	5	1000	28020	28021.916	29	10.029	1	3	2	5	4	13254	0	1000	1138	890	0	1	3	2	5	4	1894	2242	2492	2736	2934	6000	5000	1	1	1	1	1	1
2	6	1	5	1000	33020	33021.87	34	7.992	3	5	1	2	4	35124	0	1000	1278	456	0	3	5	1	2	4	1460	1746	2052	2332	2576	6000	5000	1	1	1	1	1	1
2	7	1	5	1000	38020	38021.892	39	6.008	1	3	2	5	4	13254	0	1000	992	454	0	1	3	2	5	4	1458	1634	1898	2140	2370	6000	5000	1	1	1	1	1	1
2	8	0	5	1000	43020	43021.866	44	4.004	1	4	5	2	3	14523	0	1000	1172	376	0	1	4	5	2	3	1380	1682	1998	2248	2440	6000	5000	1	1	1	1	1	1
2	9	0	5	1000	48020	48021.89	49	2.001	1	3	2	5	4	13254	0	1000	1054	414	0	1	3	2	5	4	1568	1812	2086	2314	2552	6000	5000	1	1	1	1	1	1
2	10	0	5	1000	53020	53021.878	54	2.015	3	5	1	2	4	35124	0	1000	992	352	0	3	5	1	2	4	1356	1610	1894	2080	2290	6000	5000	1	1	1	1	1	1
2	11	1	5	1000	58020	58021.873	59	0	3	5	1	2	4	35124	0	1000	1044	340	0	3	5	1	2	4	1344	1628	1902	2112	2312	6000	5000	1	1	1	1	1	1
2	12	1	5	1000	63020	63022.018	63	998.118	3	5	1	2	4	35124	0	1000	910	340	0	3	5	1	2	4	1344	1596	1856	2006	2182	6000	5000	1	1	1	1	1	1
2	13	0	5	1000	68020	68021.868	68	995.998	3	5	1	2	4	35124	0	1000	1004	354	0	3	5	1	2	4	1358	1654	1898	2102	2266	6000	5000	1	1	1	1	1	1
2	14	0	5	1000	73020	73021.87	73	994.01	3	5	1	2	4	35124	0	1000	1046	544	0	3	5	1	2	4	1548	1804	2028	2270	2518	6000	5000	1	1	1	1	1	1
2	15	0	5	1000	78020	78021.869	78	991.989	1	3	2	5	4	13254	0	1000	1400	450	0	1	3	2	5	4	1454	2132	2366	2620	2794	6000	5000	1	1	1	1	1	1
2	16	1	5	1000	83020	83021.879	83	992.022	3	2	4	5	1	32451	0	1000	1304	408	0	3	2	4	5	1	1412	1686	1916	2388	2602	6000	5000	1	1	1	1	1	1
2	17	0	5	1000	88020	88021.866	88	989.966	3	5	1	2	4	35124	0	16000	1106	562	0	3	5	1	2	4	1566	1822	2114	2312	2602	6000	5000	1	1	1	1	1	1
2	18	0	5	1000	108020	108021.899	108	982.017	3	5	1	2	4	35124	0	1000	1024	734	0	3	5	1	2	4	1738	2032	2298	2474	2690	6000	5000	1	1	1	1	1	1
2	19	1	5	1000	113020	113021.878	113	979.986	1	4	5	2	3	14523	0	1000	894	352	0	1	4	5	2	3	1356	1614	1844	2034	2170	6000	5000	1	1	1	1	1	1
2	20	1	5	1000	118020	118021.895	118	980.008	3	5	1	2	4	35124	0	1000	1392	418	0	3	5	1	2	4	1422	1662	2452	2600	2722	6000	5000	1	1	1	1	1	1
2	21	0	5	1000	123020	123021.93	123	978.028	1	4	5	2	3	14523	0	1000	948	324	0	1	4	5	2	3	1328	1554	1808	2036	2196	6000	5000	1	1	1	1	1	1
2	22	1	5	1000	128020	128021.885	128	975.997	1	3	2	5	4	13254	0	1000	908	334	0	1	3	2	5	4	1338	1524	1792	2012	2174	6000	5000	1	1	1	1	1	1
2	23	1	5	1000	133020	133021.879	133	974.001	3	2	4	5	1	32451	0	1000	826	318	0	3	2	4	5	1	1322	1534	1746	1916	2058	6000	5000	1	1	1	1	1	1
2	24	0	5	1000	138020	138021.877	138	971.978	1	4	5	2	3	14523	0	1000	0	0	0	0	0	0	0	0	0	0	0	0	0	6000	5000	0	1	1	1	1	1
2	25	0	5	1000	143020	143021.866	143	969.965	3	5	1	2	4	35124	0	1000	900	658	0	3	5	1	2	4	2746	3026	3240	3438	3586	6000	5000	1	1	1	1	1	1
2	26	0	5	1000	148020	148021.869	148	967.979	3	2	4	5	1	32451	0	1000	908	402	0	3	2	4	5	1	1406	1602	1830	2070	2224	6000	5000	1	1	1	1	1	1
2	27	1	5	1000	153020	153021.903	153	968.025	3	5	1	2	4	35124	0	1000	1040	396	0	3	5	1	2	4	1400	1826	2066	2238	2370	6000	5000	1	1	1	1	1	1
2	28	1	5	1000	158020	158021.873	158	966.005	1	4	5	2	3	14523	0	1000	932	340	0	1	4	5	2	3	2194	2400	2674	2902	3036	6000	5000	1	1	1	1	1	1
2	29	0	5	1000	163020	163021.889	163	963.997	3	2	4	5	1	32451	0	1000	0	458	0	3	2	0	0	0	3484	3786	0	0	0	6000	5000	0	1	1	1	1	1
2	30	0	5	1000	168020	168021.91	168	962.033	3	2	4	5	1	32451	0	1000	1038	314	0	3	2	4	5	1	1318	1624	1828	2074	2218	6000	5000	1	1	1	1	1	1
2	31	0	5	1000	173020	173021.878	173	959.969	3	5	1	2	4	35124	0	1000	1008	424	0	3	5	1	2	4	1428	1714	1964	2178	2350	6000	5000	1	1	1	1	1	1
2	32	1	5	1000	178020	178021.895	178	958.016	1	3	2	5	4	13254	0	1000	942	352	0	1	3	2	5	4	1356	1552	1832	2016	2214	6000	5000	1	1	1	1	1	1
2	33	0	5	1000	183020	183021.888	183	956.012	1	3	2	5	4	13254	0	1000	1188	382	0	1	3	2	5	4	1386	1792	2046	2254	2502	6000	5000	1	1	1	1	1	1
2	34	1	5	1000	188020	188021.892	188	954.014	3	5	1	2	4	35124	0	16000	1126	362	0	3	5	1	2	4	1366	1640	2058	2252	2422	6000	5000	1	1	1	1	1	1
2	35	1	5	1000	208020	208021.879	208	949.998	3	5	1	2	4	35124	0	1000	1074	428	0	3	5	1	2	4	1432	1732	2014	2218	2432	6000	5000	1	1	1	1	1	1
2	36	1	5	1000	213020	213021.877	213	945.999	3	2	4	5	1	32451	0	1000	1056	366	0	3	2	4	5	1	1370	1606	1872	2116	2340	6000	5000	1	1	1	1	1	1
2	37	1	5	1000	218020	218021.888	218	944.013	1	3	2	5	4	13254	0	1000	732	364	0	1	3	2	5	4	1368	1542	1720	1894	2002	6000	5000	1	1	1	1	1	1
2	38	1	5	1000	223020	223021.869	223	942.001	1	3	2	5	4	13254	0	1000	1126	384	0	1	3	2	5	4	2424	2668	2900	3238	3476	6000	5000	1	1	1	1	1	1
2	39	0	5	1000	228020	228021.894	228	942.023	3	5	1	2	4	35124	0	1000	0	376	0	3	5	0	0	0	3632	3958	0	0	0	6000	5000	0	1	1	1	1	1
2	40	0	5	1000	233020	233021.88	233	940.022	1	4	5	2	3	14523	0	1000	1148	374	0	1	4	5	2	3	1378	1690	1986	2308	2460	6000	5000	1	1	1	1	1	1
2	41	0	5	1000	238020	238021.868	238	937.986	1	4	5	2	3	14523	0	1000	1040	362	0	1	4	5	2	3	1366	1644	1904	2172	2324	6000	5000	1	1	1	1	1	1
2	42	1	5	1000	243020	243021.85	243	935.995	1	4	5	2	3	14523	0	1000	896	370	0	1	4	5	2	3	1374	1632	1838	2050	2196	6000	5000	1	1	1	1	1	1
2	43	1	5	1000	248020	248021.849	248	933.998	1	4	5	2	3	14523	0	1000	1216	306	0	1	4	5	2	3	1310	1888	2088	2292	2462	6000	5000	1	1	1	1	1	1
2	44	0	5	1000	253020	253021.851	253	931.986	1	3	2	5	4	13254	0	1000	1064	396	0	1	3	2	5	4	1400	1604	1882	2140	2408	6000	5000	1	1	1	1	1	1
2	45	0	5	1000	258020	258021.849	258	929.996	1	3	2	5	4	13254	0	1000	926	332	0	1	3	2	5	4	1336	1528	1806	2008	2190	6000	5000	1	1	1	1	1	1
2	46	1	5	1000	263020	263021.916	263	930.039	1	3	2	5	4	13254	0	1000	684	268	0	1	3	2	5	4	1272	1442	1612	1770	1882	6000	5000	1	1	1	1	1	1
2	47	1	5	1000	268020	268021.879	268	928.009	1	4	5	2	3	14523	0	1000	1354	230	0	1	4	5	2	3	1234	1506	1742	1958	2468	6000	5000	1	1	1	1	1	1
2	48	0	5	1000	273020	273021.865	273	925.996	1	4	5	2	3	14523	0	1000	1010	308	0	1	4	5	2	3	1312	1550	1800	2060	2240	6000	5000	1	1	1	1	1	1
2	49	0	5	1000	278020	278021.875	278	923.979	3	2	4	5	1	32451	0	1000	956	342	0	3	2	4	5	1	1346	1546	1802	2012	2202	6000	5000	1	1	1	1	1	1
2	50	0	5	1000	283020	283021.877	283	922.027	1	3	2	5	4	13254	0	1000	0	0	0	0	0	0	0	0	0	0	0	0	0	6000	5000	0	1	1	1	1	1
2	51	0	5	1000	288020	288021.865	288	919.99	3	2	4	5	1	32451	0	16000	0	0	0	0	0	0	0	0	0	0	0	0	0	6000	5000	0	1	1	1	1	1
2	52	0	5	1000	308020	308021.876	308	914.013	3	2	4	5	1	32451	0	1000	970	458	0	3	2	4	5	1	1462	1742	1984	2190	2350	6000	5000	1	1	1	1	1	1
2	53	0	5	1000	313020	313021.859	313	911.994	1	4	5	2	3	14523	0	1000	886	380	0	1	4	5	2	3	1384	1654	1862	2058	2194	6000	5000	1	1	1	1	1	1
2	54	1	5	1000	318020	318021.865	318	909.983	3	5	1	2	4	35124	0	1000	774	348	0	3	5	1	2	4	1352	1568	1788	1920	2034	6000	5000	1	1	1	1	1	1
2	55	0	5	1000	323020	323021.868	323	908.003	1	3	2	5	4	13254	0	1000	1000	390	0	1	3	2	5	4	1394	1656	1924	2130	2330	6000	5000	1	1	1	1	1	1
2	56	1	5	1000	328020	328021.878	328	906.014	1	4	5	2	3	14523	0	1000	862	352	0	1	4	5	2	3	1356	1578	1786	1994	2154	6000	5000	1	1	1	1	1	1
2	57	1	5	1000	333020	333021.847	333	905.98	3	2	4	5	1	32451	0	1000	1268	424	0	3	2	4	5	1	1428	1700	2248	2454	2594	6000	5000	1	1	1	1	1	1
2	58	0	5	1000	338020	338021.855	338	903.989	1	3	2	5	4	13254	0	1000	954	658	0	1	3	2	5	4	2016	2212	2462	2678	2912	6000	5000	1	1	1	1	1	1
2	59	0	5	1000	343020	343021.868	343	902.007	1	4	5	2	3	14523	0	1000	884	428	0	1	4	5	2	3	1432	1660	1884	2102	2248	6000	5000	1	1	1	1	1	1
2	60	1	5	1000	348020	348021.88	348	900.016	3	2	4	5	1	32451	0	1000	742	548	0	3	2	4	5	1	1552	1770	1942	2088	2192	6000	5000	1	1	1	1	1	1
2	61	1	5	1000	353020	353021.848	353	897.97	3	2	4	5	1	32451	0	1000	632	460	0	3	2	4	5	1	1464	1624	1768	1896	2000	6000	5000	1	1	1	1	1	1
2	62	0	5	1000	358020	358021.872	358	895.994	3	2	4	5	1	32451	0	1000	832	384	0	3	2	4	5	1	1388	1602	1808	1986	2126	6000	5000	1	1	1	1	1	1
2	63	1	5	1000	363020	363021.894	363	894.022	3	2	4	5	1	32451	0	1000	1160	314	0	3	2	4	5	1	1318	1922	2092	2256	2354	6000	5000	1	1	1	1	1	1
2	64	1	5	1000	368020	368021.852	368	893.947	1	4	5	2	3	14523	0	1000	818	342	0	1	4	5	2	3	1346	1568	1776	1944	2084	6000	5000	1	1	1	1	1	1
2	65	0	5	1000	373020	373021.867	373	891.985	3	5	1	2	4	35124	0	1000	1052	324	0	3	5	1	2	4	1328	1544	1870	2104	2294	6000	5000	1	1	1	1	1	1
2	66	1	5	1000	378020	378021.869	378	890.002	3	2	4	5	1	32451	0	1000	884	326	0	3	2	4	5	1	1330	1544	1820	1980	2112	6000	5000	1	1	1	1	1	1
2	67	1	5	1000	383020	383021.878	383	888.002	3	5	1	2	4	35124	0	1000	722	310	0	3	5	1	2	4	1314	1502	1704	1836	1946	6000	5000	1	1	1	1	1	1
2	68	0	5	1000	388020	388021.866	388	885.998	3	2	4	5	1	32451	0	16000	766	276	0	3	2	4	5	1	1280	1460	1660	1824	1930	6000	5000	1	1	1	1	1	1
3	1	0	5	1000	8020	8021.997	9	15.985	1	3	2	5	4	13254	0	1000	1144	464	0	1	3	2	5	4	1468	1788	2086	2330	2540	6000	5000	1	1	1	1	1	1
3	2	0	5	1000	13020	13020.073	14	12.058	3	2	4	5	1	32451	0	1000	1082	352	0	3	2	4	5	1	1356	1616	1906	2166	2354	6000	5000	1	1	1	1	1	1
3	3	0	5	1000	18020	18022	19	13.983	3	5	1	2	4	35124	0	1000	1086	330	0	3	5	1	2	4	1334	1636	1910	2132	2328	6000	5000	1	1	1	1	1	1
3	4	1	5	1000	23020	23022	24	12.002	1	3	2	5	4	13254	0	1000	834	328	0	1	3	2	5	4	1332	1542	1752	1930	2098	6000	5000	1	1	1	1	1	1
3	5	0	5	1000	28020	28022	29	10.003	1	3	2	5	4	13254	0	1000	902	1048	0	1	3	2	5	4	2052	2346	2574	2752	2856	6000	5000	1	1	1	1	1	1
3	6	1	5	1000	33020	33020.009	34	5.996	1	3	2	5	4	13254	0	1000	864	306	0	1	3	2	5	4	1310	1502	1722	1918	2102	6000	5000	1	1	1	1	1	1
3	7	0	5	1000	38020	38020.092	39	4.09	3	5	1	2	4	35124	0	1000	966	364	0	3	5	1	2	4	1368	1594	1902	2082	2242	6000	5000	1	1	1	1	1	1
3	8	1	5	1000	43020	43022.001	44	4.002	1	4	5	2	3	14523	0	1000	822	340	0	1	4	5	2	3	1344	1554	1790	1962	2078	6000	5000	1	1	1	1	1	1
3	9	0	5	1000	48020	48022.015	49	2.018	3	5	1	2	4	35124	0	1000	828	396	0	3	5	1	2	4	1400	1642	1864	2004	2142	6000	5000	1	1	1	1	1	1
3	10	0	5	1000	53020	53021.988	54	0	1	4	5	2	3	14523	0	1000	876	338	0	1	4	5	2	3	1342	1610	1822	2006	2128	6000	5000	1	1	1	1	1	1
3	11	0	5	1000	58020	58022.08	59	0	3	5	1	2	4	35124	0	1000	924	334	0	3	5	1	2	4	1338	1558	1820	2006	2194	6000	5000	1	1	1	1	1	1
3	12	1	5	1000	63020	63020.009	63	996	3	5	1	2	4	35124	0	1000	798	324	0	3	5	1	2	4	1328	1540	1756	1908	2034	6000	5000	1	1	1	1	1	1
3	13	1	5	1000	68020	68022.001	68	996.016	1	4	5	2	3	14523	0	1000	818	294	0	1	4	5	2	3	1298	1490	1720	1906	2026	6000	5000	1	1	1	1	1	1
3	14	1	5	1000	73020	73021.988	73	993.978	3	2	4	5	1	32451	0	1000	724	348	0	3	2	4	5	1	1352	1540	1726	1872	1978	6000	5000	1	1	1	1	1	1
3	15	1	5	1000	78020	78020.024	78	990.024	1	4	5	2	3	14523	0	1000	736	334	0	1	4	5	2	3	1338	1520	1736	1872	2016	6000	5000	1	1	1	1	1	1
3	16	1	5	1000	83020	83020.013	83	989.92	1	4	5	2	3	14523	0	1000	786	304	0	1	4	5	2	3	1308	1530	1754	1896	2008	6000	5000	1	1	1	1	1	1
3	17	0	5	1000	88020	88020.012	88	988.011	1	3	2	5	4	13254	0	16000	1070	324	0	1	3	2	5	4	1328	1562	1758	2160	2342	6000	5000	1	1	1	1	1	1
3	18	0	5	1000	108020	108020.119	108	980.118	1	3	2	5	4	13254	0	1000	862	374	0	1	3	2	5	4	1378	1598	1844	2030	2160	6000	5000	1	1	1	1	1	1
3	19	0	5	1000	113020	113020.012	113	977.983	3	5	1	2	4	35124	0	1000	876	364	0	3	5	1	2	4	1368	1594	1840	2014	2154	6000	5000	1	1	1	1	1	1
3	20	0	5	1000	118020	118021.987	118	977.975	3	5	1	2	4	35124	0	1000	842	306	0	3	5	1	2	4	1310	1510	1766	1936	2072	6000	5000	1	1	1	1	1	1
3	21	0	5	1000	123020	123020.052	123	976.043	1	3	2	5	4	13254	0	1000	1196	316	0	1	3	2	5	4	1320	1504	2098	2306	2462	6000	5000	1	1	1	1	1	1
3	22	0	5	1000	128020	128020.018	128	974.015	1	4	5	2	3	14523	0	1000	828	392	0	1	4	5	2	3	1396	1632	1836	2044	2158	6000	5000	1	1	1	1	1	1
3	23	0	5	1000	133020	133021.989	133	973.999	1	3	2	5	4	13254	0	1000	802	918	0	1	3	2	5	4	1922	2112	2308	2514	2650	6000	5000	1	1	1	1	1	1
3	24	0	5	1000	138020	138021.999	138	971.971	1	3	2	5	4	13254	0	1000	674	1046	0	1	3	2	5	4	2050	2216	2382	2528	2632	6000	5000	1	1	1	1	1	1
3	25	1	5	1000	143020	143020.014	143	967.99	1	4	5	2	3	14523	0	1000	810	348	0	1	4	5	2	3	1352	1580	1786	1932	2036	6000	5000	1	1	1	1	1	1
3	26	1	5	1000	148020	148020.012	148	965.967	1	3	2	5	4	13254	0	1000	784	356	0	1	3	2	5	4	1360	1536	1744	1904	2032	6000	5000	1	1	1	1	1	1
3	27	0	5	1000	153020	153022.011	153	966.012	3	2	4	5	1	32451	0	1000	1170	400	0	3	2	4	5	1	1404	1612	2052	2324	2440	6000	5000	1	1	1	1	1	1
3	28	1	5	1000	158020	158020.021	158	964.021	1	4	5	2	3	14523	0	1000	770	364	0	1	4	5	2	3	1368	1572	1772	1894	2026	6000	5000	1	1	1	1	1	1
3	29	1	5	1000	163020	163020.011	163	961.98	3	5	1	2	4	35124	0	1000	706	384	0	3	5	1	2	4	1388	1566	1798	1906	2006	6000	5000	1	1	1	1	1	1
3	30	0	5	1000	168020	168020.07	168	960.062	3	2	4	5	1	32451	0	1000	874	350	0	3	2	4	5	1	1354	1592	1798	1984	2112	6000	5000	1	1	1	1	1	1
3	31	0	5	1000	173020	173020.015	173	958.015	3	2	4	5	1	32451	0	1000	826	346	0	3	2	4	5	1	1350	1556	1770	1948	2086	6000	5000	1	1	1	1	1	1
3	32	1	5	1000	178020	178020.021	178	956.021	1	3	2	5	4	13254	0	1000	750	300	0	1	3	2	5	4	1304	1504	1688	1842	1946	6000	5000	1	1	1	1	1	1
3	33	0	5	1000	183020	183020.011	183	953.999	1	4	5	2	3	14523	0	1000	768	318	0	1	4	5	2	3	1322	1526	1730	1868	1958	6000	5000	1	1	1	1	1	1
3	34	1	5	1000	188020	188020.008	188	952.009	3	5	1	2	4	35124	0	16000	710	364	0	3	5	1	2	4	1368	1554	1760	1858	1976	6000	5000	1	1	1	1	1	1
3	35	1	5	1000	208020	208020.054	208	946.052	3	5	1	2	4	35124	0	1000	748	378	0	3	5	1	2	4	1382	1590	1790	1902	2014	6000	5000	1	1	1	1	1	1
3	36	1	5	1000	213020	213020.002	213	943.992	3	5	1	2	4	35124	0	1000	882	316	0	3	5	1	2	4	1320	1544	1782	1968	2102	6000	5000	1	1	1	1	1	1
3	37	1	5	1000	218020	218020.024	218	941.988	1	3	2	5	4	13254	0	1000	858	314	0	1	3	2	5	4	1318	1526	1746	1940	2110	6000	5000	1	1	1	1	1	1
3	38	1	5	1000	223020	223021.998	223	941.976	1	4	5	2	3	14523	0	1000	920	306	0	1	4	5	2	3	1310	1566	1804	1990	2136	6000	5000	1	1	1	1	1	1
3	39	0	5	1000	228020	228020.011	228	939.985	3	2	4	5	1	32451	0	1000	928	432	0	3	2	4	5	1	1436	1686	1908	2118	2234	6000	5000	1	1	1	1	1	1
3	40	0	5	1000	233020	233020.002	233	938.013	1	3	2	5	4	13254	0	1000	950	368	0	1	3	2	5	4	1372	1578	1856	2078	2252	6000	5000	1	1	1	1	1	1
3	41	1	5	1000	238020	238022.011	238	938.01	3	2	4	5	1	32451	0	1000	770	294	0	3	2	4	5	1	1298	1528	1700	1836	1952	6000	5000	1	1	1	1	1	1
3	42	0	5	1000	243020	243022.042	243	936.031	1	3	2	5	4	13254	0	1000	892	384	0	1	3	2	5	4	1840	2028	2284	2498	2676	6000	5000	1	1	1	1	1	1
3	43	1	5	1000	248020	248020	248	931.96	3	5	1	2	4	35124	0	1000	730	362	0	3	5	1	2	4	1366	1572	1800	1898	2016	6000	5000	1	1	1	1	1	1
3	44	0	5	1000	253020	253022	253	932.002	1	4	5	2	3	14523	0	1000	956	404	0	1	4	5	2	3	1408	1706	1966	2140	2236	6000	5000	1	1	1	1	1	1
3	45	1	5	1000	258020	258020.01	258	927.988	1	3	2	5	4	13254	0	1000	600	230	0	1	3	2	5	4	1234	1382	1502	1626	1718	6000	5000	1	1	1	1	1	1
3	46	1	5	1000	263020	263022.002	263	930.004	3	5	1	2	4	35124	0	1000	728	302	0	3	5	1	2	4	1306	1502	1724	1828	1924	6000	5000	1	1	1	1	1	1
3	47	0	5	1000	268020	268020.118	268	926.106	3	5	1	2	4	35124	0	1000	954	278	0	3	5	1	2	4	1282	1506	1768	1930	2176	6000	5000	1	1	1	1	1	1
3	48	0	5	1000	273020	273020.001	273	924.004	3	2	4	5	1	32451	0	1000	842	360	0	3	2	4	5	1	1364	1570	1758	1942	2102	6000	5000	1	1	1	1	1	1
3	49	0	5	1000	278020	278021.994	278	924.005	1	4	5	2	3	14523	0	1000	996	338	0	1	4	5	2	3	1342	1566	1820	2078	2252	6000	5000	1	1	1	1	1	1
3	50	0	5	1000	283020	283021.984	283	921.997	3	2	4	5	1	32451	0	1000	1052	300	0	3	2	4	5	1	1524	1776	2016	2254	2512	6000	5000	1	1	1	1	1	1
3	51	1	5	1000	288020	288020	288	918.012	3	2	4	5	1	32451	0	16000	1040	326	0	3	2	4	5	1	1330	1574	1830	2046	2278	6000	5000	1	1	1	1	1	1
3	52	1	5	1000	308020	308021.983	308	914.01	3	2	4	5	1	32451	0	1000	890	400	0	3	2	4	5	1	1404	1664	1880	2056	2198	6000	5000	1	1	1	1	1	1
3	53	1	5	1000	313020	313021.984	313	912.007	3	5	1	2	4	35124	0	1000	852	318	0	3	5	1	2	4	1322	1556	1804	1956	2078	6000	5000	1	1	1	1	1	1
3	54	1	5	1000	318020	318021.989	318	910	3	2	4	5	1	32451	0	1000	764	428	0	3	2	4	5	1	1432	1664	1834	1984	2098	6000	5000	1	1	1	1	1	1
3	55	1	5	1000	323020	323021.99	323	907.993	3	2	4	5	1	32451	0	1000	1498	286	1	3	4	4	5	1	1290	1688	2348	2508	2674	6000	5000	0	1	1	1	1	1
3	56	0	5	1000	328020	328021.998	328	906.008	1	4	5	2	3	14523	0	1000	882	384	0	1	4	5	2	3	1388	1618	1838	2054	2182	6000	5000	1	1	1	1	1	1
3	57	1	5	1000	333020	333021.969	333	903.979	1	4	5	2	3	14523	0	1000	886	356	0	1	4	5	2	3	1360	1582	1792	2010	2160	6000	5000	1	1	1	1	1	1
3	58	0	5	1000	338020	338021.989	338	903.999	1	4	5	2	3	14523	0	1000	1028	358	0	1	4	5	2	3	1362	1622	1868	2112	2260	6000	5000	1	1	1	1	1	1
3	59	0	5	1000	343020	343021.988	343	901.998	1	4	5	2	3	14523	0	1000	968	292	0	1	4	5	2	3	1296	1550	1760	2022	2186	6000	5000	1	1	1	1	1	1
3	60	1	5	1000	348020	348021.989	348	899.99	3	2	4	5	1	32451	0	1000	820	378	0	3	2	4	5	1	1382	1628	1826	1986	2116	6000	5000	1	1	1	1	1	1
3	61	0	5	1000	353020	353022	353	898.014	3	5	1	2	4	35124	0	1000	740	380	0	3	5	1	2	4	1384	1606	1798	1912	2012	6000	5000	1	1	1	1	1	1
3	62	1	5	1000	358020	358020.013	358	894.014	3	2	4	5	1	32451	0	1000	1048	342	0	3	2	4	5	1	1346	1586	1844	2076	2278	6000	5000	1	1	1	1	1	1
3	63	1	5	1000	363020	363021.988	363	893.99	1	3	2	5	4	13254	0	1000	900	334	0	1	3	2	5	4	1338	1546	1798	1992	2164	6000	5000	1	1	1	1	1	1
3	64	1	5	1000	368020	368021.987	368	891.995	1	3	2	5	4	13254	0	1000	908	338	0	1	3	2	5	4	1342	1552	1782	1994	2172	6000	5000	1	1	1	1	1	1
3	65	1	5	1000	373020	373022.01	373	892.005	3	2	4	5	1	32451	0	1000	852	358	0	3	2	4	5	1	1362	1588	1810	1978	2120	6000	5000	1	1	1	1	1	1
3	66	0	5	1000	378020	378022.052	378	890.065	3	2	4	5	1	32451	0	1000	1406	416	0	3	2	4	5	1	1420	1650	2310	2520	2726	6000	5000	1	1	1	1	1	1
3	67	1	5	1000	383020	383022	383	888.013	3	5	1	2	4	35124	0	1000	890	388	0	3	5	1	2	4	1392	1616	1846	2026	2208	6000	5000	1	1	1	1	1	1
3	68	0	5	1000	388020	388021.989	388	885.993	1	3	2	5	4	13254	0	16000	966	412	0	1	3	2	5	4	1416	1630	1886	2104	2300	6000	5000	1	1	1	1	1	1
4	1	1	5	1000	8020	8020.02	9	16.018	3	5	1	2	4	35124	0	1000	0	0	0	0	0	0	0	0	0	0	0	0	0	6000	5000	0	1	1	1	1	1
4	2	1	5	1000	13020	13021.991	14	15.99	3	2	4	5	1	32451	0	1000	0	450	0	3	2	0	0	0	3628	3958	0	0	0	6000	5000	0	1	1	1	1	1
4	3	1	5	1000	18020	18022.002	19	14.002	3	2	4	5	1	32451	0	1000	898	370	0	3	2	4	5	1	1374	1632	1858	2036	2154	6000	5000	1	1	1	1	1	1
4	4	1	5	1000	23020	23021.99	24	13.99	3	5	1	2	4	35124	0	1000	928	326	0	3	5	1	2	4	1330	1538	1818	2022	2170	6000	5000	1	1	1	1	1	1
4	5	1	5	1000	28020	28020.034	29	10.013	1	3	2	5	4	13254	0	1000	774	372	0	1	3	2	5	4	1376	1572	1786	1936	2032	6000	5000	1	1	1	1	1	1
4	6	1	5	1000	33020	33020.013	34	8.023	3	5	1	2	4	35124	0	1000	1006	320	0	3	5	1	2	4	1324	1522	1818	2052	2236	6000	5000	1	1	1	1	1	1
4	7	0	5	1000	38020	38020.011	39	5.991	1	4	5	2	3	14523	0	1000	952	376	0	1	4	5	2	3	1380	1568	1856	2112	2254	6000	5000	1	1	1	1	1	1
4	8	0	5	1000	43020	43020.012	44	3.979	3	5	1	2	4	35124	0	1000	874	316	0	3	5	1	2	4	1320	1510	1792	1924	2072	6000	5000	1	1	1	1	1	1
4	9	1	5	1000	48020	48020.002	49	1.985	1	4	5	2	3	14523	0	1000	824	328	0	1	4	5	2	3	1332	1552	1784	1928	2040	6000	5000	1	1	1	1	1	1
4	10	0	5	1000	53020	53020.013	54	0	3	5	1	2	4	35124	0	1000	984	382	0	3	5	1	2	4	1386	1660	1936	2094	2258	6000	5000	1	1	1	1	1	1
4	11	1	5	1000	58020	58020.015	58	999.993	3	2	4	5	1	32451	0	1000	776	284	0	3	2	4	5	1	1288	1484	1700	1820	1944	6000	5000	1	1	1	1	1	1
4	12	1	5	1000	63020	63020.008	63	997.986	1	4	5	2	3	14523	0	1000	772	356	0	1	4	5	2	3	1360	1534	1740	1920	2034	6000	5000	1	1	1	1	1	1
4	13	1	5	1000	68020	68020.001	68	995.987	3	2	4	5	1	32451	0	1000	774	406	0	3	2	4	5	1	1410	1628	1798	1932	2068	6000	5000	1	1	1	1	1	1
4	14	0	5	1000	73020	73020.005	73	993.991	3	5	1	2	4	35124	0	1000	1172	396	0	3	5	1	2	4	1400	1624	1934	2192	2486	6000	5000	1	1	1	1	1	1
4	15	0	5	1000	78020	78020.011	78	992.003	1	4	5	2	3	14523	0	1000	990	352	0	1	4	5	2	3	1356	1660	1886	2122	2264	6000	5000	1	1	1	1	1	1
4	16	0	5	1000	83020	83020.123	83	990.12	3	2	4	5	1	32451	0	1000	966	292	0	3	2	4	5	1	1296	1528	1768	1974	2128	6000	5000	1	1	1	1	1	1
4	17	0	5	1000	88020	88020.001	88	989.999	3	5	1	2	4	35124	0	16000	1102	384	0	3	5	1	2	4	1388	1668	1966	2186	2412	6000	5000	1	1	1	1	1	1
4	18	0	5	1000	108020	108020	108	982.003	3	5	1	2	4	35124	0	1000	860	452	0	3	5	1	2	4	1524	1744	1990	2152	2296	6000	5000	1	1	1	1	1	1
4	19	0	5	1000	113020	113020.031	113	980.036	3	2	4	5	1	32451	0	1000	820	356	0	3	2	4	5	1	1360	1588	1780	1950	2096	6000	5000	1	1	1	1	1	1
4	20	1	5	1000	118020	118020.002	118	977.884	1	4	5	2	3	14523	0	1000	1210	314	0	1	4	5	2	3	1318	1556	1772	1946	2464	6000	5000	1	1	1	1	1	1
4	21	0	5	1000	123020	123020	123	977.975	3	2	4	5	1	32451	0	1000	888	374	0	3	2	4	5	1	1378	1592	1864	2032	2158	6000	5000	1	1	1	1	1	1
4	22	0	5	1000	128020	128022.012	128	978.01	1	4	5	2	3	14523	0	1000	896	346	0	1	4	5	2	3	1350	1588	1814	2020	2160	6000	5000	1	1	1	1	1	1
4	23	0	5	1000	133020	133020	133	973.991	1	3	2	5	4	13254	0	1000	902	332	0	1	3	2	5	4	1336	1532	1796	1982	2158	6000	5000	1	1	1	1	1	1
4	24	0	5	1000	138020	138020.003	138	971.989	1	3	2	5	4	13254	0	1000	1184	370	0	1	3	2	5	4	1374	1644	1896	2270	2492	6000	5000	1	1	1	1	1	1
4	25	1	5	1000	143020	143021.99	143	971.954	3	5	1	2	4	35124	0	1000	1260	290	0	3	5	1	2	4	1294	1480	2140	2324	2476	6000	5000	1	1	1	1	1	1
4	26	0	5	1000	148020	148020.001	148	967.998	3	2	4	5	1	32451	0	1000	878	386	0	3	2	4	5	1	1390	1626	1848	2016	2144	6000	5000	1	1	1	1	1	1
4	27	1	5	1000	153020	153020.023	153	966.015	3	2	4	5	1	32451	0	1000	796	374	0	3	2	4	5	1	1378	1600	1802	1946	2062	6000	5000	1	1	1	1	1	1
4	28	0	5	1000	158020	158020.001	158	963.998	1	4	5	2	3	14523	0	1000	860	326	0	1	4	5	2	3	1330	1530	1780	1964	2084	6000	5000	1	1	1	1	1	1
4	29	1	5	1000	163020	163021.99	163	965.99	3	2	4	5	1	32451	0	1000	752	322	0	3	2	4	5	1	1326	1510	1638	1850	1968	6000	5000	1	1	1	1	1	1
4	30	0	5	1000	168020	168020.002	168	961.989	3	2	4	5	1	32451	0	1000	800	408	0	3	2	4	5	1	2366	2580	2766	2926	3072	6000	5000	1	1	1	1	1	1
4	31	1	5	1000	173020	173020.056	173	960.052	3	5	1	2	4	35124	0	1000	846	402	0	3	5	1	2	4	1406	1614	1870	2032	2166	6000	5000	1	1	1	1	1	1
4	32	0	5	1000	178020	178022.002	178	959.992	3	5	1	2	4	35124	0	1000	878	370	0	3	5	1	2	4	1374	1566	1782	2018	2188	6000	5000	1	1	1	1	1	1
4	33	1	5	1000	183020	183021.991	183	959.961	1	3	2	5	4	13254	0	1000	718	310	0	1	3	2	5	4	1314	1486	1660	1826	1946	6000	5000	1	1	1	1	1	1
4	34	1	5	1000	188020	188020	188	953.897	1	4	5	2	3	14523	0	16000	756	326	0	1	4	5	2	3	1330	1514	1724	1868	1996	6000	5000	1	1	1	1	1	1
4	35	1	5	1000	208020	208022.003	208	949.985	1	4	5	2	3	14523	0	1000	828	406	0	1	4	5	2	3	1410	1614	1834	2026	2142	6000	5000	1	1	1	1	1	1
4	36	0	5	1000	213020	213020.109	213	946.109	1	3	2	5	4	13254	0	1000	920	350	0	1	3	2	5	4	1354	1536	1822	2034	2154	6000	5000	1	1	1	1	1	1
4	37	0	5	1000	218020	218020.002	218	944.004	1	4	5	2	3	14523	0	1000	822	324	0	1	4	5	2	3	1328	1552	1750	1938	2076	6000	5000	1	1	1	1	1	1
4	38	1	5	1000	223020	223020.012	223	941.999	1	3	2	5	4	13254	0	1000	810	218	0	1	3	2	5	4	1222	1434	1630	1812	1958	6000	5000	1	1	1	1	1	1
4	39	1	5	1000	228020	228020.001	228	939.998	3	2	4	5	1	32451	0	1000	742	336	0	3	2	4	5	1	1340	1550	1730	1864	1978	6000	5000	1	1	1	1	1	1
4	40	0	5	1000	233020	233020.01	233	939.987	1	3	2	5	4	13254	0	1000	958	310	0	1	3	2	5	4	1314	1476	1664	2036	2206	6000	5000	1	1	1	1	1	1
4	41	0	5	1000	238020	238020.008	238	937.994	3	2	4	5	1	32451	0	1000	992	618	0	3	2	4	5	1	1622	1872	2130	2356	2542	6000	5000	1	1	1	1	1	1
4	42	0	5	1000	243020	243020.002	243	936.007	3	2	4	5	1	32451	0	1000	796	328	0	3	2	4	5	1	1332	1538	1714	1888	2012	6000	5000	1	1	1	1	1	1
4	43	1	5	1000	248020	248020.016	248	934.015	1	3	2	5	4	13254	0	1000	864	380	0	1	3	2	5	4	1384	1546	1792	2012	2186	6000	5000	1	1	1	1	1	1
4	44	0	5	1000	253020	253021.999	253	933.996	3	2	4	5	1	32451	0	1000	1568	398	0	3	2	4	5	1	1402	1780	2370	2670	2864	6000	5000	1	1	1	1	1	1
4	45	0	5	1000	258020	258020.001	258	929.998	1	3	2	5	4	13254	0	1000	950	342	0	1	3	2	5	4	1346	1532	1812	2034	2242	6000	5000	1	1	1	1	1	1
4	46	1	5	1000	263020	263021.99	263	929.907	1	4	5	2	3	14523	0	1000	892	394	0	1	4	5	2	3	1398	1588	1844	2070	2220	6000	5000	1	1	1	1	1	1
4	47	1	5	1000	268020	268020.013	268	927.99	1	4	5	2	3	14523	0	1000	864	344	0	1	4	5	2	3	1348	1558	1798	2006	2136	6000	5000	1	1	1	1	1	1
4	48	0	5	1000	273020	273021.995	273	927.999	1	4	5	2	3	14523	0	1000	1072	346	0	1	4	5	2	3	1350	1576	1796	2078	2352	6000	5000	1	1	1	1	1	1
4	49	0	5	1000	278020	278021.994	278	926.007	1	4	5	2	3	14523	0	1000	946	368	0	1	4	5	2	3	1372	1592	1806	2066	2246	6000	5000	1	1	1	1	1	1
4	50	1	5	1000	283020	283021.992	283	923.999	3	5	1	2	4	35124	0	1000	1574	244	1	3	5	2	2	4	1248	1436	1874	2540	2732	6000	5000	0	1	1	1	1	1
4	51	1	5	1000	288020	288021.99	288	921.993	3	5	1	2	4	35124	0	16000	1084	326	0	3	5	1	2	4	1330	1536	1898	2112	2322	6000	5000	1	1	1	1	1	1
4	52	1	5	1000	308020	308021.976	308	916.002	3	5	1	2	4	35124	0	1000	1468	354	0	3	5	1	2	4	1358	1712	1994	2350	2700	6000	5000	1	1	1	1	1	1
4	53	1	5	1000	313020	313021.978	313	913.998	1	4	5	2	3	14523	0	1000	1438	344	0	1	4	5	2	3	1348	1708	2038	2336	2622	6000	5000	1	1	1	1	1	1
4	54	1	5	1000	318020	318020.008	318	910.03	3	5	1	2	4	35124	0	1000	1578	334	0	3	5	1	2	4	1338	1684	2026	2398	2732	6000	5000	1	1	1	1	1	1
4	55	0	5	1000	323020	323020.001	323	908.013	1	3	2	5	4	13254	0	1000	1392	270	0	1	3	2	5	4	1274	1626	1942	2246	2530	6000	5000	1	1	1	1	1	1
4	56	1	5	1000	328020	328021.988	328	908.013	1	3	2	5	4	13254	0	1000	1456	518	0	1	3	2	5	4	1522	1822	2184	2528	2822	6000	5000	1	1	1	1	1	1
4	57	1	5	1000	333020	333021.984	333	905.99	1	3	2	5	4	13254	0	1000	1580	378	0	1	3	2	5	4	1382	1742	2102	2484	2798	6000	5000	1	1	1	1	1	1
4	58	0	5	1000	338020	338021.988	338	905.995	1	4	5	2	3	14523	0	1000	1396	358	0	1	4	5	2	3	1362	1658	1954	2280	2598	6000	5000	1	1	1	1	1	1
4	59	1	5	1000	343020	343021.972	343	903.991	1	4	5	2	3	14523	0	1000	1526	352	0	1	4	5	2	3	1356	1628	1998	2402	2708	6000	5000	1	1	1	1	1	1
4	60	1	5	1000	348020	348021.974	348	901.982	1	3	2	5	4	13254	0	1000	1364	300	0	1	3	2	5	4	1304	1588	1922	2256	2482	6000	5000	1	1	1	1	1	1
4	61	0	5	1000	353020	353021.974	353	899.985	3	5	1	2	4	35124	0	1000	1464	328	0	3	5	1	2	4	1358	1668	1972	2298	2606	6000	5000	1	1	1	1	1	1
4	62	0	5	1000	358020	358021.987	358	898.013	3	5	1	2	4	35124	0	1000	1532	348	0	3	5	1	2	4	1352	1686	2030	2384	2664	6000	5000	1	1	1	1	1	1
4	63	0	5	1000	363020	363021.989	363	895.988	1	3	2	5	4	13254	0	1000	1334	664	0	1	3	2	5	4	1668	1952	2274	2604	2924	6000	5000	1	1	1	1	1	1
4	64	1	5	1000	368020	368020.005	368	892.029	3	2	4	5	1	32451	0	1000	1312	362	0	3	2	4	5	1	1366	1684	1966	2254	2586	6000	5000	1	1	1	1	1	1
4	65	1	5	1000	373020	373020.019	373	892.03	1	3	2	5	4	13254	0	1000	1142	340	0	1	3	2	5	4	1344	1600	1870	2142	2406	6000	5000	1	1	1	1	1	1
4	66	0	5	1000	378020	378022.001	378	892.006	1	3	2	5	4	13254	0	1000	1010	392	0	1	3	2	5	4	1396	1636	1892	2114	2316	6000	5000	1	1	1	1	1	1
4	67	0	5	1000	383020	383021.991	383	890.001	3	5	1	2	4	35124	0	1000	1122	326	0	3	5	1	2	4	1330	1578	1836	2114	2350	6000	5000	1	1	1	1	1	1
4	68	1	5	1000	388020	388020.009	388	886.007	3	5	1	2	4	35124	0	16000	844	238	0	3	5	1	2	4	1242	1470	1680	1846	2010	6000	5000	1	1	1	1	1	1
5	1	1	5	1000	8020	8020.019	9	15.999	1	4	5	2	3	14523	0	1000	1024	480	0	1	4	5	2	3	1484	1804	2044	2278	2408	6000	5000	1	1	1	1	1	1
5	2	1	5	1000	13020	13020.001	14	14.024	3	2	4	5	1	32451	0	1000	1036	300	0	3	2	4	5	1	1304	1604	1862	2074	2228	6000	5000	1	1	1	1	1	1
5	3	1	5	1000	18020	18020.001	19	12.003	3	5	1	2	4	35124	0	1000	1024	386	0	3	5	1	2	4	1390	1642	1918	2128	2326	6000	5000	1	1	1	1	1	1
5	4	0	5	1000	23020	23020.001	24	9.998	1	3	2	5	4	13254	0	1000	1116	352	0	1	3	2	5	4	1356	1580	1910	2174	2404	6000	5000	1	1	1	1	1	1
5	5	0	5	1000	28020	28020.064	29	8.066	1	4	5	2	3	14523	0	1000	1144	330	0	1	4	5	2	3	1334	1598	1854	2140	2398	6000	5000	1	1	1	1	1	1
5	6	0	5	1000	33020	33020.015	34	6.005	3	2	4	5	1	32451	0	1000	1044	308	0	3	2	4	5	1	1312	1564	1794	2022	2238	6000	5000	1	1	1	1	1	1
5	7	0	5	1000	38020	38020.013	39	5.99	3	5	1	2	4	35124	0	1000	1066	344	0	3	5	1	2	4	1348	1622	1886	2098	2324	6000	5000	1	1	1	1	1	1
5	8	0	5	1000	43020	43020.022	44	4.012	3	5	1	2	4	35124	0	1000	1006	354	0	3	5	1	2	4	1358	1598	1850	2052	2262	6000	5000	1	1	1	1	1	1
5	9	1	5	1000	48020	48020.013	49	2.002	1	3	2	5	4	13254	0	1000	982	360	0	1	3	2	5	4	1364	1586	1832	2052	2246	6000	5000	1	1	1	1	1	1
5	10	1	5	1000	53020	53022.001	54	2.002	1	3	2	5	4	13254	0	1000	948	440	0	1	3	2	5	4	1444	1682	1918	2118	2318	6000	5000	1	1	1	1	1	1
5	11	0	5	1000	58020	58020.024	58	998.025	1	3	2	5	4	13254	0	1000	910	350	0	1	3	2	5	4	1354	1556	1786	1980	2186	6000	5000	1	1	1	1	1	1
5	12	0	5	1000	63020	63020.021	63	998.032	1	3	2	5	4	13254	0	1000	1084	352	0	1	3	2	5	4	1356	1586	1878	2116	2362	6000	5000	1	1	1	1	1	1
5	13	1	5	1000	68020	68020.026	68	996.028	1	4	5	2	3	14523	0	1000	1192	400	0	1	4	5	2	3	1404	1854	2132	2370	2530	6000	5000	1	1	1	1	1	1
5	14	1	5	1000	73020	73020.113	73	994.103	1	3	2	5	4	13254	0	1000	1128	332	0	1	3	2	5	4	1336	1638	1894	2160	2364	6000	5000	1	1	1	1	1	1
5	15	1	5	1000	78020	78022.007	78	993.993	3	2	4	5	1	32451	0	1000	988	448	0	3	2	4	5	1	1452	1726	1976	2176	2350	6000	5000	1	1	1	1	1	1
5	16	0	5	1000	83020	83020.011	83	990.011	3	5	1	2	4	35124	0	1000	0	358	0	3	5	1	2	0	1760	2572	3116	3936	0	6000	5000	0	1	1	1	1	1
5	17	0	5	1000	88020	88020.003	88	987.975	3	2	4	5	1	32451	0	16000	0	0	0	0	0	0	0	0	0	0	0	0	0	6000	5000	0	1	1	1	1	1
5	18	0	5	1000	108020	108021.991	108	983.91	3	2	4	5	1	32451	0	1000	0	388	0	3	2	4	5	0	3158	3438	3668	3926	0	6000	5000	0	1	1	1	1	1
5	19	0	5	1000	113020	113020.01	113	980.018	3	2	4	5	1	32451	0	1000	1190	262	0	3	2	4	5	1	1266	1648	1888	2124	2274	6000	5000	1	1	1	1	1	1
5	20	1	5	1000	118020	118020.012	118	978.01	1	3	2	5	4	13254	0	1000	0	514	0	1	0	0	0	0	3724	0	0	0	0	6000	5000	0	1	1	1	1	1
5	21	0	5	1000	123020	123020.01	123	976.022	3	2	4	5	1	32451	0	1000	1022	348	0	3	2	4	5	1	1352	1608	1856	2092	2278	6000	5000	1	1	1	1	1	1
5	22	1	5	1000	128020	128020.011	128	974.003	3	2	4	5	1	32451	0	1000	960	366	0	3	2	4	5	1	1370	1636	1868	2078	2258	6000	5000	1	1	1	1	1	1
5	23	1	5	1000	133020	133020.013	133	972.013	3	2	4	5	1	32451	0	1000	932	362	0	3	2	4	5	1	1366	1608	1836	2038	2186	6000	5000	1	1	1	1	1	1
5	24	0	5	1000	138020	138022.002	138	974.004	1	4	5	2	3	14523	0	1000	936	416	0	1	4	5	2	3	1420	1650	1878	2114	2240	6000	5000	1	1	1	1	1	1
5	25	1	5	1000	143020	143020.093	143	970.052	1	3	2	5	4	13254	0	1000	934	356	0	1	3	2	5	4	1360	1594	1818	2026	2214	6000	5000	1	1	1	1	1	1
5	26	0	5	1000	148020	148020	148	967.989	1	4	5	2	3	14523	0	1000	960	346	0	1	4	5	2	3	1350	1578	1838	2054	2212	6000	5000	1	1	1	1	1	1
5	27	1	5	1000	153020	153020.013	153	966	1	4	5	2	3	14523	0	1000	864	334	0	1	4	5	2	3	1338	1552	1776	1972	2112	6000	5000	1	1	1	1	1	1
5	28	1	5	1000	158020	158020.005	158	964.001	1	4	5	2	3	14523	0	1000	878	400	0	1	4	5	2	3	1404	1608	1882	2050	2168	6000	5000	1	1	1	1	1	1
5	29	0	5	1000	163020	163020.001	163	962.027	1	3	2	5	4	13254	0	1000	1214	322	0	1	3	2	5	4	1326	1616	1908	2274	2464	6000	5000	1	1	1	1	1	1
5	30	0	5	1000	168020	168020.001	168	960.003	3	2	4	5	1	32451	0	1000	1016	364	0	3	2	4	5	1	1368	1644	1876	2088	2280	6000	5000	1	1	1	1	1	1
5	31	0	5	1000	173020	173020.001	173	959.999	1	4	5	2	3	14523	0	1000	938	326	0	1	4	5	2	3	1330	1534	1812	2028	2138	6000	5000	1	1	1	1	1	1
5	32	0	5	1000	178020	178020.019	178	958.007	1	3	2	5	4	13254	0	1000	894	388	0	1	3	2	5	4	1392	1602	1836	2036	2222	6000	5000	1	1	1	1	1	1
5	33	1	5	1000	183020	183020.012	183	956.026	3	2	4	5	1	32451	0	1000	808	346	0	3	2	4	5	1	1350	1584	1750	1882	1998	6000	5000	1	1	1	1	1	1
5	34	0	5	1000	188020	188021.99	188	955.992	3	2	4	5	1	32451	0	16000	1064	350	0	3	2	4	5	1	1354	1652	1910	2114	2280	6000	5000	1	1	1	1	1	1
5	35	0	5	1000	208020	208020.121	208	948.082	3	2	4	5	1	32451	0	1000	968	432	0	3	2	4	5	1	1436	1664	1938	2140	2280	6000	5000	1	1	1	1	1	1
5	36	1	5	1000	213020	213020.121	213	946.121	3	5	1	2	4	35124	0	1000	1000	364	0	3	5	1	2	4	1368	1620	1990	2154	2266	6000	5000	1	1	1	1	1	1
5	37	1	5	1000	218020	218022.013	218	946.013	3	2	4	5	1	32451	0	1000	984	362	0	3	2	4	5	1	1366	1616	1856	2068	2212	6000	5000	1	1	1	1	1	1
5	38	1	5	1000	223020	223021.986	223	943.998	1	4	5	2	3	14523	0	1000	940	350	0	1	4	5	2	3	1354	1558	1832	2022	2174	6000	5000	1	1	1	1	1	1
5	39	1	5	1000	228020	228021.991	228	942.001	3	5	1	2	4	35124	0	1000	874	616	0	3	5	1	2	4	1620	1818	2078	2264	2398	6000	5000	1	1	1	1	1	1
5	40	1	5	1000	233020	233021.99	233	939.994	3	5	1	2	4	35124	0	1000	822	476	0	3	5	1	2	4	1480	1724	1952	2078	2200	6000	5000	1	1	1	1	1	1
5	41	0	5	1000	238020	238021.976	238	938.005	1	4	5	2	3	14523	0	1000	874	402	0	1	4	5	2	3	1406	1648	1836	2032	2186	6000	5000	1	1	1	1	1	1
5	42	0	5	1000	243020	243021.973	243	938	1	4	5	2	3	14523	0	1000	1032	318	0	1	4	5	2	3	1322	1580	1806	2064	2256	6000	5000	1	1	1	1	1	1
5	43	1	5	1000	248020	248021.97	248	935.999	3	2	4	5	1	32451	0	1000	850	312	0	3	2	4	5	1	1316	1538	1734	1912	2050	6000	5000	1	1	1	1	1	1
5	44	0	5	1000	253020	253021.973	253	934	1	3	2	5	4	13254	0	1000	976	332	0	1	3	2	5	4	1336	1550	1796	2056	2234	6000	5000	1	1	1	1	1	1
5	45	1	5	1000	258020	258021.97	258	931.985	1	3	2	5	4	13254	0	1000	894	318	0	1	3	2	5	4	1322	1556	1772	1952	2130	6000	5000	1	1	1	1	1	1
5	46	0	5	1000	263020	263021.972	263	929.987	3	5	1	2	4	35124	0	1000	962	324	0	3	5	1	2	4	1328	1556	1808	2016	2186	6000	5000	1	1	1	1	1	1
5	47	1	5	1000	268020	268022.011	268	930.021	3	2	4	5	1	32451	0	1000	878	324	0	3	2	4	5	1	1328	1552	1780	1936	2112	6000	5000	1	1	1	1	1	1
5	48	1	5	1000	273020	273021.995	273	926.006	1	3	2	5	4	13254	0	1000	888	350	0	1	3	2	5	4	1354	1568	1780	1994	2174	6000	5000	1	1	1	1	1	1
5	49	1	5	1000	278020	278021.981	278	926.01	1	4	5	2	3	14523	0	1000	1316	356	0	1	4	5	2	3	1360	1592	1804	1962	2568	6000	5000	1	1	1	1	1	1
5	50	0	5	1000	283020	283021.976	283	923.988	3	5	1	2	4	35124	0	1000	980	384	0	3	5	1	2	4	1388	1626	1904	2118	2300	6000	5000	1	1	1	1	1	1
5	51	1	5	1000	288020	288020.013	288	920.013	1	4	5	2	3	14523	0	16000	878	362	0	1	4	5	2	3	1366	1602	1832	2018	2140	6000	5000	1	1	1	1	1	1
5	52	1	5	1000	308020	308021.99	308	914.004	1	4	5	2	3	14523	0	1000	878	428	0	1	4	5	2	3	1432	1684	1896	2080	2216	6000	5000	1	1	1	1	1	1
5	53	0	5	1000	313020	313021.99	313	914	1	4	5	2	3	14523	0	1000	1070	342	0	1	4	5	2	3	1346	1574	1804	2072	2292	6000	5000	1	1	1	1	1	1
5	54	0	5	1000	318020	318021.99	318	911.991	3	5	1	2	4	35124	0	1000	1244	350	0	3	5	1	2	4	1354	1626	1932	2148	2518	6000	5000	1	1	1	1	1	1
5	55	1	5	1000	323020	323020.01	323	908.024	3	5	1	2	4	35124	0	1000	1414	348	0	3	5	1	2	4	1352	1660	1956	2274	2664	6000	5000	1	1	1	1	1	1
5	56	1	5	1000	328020	328022.032	328	908.041	1	4	5	2	3	14523	0	1000	988	938	0	1	4	5	2	3	1942	2256	2478	2686	2840	6000	5000	1	1	1	1	1	1
5	57	0	5	1000	333020	333021.97	333	905.974	3	2	4	5	1	32451	0	1000	1154	714	0	3	2	4	5	1	1718	2014	2304	2514	2708	6000	5000	1	1	1	1	1	1
5	58	0	5	1000	338020	338021.99	338	903.997	1	3	2	5	4	13254	0	1000	1368	340	0	1	3	2	5	4	1344	1586	1894	2364	2630	6000	5000	1	1	1	1	1	1
5	59	0	5	1000	343020	343020.281	343	900.268	3	5	1	2	4	35124	0	1000	972	632	0	3	5	1	2	4	1636	1878	2116	2316	2524	6000	5000	1	1	1	1	1	1
5	60	0	5	1000	348020	348021.99	348	901.999	1	4	5	2	3	14523	0	1000	1086	340	0	1	4	5	2	3	1344	1596	1842	2122	2320	6000	5000	1	1	1	1	1	1
5	61	1	5	1000	353020	353021.989	353	899.988	3	5	1	2	4	35124	0	1000	906	392	0	3	5	1	2	4	1396	1650	1884	2036	2204	6000	5000	1	1	1	1	1	1
5	62	0	5	1000	358020	358020.024	358	896.037	3	5	1	2	4	35124	0	1000	1058	362	0	3	5	1	2	4	1366	1586	1828	2060	2318	6000	5000	1	1	1	1	1	1
5	63	0	5	1000	363020	363021.993	363	896.004	1	3	2	5	4	13254	0	1000	1130	308	0	1	3	2	5	4	1312	1544	1754	2162	2374	6000	5000	1	1	1	1	1	1
5	64	1	5	1000	368020	368022.002	368	893.987	3	5	1	2	4	35124	0	1000	1396	322	0	3	5	1	2	4	1326	1580	1912	2154	2590	6000	5000	1	1	1	1	1	1
5	65	1	5	1000	373020	373022.002	373	892.01	1	3	2	5	4	13254	0	1000	968	318	0	1	3	2	5	4	1322	1554	1782	2022	2214	6000	5000	1	1	1	1	1	1
5	66	1	5	1000	378020	378020.007	378	888.018	3	5	1	2	4	35124	0	1000	1070	330	0	3	5	1	2	4	1334	1560	1808	2024	2248	6000	5000	1	1	1	1	1	1
5	67	0	5	1000	383020	383021.989	383	887.996	3	2	4	5	1	32451	0	1000	1020	350	0	3	2	4	5	1	1354	1560	1820	2048	2240	6000	5000	1	1	1	1	1	1
5	68	1	5	1000	388020	388020.01	388	886.018	1	4	5	2	3	14523	0	16000	828	338	0	1	4	5	2	3	1342	1554	1768	1948	2090	6000	5000	1	1	1	1	1	1
6	1	0	5	1000	8020	8021.971	9	15.994	1	4	5	2	3	14523	0	1000	1026	462	0	1	4	5	2	3	1466	1770	1994	2250	2414	6000	5000	1	1	1	1	1	1
6	2	0	5	1000	13020	13021.98	14	16.017	3	5	1	2	4	35124	0	1000	1114	330	0	3	5	1	2	4	1334	1590	1864	2080	2326	6000	5000	1	1	1	1	1	1
6	3	0	5	1000	18020	18021.98	19	13.938	3	5	1	2	4	35124	0	1000	1016	368	0	3	5	1	2	4	1372	1600	1844	2050	2276	6000	5000	1	1	1	1	1	1
6	4	0	5	1000	23020	23020.025	24	10.038	1	4	5	2	3	14523	0	1000	1142	344	0	1	4	5	2	3	1348	1592	1844	2116	2376	6000	5000	1	1	1	1	1	1
6	5	1	5	1000	28020	28021.977	29	9.997	1	3	2	5	4	13254	0	1000	1044	102	0	1	3	2	5	4	1106	1448	1684	1886	2064	6000	5000	1	1	1	1	1	1
6	6	1	5	1000	33020	33020.003	34	6.024	3	2	4	5	1	32451	0	1000	1064	264	0	3	2	4	5	1	1268	1520	1754	1944	2134	6000	5000	1	1	1	1	1	1
6	7	1	5	1000	38020	38021.966	39	5.987	3	2	4	5	1	32451	0	1000	1126	402	0	3	2	4	5	1	1406	1664	1914	2140	2422	6000	5000	1	1	1	1	1	1
6	8	1	5	1000	43020	43020.005	44	2.004	1	4	5	2	3	14523	0	1000	1076	410	0	1	4	5	2	3	1414	1714	1956	2200	2386	6000	5000	1	1	1	1	1	1
6	9	0	5	1000	48020	48020.001	49	2.021	3	5	1	2	4	35124	0	1000	1162	340	0	3	5	1	2	4	1344	1596	1868	2144	2412	6000	5000	1	1	1	1	1	1
6	10	1	5	1000	53020	53021.987	54	2.015	1	3	2	5	4	13254	0	1000	1142	378	0	1	3	2	5	4	1382	1690	1916	2192	2442	6000	5000	1	1	1	1	1	1
6	11	1	5	1000	58020	58022.002	59	0	3	5	1	2	4	35124	0	1000	972	346	0	3	5	1	2	4	1350	1576	1842	2052	2248	6000	5000	1	1	1	1	1	1
6	12	0	5	1000	63020	63020.025	63	996.048	3	2	4	5	1	32451	0	1000	1060	286	0	3	2	4	5	1	1290	1552	1768	1972	2256	6000	5000	1	1	1	1	1	1
6	13	1	5	1000	68020	68020.004	68	994.024	3	2	4	5	1	32451	0	1000	1200	378	0	3	2	4	5	1	1382	1652	1936	2184	2454	6000	5000	1	1	1	1	1	1
6	14	1	5	1000	73020	73021.963	73	993.985	1	3	2	5	4	13254	0	1000	1042	384	0	1	3	2	5	4	1388	1626	1852	2062	2346	6000	5000	1	1	1	1	1	1
6	15	0	5	1000	78020	78022.096	78	994.113	3	2	4	5	1	32451	0	1000	998	370	0	3	2	4	5	1	1374	1594	1826	2044	2292	6000	5000	1	1	1	1	1	1
6	16	1	5	1000	83020	83021.978	83	991.999	1	4	5	2	3	14523	0	1000	1086	426	0	1	4	5	2	3	1430	1658	1884	2208	2426	6000	5000	1	1	1	1	1	1
6	17	1	5	1000	88020	88021.978	88	989.997	3	2	4	5	1	32451	0	16000	1202	370	0	3	2	4	5	1	1374	1680	1944	2188	2488	6000	5000	1	1	1	1	1	1
6	18	1	5	1000	108020	108020.003	108	980.015	3	2	4	5	1	32451	0	1000	1208	456	0	3	2	4	5	1	1460	1754	2042	2298	2556	6000	5000	1	1	1	1	1	1
6	19	0	5	1000	113020	113021.989	113	981.989	1	3	2	5	4	13254	0	1000	1016	344	0	1	3	2	5	4	1348	1566	1836	2054	2290	6000	5000	1	1	1	1	1	1
6	20	1	5	1000	118020	118020.001	118	978.019	1	4	5	2	3	14523	0	1000	854	656	0	1	4	5	2	3	1660	1868	2078	2270	2424	6000	5000	1	1	1	1	1	1
6	21	1	5	1000	123020	123021.998	123	978.002	1	3	2	5	4	13254	0	1000	1086	342	0	1	3	2	5	4	1346	1592	1838	2110	2342	6000	5000	1	1	1	1	1	1
6	22	0	5	1000	128020	128021.979	128	975.982	3	5	1	2	4	35124	0	1000	1342	352	0	3	5	1	2	4	1356	1638	1948	2240	2580	6000	5000	1	1	1	1	1	1
6	23	1	5	1000	133020	133021.976	133	973.985	1	4	5	2	3	14523	0	1000	1310	442	0	1	4	5	2	3	1448	1728	1996	2312	2656	6000	5000	1	1	1	1	1	1
6	24	1	5	1000	138020	138021.976	138	971.811	1	4	5	2	3	14523	0	1000	1130	338	0	1	4	5	2	3	1342	1604	1860	2166	2372	6000	5000	1	1	1	1	1	1
6	25	0	5	1000	143020	143021.981	143	969.998	1	3	2	5	4	13254	0	1000	1084	332	0	1	3	2	5	4	1452	1690	1922	2176	2430	6000	5000	1	1	1	1	1	1
6	26	0	5	1000	148020	148022.002	148	970.022	3	2	4	5	1	32451	0	1000	1016	446	0	3	2	4	5	1	1450	1704	1918	2142	2342	6000	5000	1	1	1	1	1	1
6	27	0	5	1000	153020	153021.984	153	968.006	1	3	2	5	4	13254	0	1000	1096	354	0	1	3	2	5	4	1358	1686	1966	2170	2388	6000	5000	1	1	1	1	1	1
6	28	0	5	1000	158020	158021.992	158	965.99	3	5	1	2	4	35124	0	1000	1174	298	0	3	5	1	2	4	1302	1628	1886	2120	2388	6000	5000	1	1	1	1	1	1
6	29	1	5	1000	163020	163020.013	163	962.045	3	2	4	5	1	32451	0	1000	882	360	0	3	2	4	5	1	1364	1570	1764	1940	2094	6000	5000	1	1	1	1	1	1
6	30	0	5	1000	168020	168020.011	168	960.025	3	2	4	5	1	32451	0	1000	1102	302	0	3	2	4	5	1	1306	1568	1830	2064	2250	6000	5000	1	1	1	1	1	1
6	31	0	5	1000	173020	173021.99	173	960.01	3	5	1	2	4	35124	0	1000	996	340	0	3	5	1	2	4	1344	1564	1830	2032	2250	6000	5000	1	1	1	1	1	1
6	32	1	5	1000	178020	178022.05	178	958.061	3	5	1	2	4	35124	0	1000	982	296	0	3	5	1	2	4	1300	1536	1762	1962	2164	6000	5000	1	1	1	1	1	1
6	33	1	5	1000	183020	183021.979	183	957.976	3	5	1	2	4	35124	0	1000	1282	306	0	3	5	1	2	4	1310	1564	1876	2164	2470	6000	5000	1	1	1	1	1	1
6	34	1	5	1000	188020	188022.003	188	956.003	3	2	4	5	1	32451	0	16000	1290	784	0	3	2	4	5	1	1788	2064	2350	2634	2926	6000	5000	1	1	1	1	1	1
6	35	1	5	1000	208020	208021.98	208	947.978	3	2	4	5	1	32451	0	1000	0	0	0	0	0	0	0	0	0	0	0	0	0	6000	5000	0	1	1	1	1	1
6	36	0	5	1000	213020	213021.991	213	946.021	3	5	1	2	4	35124	0	1000	0	518	0	3	5	1	2	4	2792	3126	3426	3680	3944	6000	5000	0	1	1	1	1	1
6	37	0	5	1000	218020	218021.965	218	945.987	3	2	4	5	1	32451	0	1000	1288	350	0	3	2	4	5	1	1354	1624	1884	2158	2510	6000	5000	1	1	1	1	1	1
6	38	1	5	1000	223020	223021.959	223	943.972	1	3	2	5	4	13254	0	1000	1162	386	0	1	3	2	5	4	1390	1750	1980	2252	2424	6000	5000	1	1	1	1	1	1
6	39	0	5	1000	228020	228021.948	228	941.997	1	3	2	5	4	13254	0	1000	1260	386	0	1	3	2	5	4	1390	1680	1932	2222	2464	6000	5000	1	1	1	1	1	1
6	40	0	5	1000	233020	233021.961	233	940.005	1	4	5	2	3	14523	0	1000	1234	338	0	1	4	5	2	3	1342	1606	1862	2156	2446	6000	5000	1	1	1	1	1	1
6	41	1	5	1000	238020	238021.968	238	937.995	3	5	1	2	4	35124	0	1000	1266	338	0	3	5	1	2	4	1342	1644	1950	2214	2474	6000	5000	1	1	1	1	1	1
6	42	1	5	1000	243020	243021.971	243	935.989	1	3	2	5	4	13254	0	1000	1150	392	0	1	3	2	5	4	1396	1650	1942	2182	2410	6000	5000	1	1	1	1	1	1
6	43	1	5	1000	248020	248021.955	248	934.004	1	3	2	5	4	13254	0	1000	1104	316	0	1	3	2	5	4	1320	1554	1798	2050	2264	6000	5000	1	1	1	1	1	1
6	44	1	5	1000	253020	253021.951	253	932.002	1	4	5	2	3	14523	0	1000	1154	384	0	1	4	5	2	3	1388	1710	1994	2218	2426	6000	5000	1	1	1	1	1	1
6	45	0	5	1000	258020	258021.95	258	932.002	3	2	4	5	1	32451	0	1000	1066	810	0	3	2	4	5	1	1814	2056	2334	2548	2752	6000	5000	1	1	1	1	1	1
6	46	1	5	1000	263020	263021.966	263	930.01	3	5	1	2	4	35124	0	1000	1068	422	0	3	5	1	2	4	1426	1674	1922	2160	2394	6000	5000	1	1	1	1	1	1
6	47	1	5	1000	268020	268021.951	268	928	1	4	5	2	3	14523	0	1000	1078	354	0	1	4	5	2	3	1358	1640	1882	2120	2336	6000	5000	1	1	1	1	1	1
6	48	1	5	1000	273020	273021.978	273	926.011	3	5	1	2	4	35124	0	1000	950	350	0	3	5	1	2	4	1354	1574	1840	2022	2206	6000	5000	1	1	1	1	1	1
6	49	0	5	1000	278020	278021.956	278	923.997	1	3	2	5	4	13254	0	1000	1146	396	0	1	3	2	5	4	1400	1626	1854	2108	2422	6000	5000	1	1	1	1	1	1
6	50	0	5	1000	283020	283021.949	283	921.996	1	3	2	5	4	13254	0	1000	1308	376	0	1	3	2	5	4	1380	1724	2036	2318	2582	6000	5000	1	1	1	1	1	1
6	51	1	5	1000	288020	288021.954	288	919.97	3	2	4	5	1	32451	0	16000	0	378	0	3	2	4	0	0	3350	3662	3932	0	0	6000	5000	0	1	1	1	1	1
6	52	1	5	1000	308020	308021.992	308	916.023	3	2	4	5	1	32451	0	1000	0	0	0	0	0	0	0	0	0	0	0	0	0	6000	5000	0	1	1	1	1	1
6	53	0	5	1000	313020	313021.967	313	911.97	1	4	5	2	3	14523	0	1000	1408	416	0	1	4	5	2	3	1420	1806	2078	2440	2726	6000	5000	1	1	1	1	1	1
6	54	0	5	1000	318020	318021.973	318	910.003	1	3	2	5	4	13254	0	1000	1156	392	0	1	3	2	5	4	1396	1654	1906	2176	2440	6000	5000	1	1	1	1	1	1
6	55	1	5	1000	323020	323021.968	323	908.001	3	5	1	2	4	35124	0	1000	1226	430	0	3	5	1	2	4	1434	1758	2024	2262	2566	6000	5000	1	1	1	1	1	1
6	56	0	5	1000	328020	328021.968	328	907.974	1	4	5	2	3	14523	0	1000	1132	352	0	1	4	5	2	3	1356	1572	1848	2148	2386	6000	5000	1	1	1	1	1	1
6	57	0	5	1000	333020	333021.968	333	905.999	3	2	4	5	1	32451	0	1000	1070	338	0	3	2	4	5	1	1426	1672	1940	2162	2392	6000	5000	1	1	1	1	1	1
6	58	0	5	1000	338020	338021.971	338	903.992	3	2	4	5	1	32451	0	1000	1124	352	0	3	2	4	5	1	1356	1612	1878	2100	2370	6000	5000	1	1	1	1	1	1
6	59	0	5	1000	343020	343021.974	343	901.996	1	4	5	2	3	14523	0	1000	1218	296	0	1	4	5	2	3	1596	1852	2106	2424	2698	6000	5000	1	1	1	1	1	1
6	60	0	5	1000	348020	348021.996	348	900.019	1	4	5	2	3	14523	0	1000	986	364	0	1	4	5	2	3	1368	1610	1832	2066	2246	6000	5000	1	1	1	1	1	1
6	61	1	5	1000	353020	353021.97	353	898.004	1	4	5	2	3	14523	0	1000	888	370	0	1	4	5	2	3	1374	1628	1836	2022	2166	6000	5000	1	1	1	1	1	1
6	62	0	5	1000	358020	358021.949	358	895.98	1	4	5	2	3	14523	0	1000	1144	362	0	1	4	5	2	3	1366	1614	1852	2112	2350	6000	5000	1	1	1	1	1	1
6	63	1	5	1000	363020	363021.965	363	895.985	3	2	4	5	1	32451	0	1000	982	362	0	3	2	4	5	1	1366	1638	1848	2038	2232	6000	5000	1	1	1	1	1	1
6	64	1	5	1000	368020	368022	368	894.029	3	5	1	2	4	35124	0	1000	890	352	0	3	5	1	2	4	1356	1588	1812	1980	2160	6000	5000	1	1	1	1	1	1
6	65	0	5	1000	373020	373021.992	373	892.028	3	5	1	2	4	35124	0	1000	1040	412	0	3	5	1	2	4	1416	1648	1902	2108	2344	6000	5000	1	1	1	1	1	1
6	66	0	5	1000	378020	378021.978	378	890.01	1	3	2	5	4	13254	0	1000	1152	386	0	1	3	2	5	4	1654	1852	2096	2358	2618	6000	5000	1	1	1	1	1	1
6	67	1	5	1000	383020	383021.964	383	887.984	1	3	2	5	4	13254	0	1000	1436	412	0	1	3	2	5	4	1416	1688	1964	2330	2742	6000	5000	1	1	1	1	1	1
6	68	0	5	1000	388020	388021.967	388	886.001	1	4	5	2	3	14523	0	16000	1280	378	0	1	4	5	2	3	1382	1624	1930	2244	2558	6000	5000	1	1	1	1	1	1
7	1	1	5	1000	8020	8021.985	9	17.987	3	2	4	5	1	32451	0	1000	1024	476	0	3	2	4	5	1	1396	1686	1934	2150	2372	6000	5000	1	1	1	1	1	1
7	2	1	5	1000	13020	13021.985	14	15.998	3	5	1	2	4	35124	0	1000	912	328	0	3	5	1	2	4	1340	1608	1888	2124	2372	6000	5000	1	1	1	1	1	1
7	3	0	5	1000	18020	18021.991	19	13.996	1	3	2	5	4	13254	0	1000	984	366	0	1	3	2	5	4	1406	1642	1954	2204	2444	6000	5000	1	1	1	1	1	1
7	4	1	5	1000	23020	23021.989	24	12.004	3	2	4	5	1	32451	0	1000	1276	262	0	3	2	4	5	1	1330	1592	1846	2066	2298	6000	5000	1	1	1	1	1	1
7	5	0	5	1000	28020	28021.991	29	12.004	3	2	4	5	1	32451	0	1000	1052	372	0	3	2	4	5	1	1462	1748	2046	2318	2554	6000	5000	1	1	1	1	1	1
7	6	1	5	1000	33020	33021.99	34	8.002	1	4	5	2	3	14523	0	1000	1116	304	0	1	4	5	2	3	1362	1622	1868	2104	2284	6000	5000	1	1	1	1	1	1
7	7	1	5	1000	38020	38021.985	39	8.002	3	5	1	2	4	35124	0	1000	1102	348	0	3	5	1	2	4	1348	1590	1886	2142	2410	6000	5000	1	1	1	1	1	1
7	8	1	5	1000	43020	43021.989	44	6.001	3	5	1	2	4	35124	0	1000	1284	292	0	3	5	1	2	4	1394	1702	1992	2508	2790	6000	5000	1	1	1	1	1	1
7	9	1	5	1000	48020	48022.003	49	4.015	3	2	4	5	1	32451	0	1000	1316	382	0	3	2	4	5	1	1278	1570	1858	2080	2344	6000	5000	1	1	1	1	1	1
7	10	1	5	1000	53020	53020.025	54	0	3	2	4	5	1	32451	0	1000	1416	512	0	3	2	4	5	1	1396	1636	1860	2080	2274	6000	5000	1	1	1	1	1	1
7	11	0	5	1000	58020	58021.994	59	0	1	3	2	5	4	13254	0	1000	1304	400	0	1	3	2	5	4	1412	1670	1934	2156	2338	6000	5000	1	1	1	1	1	1
7	12	1	5	1000	63020	63021.985	63	997.999	1	4	5	2	3	14523	0	1000	1310	394	0	1	4	5	2	3	1412	1678	1912	2140	2334	6000	5000	1	1	1	1	1	1
7	13	1	5	1000	68020	68021.986	68	997.979	1	4	5	2	3	14523	0	1000	1470	472	0	1	4	5	2	3	1390	1680	1960	2186	2386	6000	5000	1	1	1	1	1	1
7	14	1	5	1000	73020	73021.99	73	995.984	1	3	2	5	4	13254	0	1000	1234	350	0	1	3	2	5	4	1400	1748	2076	2362	2604	6000	5000	1	1	1	1	1	1
7	15	0	5	1000	78020	78021.99	78	994.002	3	5	1	2	4	35124	0	1000	1192	412	0	3	5	1	2	4	1404	1660	1900	2120	2328	6000	5000	1	1	1	1	1	1
7	16	1	5	1000	83020	83021.987	83	991.997	1	3	2	5	4	13254	0	1000	1132	304	0	1	3	2	5	4	1326	1612	1886	2140	2372	6000	5000	1	1	1	1	1	1
7	17	1	5	1000	88020	88020	88	988.012	1	3	2	5	4	13254	0	16000	980	368	0	1	3	2	5	4	1432	1760	2082	2468	2746	6000	5000	1	1	1	1	1	1
7	18	1	5	1000	108020	108021.987	108	984	1	3	2	5	4	13254	0	1000	910	404	0	1	3	2	5	4	1454	1804	2044	2280	2504	6000	5000	1	1	1	1	1	1
7	19	1	5	1000	113020	113021.99	113	981.985	3	2	4	5	1	32451	0	1000	1074	330	0	3	2	4	5	1	1378	1636	1858	2074	2268	6000	5000	1	1	1	1	1	1
7	20	1	5	1000	118020	118022.012	118	980.02	1	3	2	5	4	13254	0	1000	890	356	0	1	3	2	5	4	1368	1594	1806	2000	2196	6000	5000	1	1	1	1	1	1
7	21	0	5	1000	123020	123021.991	123	977.995	1	3	2	5	4	13254	0	1000	1116	368	0	1	3	2	5	4	1394	1630	1862	2116	2342	6000	5000	1	1	1	1	1	1
7	22	0	5	1000	128020	128022.003	128	976.009	3	2	4	5	1	32451	0	1000	1052	310	0	3	2	4	5	1	1392	1620	1902	2228	2528	6000	5000	1	1	1	1	1	1
7	23	0	5	1000	133020	133021.992	133	974	3	2	4	5	1	32451	0	1000	1570	410	0	3	2	4	5	1	1360	1584	1844	2076	2286	6000	5000	1	1	1	1	1	1
7	24	0	5	1000	138020	138021.993	138	972.002	1	3	2	5	4	13254	0	1000	1152	366	0	1	3	2	5	4	1358	1578	1836	2142	2366	6000	5000	1	1	1	1	1	1
7	25	0	5	1000	143020	143021.986	143	971.995	1	3	2	5	4	13254	0	1000	1082	296	0	1	3	2	5	4	1396	1768	1990	2230	2446	6000	5000	1	1	1	1	1	1
7	26	1	5	1000	148020	148021.993	148	970.007	3	5	1	2	4	35124	0	1000	954	358	0	3	5	1	2	4	1360	1618	1896	2124	2370	6000	5000	1	1	1	1	1	1
7	27	1	5	1000	153020	153020.003	153	966.006	1	3	2	5	4	13254	0	1000	1180	388	0	1	3	2	5	4	1412	1594	1826	2086	2306	6000	5000	1	1	1	1	1	1
7	28	1	5	1000	158020	158022.003	158	966.009	3	5	1	2	4	35124	0	1000	878	366	0	3	5	1	2	4	1336	1564	1850	2086	2408	6000	5000	1	1	1	1	1	1
7	29	1	5	1000	163020	163021.988	163	964.001	1	4	5	2	3	14523	0	1000	1036	338	0	1	4	5	2	3	1440	1740	1960	2214	2460	6000	5000	1	1	1	1	1	1
7	30	0	5	1000	168020	168021.987	168	961.996	1	3	2	5	4	13254	0	1000	1094	368	0	1	3	2	5	4	1392	1636	1872	2132	2382	6000	5000	1	1	1	1	1	1
7	31	1	5	1000	173020	173020.001	173	958	1	3	2	5	4	13254	0	1000	900	480	0	1	3	2	5	4	1382	1634	1852	2060	2236	6000	5000	1	1	1	1	1	1
7	32	0	5	1000	178020	178021.989	178	960.001	1	4	5	2	3	14523	0	1000	1038	366	0	1	4	5	2	3	1430	1674	1916	2118	2308	6000	5000	1	1	1	1	1	1
7	33	0	5	1000	183020	183021.995	183	957.982	1	4	5	2	3	14523	0	1000	996	316	0	1	4	5	2	3	1406	1632	1898	2106	2354	6000	5000	1	1	1	1	1	1
7	34	1	5	1000	188020	188021.988	188	955.998	1	4	5	2	3	14523	0	16000	1022	264	0	1	4	5	2	3	1354	1564	1800	2056	2278	6000	5000	1	1	1	1	1	1
7	35	1	5	1000	208020	208022.009	208	948.021	1	4	5	2	3	14523	0	1000	1008	324	0	1	4	5	2	3	1416	1726	1988	2262	2534	6000	5000	1	1	1	1	1	1
7	36	0	5	1000	213020	213021.986	213	947.999	3	5	1	2	4	35124	0	1000	1066	350	0	3	5	1	2	4	1332	1582	1872	2210	2502	6000	5000	1	1	1	1	1	1
7	37	1	5	1000	218020	218020.004	218	944.002	3	5	1	2	4	35124	0	1000	908	286	0	3	5	1	2	4	1320	1584	1886	2182	2488	6000	5000	1	1	1	1	1	1
7	38	0	5	1000	223020	223021.991	223	944.007	1	4	5	2	3	14523	0	1000	1068	274	0	1	4	5	2	3	1464	1722	1988	2296	2570	6000	5000	1	1	1	1	1	1
7	39	1	5	1000	228020	228021.99	228	941.971	1	3	2	5	4	13254	0	1000	1292	322	0	1	3	2	5	4	1384	1618	1898	2158	2402	6000	5000	1	1	1	1	1	1
7	40	1	5	1000	233020	233021.996	233	940.005	1	4	5	2	3	14523	0	1000	1154	320	0	1	4	5	2	3	1368	1660	1916	2188	2410	6000	5000	1	1	1	1	1	1
7	41	0	5	1000	238020	238021.988	238	937.988	3	2	4	5	1	32451	0	1000	1056	322	0	3	2	4	5	1	1390	1614	1910	2200	2472	6000	5000	1	1	1	1	1	1
7	42	1	5	1000	243020	243022.001	243	936.011	1	3	2	5	4	13254	0	1000	1308	316	0	1	3	2	5	4	1434	1646	1888	2224	2484	6000	5000	1	1	1	1	1	1
7	43	0	5	1000	248020	248021.989	248	936.001	3	2	4	5	1	32451	0	1000	1184	520	0	3	2	4	5	1	1542	1854	2168	2484	2846	6000	5000	1	1	1	1	1	1
7	44	0	5	1000	253020	253021.992	253	933.991	3	5	1	2	4	35124	0	1000	974	362	0	3	5	1	2	4	1460	1730	2084	2374	2694	6000	5000	1	1	1	1	1	1
7	45	0	5	1000	258020	258021.99	258	932.003	1	4	5	2	3	14523	0	1000	1466	606	0	1	4	5	2	3	1352	1656	1920	2280	2598	6000	5000	1	1	1	1	1	1
7	46	1	5	1000	263020	263022.002	263	930.013	3	2	4	5	1	32451	0	1000	1216	378	0	3	2	4	5	1	1330	1598	1868	2154	2484	6000	5000	1	1	1	1	1	1
7	47	0	5	1000	268020	268021.991	268	927.997	3	5	1	2	4	35124	0	1000	1104	364	0	3	5	1	2	4	1390	1692	2100	2472	2842	6000	5000	1	1	1	1	1	1
7	48	0	5	1000	273020	273021.992	273	925.996	1	3	2	5	4	13254	0	1000	1506	388	0	1	3	2	5	4	1384	1620	1886	2172	2440	6000	5000	1	1	1	1	1	1
7	49	0	5	1000	278020	278021.996	278	924.01	1	4	5	2	3	14523	0	1000	962	392	0	1	4	5	2	3	1388	1640	1890	2138	2374	6000	5000	1	1	1	1	1	1
7	50	1	5	1000	283020	283021.996	283	924.008	3	5	1	2	4	35124	0	1000	908	284	0	3	5	1	2	4	1300	1530	1794	2032	2256	6000	5000	1	1	1	1	1	1
7	51	0	5	1000	288020	288021.987	288	921.998	3	5	1	2	4	35124	0	16000	1108	366	0	3	5	1	2	4	1332	1580	1880	2128	2390	6000	5000	1	1	1	1	1	1
7	52	0	5	1000	308020	308020.007	308	912.002	3	5	1	2	4	35124	0	1000	882	632	0	3	5	1	2	4	1406	1722	1976	2188	2416	6000	5000	1	1	1	1	1	1
7	53	1	5	1000	313020	313020.004	313	910.006	1	4	5	2	3	14523	0	1000	1134	360	0	1	4	5	2	3	1414	1678	1974	2290	2560	6000	5000	1	1	1	1	1	1
7	54	0	5	1000	318020	318021.992	318	912.006	1	4	5	2	3	14523	0	1000	1146	244	0	1	4	5	2	3	1388	1744	2002	2270	2450	6000	5000	1	1	1	1	1	1
7	55	0	5	1000	323020	323020.019	323	908.032	3	2	4	5	1	32451	0	1000	1226	344	0	3	2	4	5	1	1732	2006	2422	2710	2986	6000	5000	1	1	1	1	1	1
7	56	1	5	1000	328020	328021.991	328	907.998	3	5	1	2	4	35124	0	1000	1100	404	0	3	5	1	2	4	1374	1620	1874	2082	2286	6000	5000	1	1	1	1	1	1
7	57	0	5	1000	333020	333021.988	333	905.999	3	2	4	5	1	32451	0	1000	1030	366	0	3	2	4	5	1	1382	1636	1878	2190	2500	6000	5000	1	1	1	1	1	1
7	58	0	5	1000	338020	338021.987	338	903.993	1	4	5	2	3	14523	0	1000	1136	360	0	1	4	5	2	3	1468	1714	2022	2332	2656	6000	5000	1	1	1	1	1	1
7	59	0	5	1000	343020	343021.984	343	901.991	1	3	2	5	4	13254	0	1000	1030	330	0	1	3	2	5	4	1426	1656	1924	2190	2482	6000	5000	1	1	1	1	1	1
7	60	0	5	1000	348020	348021.988	348	899.999	3	5	1	2	4	35124	0	1000	1046	342	0	3	5	1	2	4	1390	1652	1918	2144	2426	6000	5000	1	1	1	1	1	1
7	61	0	5	1000	353020	353021.987	353	897.997	3	5	1	2	4	35124	0	1000	1048	554	0	3	5	1	2	4	1454	1752	2098	2396	2696	6000	5000	1	1	1	1	1	1
7	62	1	5	1000	358020	358020.003	358	896.014	3	2	4	5	1	32451	0	1000	1016	330	0	3	2	4	5	1	1338	1600	1850	2104	2352	6000	5000	1	1	1	1	1	1
7	63	0	5	1000	363020	363021.996	363	896.01	1	4	5	2	3	14523	0	1000	1066	416	0	1	4	5	2	3	1468	1726	1994	2266	2568	6000	5000	1	1	1	1	1	1
7	64	0	5	1000	368020	368022.009	368	894.022	3	5	1	2	4	35124	0	1000	1062	330	0	3	5	1	2	4	1376	1596	1936	2228	2560	6000	5000	1	1	1	1	1	1
7	65	0	5	1000	373020	373021.996	373	893.997	3	2	4	5	1	32451	0	1000	1192	334	0	3	2	4	5	1	1376	1676	1998	2304	2646	6000	5000	1	1	1	1	1	1
7	66	1	5	1000	378020	378021.989	378	889.996	3	2	4	5	1	32451	0	1000	1024	356	0	3	2	4	5	1	1378	1638	1896	2140	2384	6000	5000	1	1	1	1	1	1
7	67	1	5	1000	383020	383021.992	383	888.001	1	4	5	2	3	14523	0	1000	1004	322	0	1	4	5	2	3	1436	1692	1948	2210	2490	6000	5000	1	1	1	1	1	1
7	68	1	5	1000	388020	388022.004	388	888.002	3	2	4	5	1	32451	0	16000	974	320	0	3	2	4	5	1	1422	1712	2004	2262	2536	6000	5000	1	1	1	1	1	1
8	1	0	5	1000	8020	8020.009	9	14.004	3	5	1	2	4	35124	0	1000	1286	416	0	3	5	1	2	4	1420	1740	2084	2354	2602	6000	5000	1	1	1	1	1	1
8	2	1	5	1000	13020	13020.001	14	13.995	1	3	2	5	4	13254	0	1000	1180	390	0	1	3	2	5	4	1394	1666	1950	2242	2488	6000	5000	1	1	1	1	1	1
8	3	0	5	1000	18020	18020.006	19	10.002	1	4	5	2	3	14523	0	1000	1248	370	0	1	4	5	2	3	1374	1674	1966	2266	2512	6000	5000	1	1	1	1	1	1
8	4	0	5	1000	23020	23020.002	24	9.981	3	5	1	2	4	35124	0	1000	1206	298	0	3	5	1	2	4	1302	1558	1872	2096	2360	6000	5000	1	1	1	1	1	1
8	5	0	5	1000	28020	28020.022	29	8.017	1	4	5	2	3	14523	0	1000	1150	330	0	1	4	5	2	3	1334	1594	1850	2132	2368	6000	5000	1	1	1	1	1	1
8	6	1	5	1000	33020	33020.007	34	5.999	3	5	1	2	4	35124	0	1000	1084	314	0	3	5	1	2	4	1318	1574	1814	2030	2278	6000	5000	1	1	1	1	1	1
8	7	1	5	1000	38020	38020.001	39	3.982	3	2	4	5	1	32451	0	1000	1070	292	0	3	2	4	5	1	1296	1542	1796	2028	2254	6000	5000	1	1	1	1	1	1
8	8	0	5	1000	43020	43020.007	44	2.002	1	3	2	5	4	13254	0	1000	1110	366	0	1	3	2	5	4	1370	1622	1858	2112	2370	6000	5000	1	1	1	1	1	1
8	9	0	5	1000	48020	48020.015	49	0	3	2	4	5	1	32451	0	1000	1130	530	0	3	2	4	5	1	1534	1774	2042	2290	2548	6000	5000	1	1	1	1	1	1
8	10	0	5	1000	53020	53020.014	54	0	3	2	4	5	1	32451	0	1000	1076	440	0	3	2	4	5	1	1444	1678	1930	2160	2370	6000	5000	1	1	1	1	1	1
8	11	1	5	1000	58020	58020	58	997.99	3	2	4	5	1	32451	0	1000	990	450	0	3	2	4	5	1	1454	1710	1930	2148	2322	6000	5000	1	1	1	1	1	1
8	12	0	5	1000	63020	63020.007	63	996	3	2	4	5	1	32451	0	1000	1148	318	0	3	2	4	5	1	1322	1566	1824	2074	2324	6000	5000	1	1	1	1	1	1
8	13	0	5	1000	68020	68020.004	68	993.992	1	3	2	5	4	13254	0	1000	1154	474	0	1	3	2	5	4	1478	1738	2016	2284	2532	6000	5000	1	1	1	1	1	1
8	14	0	5	1000	73020	73020.002	73	991.999	3	5	1	2	4	35124	0	1000	1184	438	0	3	5	1	2	4	1442	1682	2006	2234	2458	6000	5000	1	1	1	1	1	1
8	15	0	5	1000	78020	78020.013	78	990.011	1	3	2	5	4	13254	0	1000	1130	444	0	1	3	2	5	4	1448	1696	1958	2198	2456	6000	5000	1	1	1	1	1	1
8	16	0	5	1000	83020	83020.002	83	988.004	1	3	2	5	4	13254	0	1000	1004	380	0	1	3	2	5	4	1384	1598	1840	2088	2310	6000	5000	1	1	1	1	1	1
8	17	1	5	1000	88020	88020.006	88	987.954	1	3	2	5	4	13254	0	16000	1270	466	0	1	3	2	5	4	1470	1956	2202	2460	2652	6000	5000	1	1	1	1	1	1
8	18	1	5	1000	108020	108020.005	108	980.004	1	3	2	5	4	13254	0	1000	944	386	0	1	3	2	5	4	1390	1622	1856	2052	2234	6000	5000	1	1	1	1	1	1
8	19	1	5	1000	113020	113020.029	113	978.009	3	5	1	2	4	35124	0	1000	932	330	0	3	5	1	2	4	1334	1576	1798	1956	2138	6000	5000	1	1	1	1	1	1
8	20	0	5	1000	118020	118020.004	118	976.001	1	4	5	2	3	14523	0	1000	1002	304	0	1	4	5	2	3	1308	1536	1752	2026	2236	6000	5000	1	1	1	1	1	1
8	21	1	5	1000	123020	123020.027	123	976.025	1	3	2	5	4	13254	0	1000	1172	348	0	1	3	2	5	4	1352	1572	1776	1976	2416	6000	5000	1	1	1	1	1	1
8	22	1	5	1000	128020	128020.001	128	973.998	3	2	4	5	1	32451	0	1000	954	306	0	3	2	4	5	1	1310	1536	1732	1938	2138	6000	5000	1	1	1	1	1	1
8	23	1	5	1000	133020	133020.004	133	971.972	1	4	5	2	3	14523	0	1000	848	346	0	1	4	5	2	3	1350	1542	1756	1940	2118	6000	5000	1	1	1	1	1	1
8	24	0	5	1000	138020	138022.002	138	971.998	3	5	1	2	4	35124	0	1000	1060	370	0	3	5	1	2	4	1374	1612	1872	2074	2324	6000	5000	1	1	1	1	1	1
8	25	1	5	1000	143020	143022.01	143	970.01	3	2	4	5	1	32451	0	1000	1082	366	0	3	2	4	5	1	1370	1618	1870	2074	2274	6000	5000	1	1	1	1	1	1
8	26	1	5	1000	148020	148020.009	148	966.002	3	5	1	2	4	35124	0	1000	846	342	0	3	5	1	2	4	1346	1616	1818	1936	2058	6000	5000	1	1	1	1	1	1
8	27	1	5	1000	153020	153022.01	153	966.007	1	4	5	2	3	14523	0	1000	774	344	0	1	4	5	2	3	1348	1542	1730	1868	2016	6000	5000	1	1	1	1	1	1
8	28	1	5	1000	158020	158020.004	158	964.003	1	4	5	2	3	14523	0	1000	956	328	0	1	4	5	2	3	1332	1540	1772	2004	2216	6000	5000	1	1	1	1	1	1
8	29	0	5	1000	163020	163020.001	163	961.997	1	4	5	2	3	14523	0	1000	1142	378	0	1	4	5	2	3	1382	1672	1936	2186	2418	6000	5000	1	1	1	1	1	1
8	30	1	5	1000	168020	168020.007	168	959.999	1	4	5	2	3	14523	0	1000	978	402	0	1	4	5	2	3	1406	1642	1868	2102	2280	6000	5000	1	1	1	1	1	1
8	31	1	5	1000	173020	173020.003	173	957.996	3	5	1	2	4	35124	0	1000	888	284	0	3	5	1	2	4	1288	1534	1762	1920	2080	6000	5000	1	1	1	1	1	1
8	32	1	5	1000	178020	178020.001	178	955.988	1	3	2	5	4	13254	0	1000	976	340	0	1	3	2	5	4	1344	1518	1748	2008	2222	6000	5000	1	1	1	1	1	1
8	33	0	5	1000	183020	183020.015	183	954.015	1	3	2	5	4	13254	0	1000	1044	364	0	1	3	2	5	4	1368	1566	1808	2060	2290	6000	5000	1	1	1	1	1	1
8	34	0	5	1000	188020	188020.018	188	951.999	1	4	5	2	3	14523	0	16000	1228	384	0	1	4	5	2	3	1388	1648	1914	2178	2460	6000	5000	1	1	1	1	1	1
8	35	0	5	1000	208020	208020.013	208	945.998	1	4	5	2	3	14523	0	1000	1166	616	0	1	4	5	2	3	1620	1926	2136	2424	2662	6000	5000	1	1	1	1	1	1
8	36	0	5	1000	213020	213020.018	213	944.015	1	4	5	2	3	14523	0	1000	1010	384	0	1	4	5	2	3	1388	1604	1858	2096	2300	6000	5000	1	1	1	1	1	1
8	37	0	5	1000	218020	218020.003	218	942.001	3	2	4	5	1	32451	0	1000	1106	380	0	3	2	4	5	1	1384	1642	1888	2122	2370	6000	5000	1	1	1	1	1	1
8	38	0	5	1000	223020	223020.003	223	942.003	3	5	1	2	4	35124	0	1000	0	380	1	5	5	1	2	4	1384	3186	3604	3762	3898	6000	5000	0	1	1	1	1	1
8	39	1	5	1000	228020	228020.002	228	938.003	1	4	5	2	3	14523	0	1000	844	384	0	1	4	5	2	3	1388	1574	1790	1978	2118	6000	5000	1	1	1	1	1	1
8	40	1	5	1000	233020	233020.002	233	937.999	3	2	4	5	1	32451	0	1000	948	346	0	3	2	4	5	1	1350	1576	1820	1992	2156	6000	5000	1	1	1	1	1	1
8	41	0	5	1000	238020	238022.001	238	937.998	3	5	1	2	4	35124	0	1000	854	14	0	3	5	1	2	4	1018	1232	1436	1600	1790	6000	5000	1	1	1	1	1	1
8	42	1	5	1000	243020	243020.007	243	934.004	3	5	1	2	4	35124	0	1000	922	332	0	3	5	1	2	4	1336	1540	1722	1864	2022	6000	5000	1	1	1	1	1	1
8	43	0	5	1000	248020	248020.008	248	932.008	1	3	2	5	4	13254	0	1000	1204	516	0	1	3	2	5	4	1520	1788	2174	2402	2606	6000	5000	1	1	1	1	1	1
8	44	1	5	1000	253020	253020.004	253	929.998	3	2	4	5	1	32451	0	1000	952	280	0	3	2	4	5	1	1284	1522	1752	1928	2084	6000	5000	1	1	1	1	1	1
8	45	1	5	1000	258020	258020.002	258	927.992	3	2	4	5	1	32451	0	1000	950	288	0	3	2	4	5	1	1292	1506	1740	1930	2104	6000	5000	1	1	1	1	1	1
8	46	1	5	1000	263020	263020.004	263	926.005	1	3	2	5	4	13254	0	1000	928	324	0	1	3	2	5	4	1328	1546	1730	1934	2080	6000	5000	1	1	1	1	1	1
8	47	1	5	1000	268020	268020.011	268	926.008	1	3	2	5	4	13254	0	1000	878	228	0	1	3	2	5	4	1232	1430	1650	1830	2014	6000	5000	1	1	1	1	1	1
8	48	0	5	1000	273020	273020.001	273	923.985	3	2	4	5	1	32451	0	1000	1106	356	0	3	2	4	5	1	1360	1586	1854	2106	2326	6000	5000	1	1	1	1	1	1
8	49	0	5	1000	278020	278020.003	278	922	1	4	5	2	3	14523	0	1000	1066	356	0	1	4	5	2	3	1360	1574	1804	2060	2300	6000	5000	1	1	1	1	1	1
8	50	1	5	1000	283020	283020.004	283	919.999	3	2	4	5	1	32451	0	1000	972	496	0	3	2	4	5	1	2546	2806	3020	3214	3374	6000	5000	1	1	1	1	1	1
8	51	0	5	1000	288020	288020.014	288	918.005	1	4	5	2	3	14523	0	16000	998	370	0	1	4	5	2	3	1374	1574	1798	2066	2260	6000	5000	1	1	1	1	1	1
8	52	0	5	1000	308020	308020.013	308	912.005	1	4	5	2	3	14523	0	1000	1064	362	0	1	4	5	2	3	1366	1632	1854	2122	2304	6000	5000	1	1	1	1	1	1
8	53	0	5	1000	313020	313020.009	313	910.003	1	3	2	5	4	13254	0	1000	980	342	0	1	3	2	5	4	1346	1550	1760	1984	2216	6000	5000	1	1	1	1	1	1
8	54	1	5	1000	318020	318020.005	318	907.993	1	4	5	2	3	14523	0	1000	1102	346	0	1	4	5	2	3	1350	1590	1846	2104	2320	6000	5000	1	1	1	1	1	1
8	55	0	5	1000	323020	323020.005	323	905.996	3	2	4	5	1	32451	0	1000	1110	332	0	3	2	4	5	1	1336	1572	1856	2134	2350	6000	5000	1	1	1	1	1	1
8	56	1	5	1000	328020	328020.004	328	904	1	3	2	5	4	13254	0	1000	2304	324	0	1	3	2	5	4	1328	1560	1802	2020	3526	6000	5000	1	1	1	1	1	1
8	57	0	5	1000	333020	333020.005	333	902.001	3	5	1	2	4	35124	0	1000	1196	440	0	3	5	1	2	4	1444	1746	2002	2250	2502	6000	5000	1	1	1	1	1	1
8	58	0	5	1000	338020	338020	338	902.001	3	2	4	5	1	32451	0	1000	1112	424	0	3	2	4	5	1	1428	1664	1904	2164	2392	6000	5000	1	1	1	1	1	1
8	59	1	5	1000	343020	343022.013	343	902.008	1	4	5	2	3	14523	0	1000	1114	368	0	1	4	5	2	3	1372	1620	1846	2060	2248	6000	5000	1	1	1	1	1	1
8	60	1	5	1000	348020	348020.008	348	897.995	1	3	2	5	4	13254	0	1000	1034	358	0	1	3	2	5	4	1362	1560	1782	2008	2238	6000	5000	1	1	1	1	1	1
8	61	1	5	1000	353020	353022.003	353	897.968	1	4	5	2	3	14523	0	1000	948	304	0	1	4	5	2	3	1308	1530	1734	1938	2104	6000	5000	1	1	1	1	1	1
8	62	0	5	1000	358020	358020.015	358	896.014	1	3	2	5	4	13254	0	1000	1080	382	0	1	3	2	5	4	1386	1590	1828	2084	2348	6000	5000	1	1	1	1	1	1
8	63	1	5	1000	363020	363020.014	363	892.015	3	5	1	2	4	35124	0	1000	1232	332	0	3	5	1	2	4	1336	1580	1824	2046	2288	6000	5000	1	1	1	1	1	1
8	64	0	5	1000	368020	368020.02	368	890.01	3	2	4	5	1	32451	0	1000	1110	344	0	3	2	4	5	1	1348	1606	1848	2088	2302	6000	5000	1	1	1	1	1	1
8	65	1	5	1000	373020	373020.002	373	889.992	3	5	1	2	4	35124	0	1000	1056	348	0	3	5	1	2	4	1352	1576	1808	2000	2208	6000	5000	1	1	1	1	1	1
8	66	1	5	1000	378020	378020.003	378	887.948	3	5	1	2	4	35124	0	1000	1024	374	0	3	5	1	2	4	1378	1588	1836	2018	2246	6000	5000	1	1	1	1	1	1
8	67	0	5	1000	383020	383020.004	383	885.995	3	5	1	2	4	35124	0	1000	1376	416	0	3	5	1	2	4	1420	1708	1962	2246	2568	6000	5000	1	1	1	1	1	1
8	68	0	5	1000	388020	388020.003	388	883.996	3	5	1	2	4	35124	0	16000	1074	430	0	3	5	1	2	4	1434	1666	1946	2144	2354	6000	5000	1	1	1	1	1	1
																				3	2	4	5	1	1480	1740	1988	2194	2412	6000	5000	1	1	1	1	1	1
																				3	5	1	2	4	1332	1574	1802	1972	2162	6000	5000	1	1	1	1	1	1
																				1	3	2	5	4	1370	1610	1824	2060	2270	6000	5000	1	1	1	1	1	1
																				3	2	4	5	1	1266	1534	1782	2078	2382	6000	5000	1	1	1	1	1	1
																				3	2	4	5	1	1376	1608	1846	2098	2308	6000	5000	1	1	1	1	1	1
																				1	4	5	2	3	1308	1536	1784	2046	2274	6000	5000	1	1	1	1	1	1
																				3	5	1	2	4	1352	1576	1822	2066	2322	6000	5000	1	1	1	1	1	1
																				3	5	1	2	4	1296	1554	1848	2084	2394	6000	5000	1	1	1	1	1	1
																				3	2	4	5	1	1386	1648	1938	2210	2508	6000	5000	1	1	1	1	1	1
																				3	2	4	5	1	1516	1804	2108	2408	2722	6000	5000	1	1	1	1	1	1
																				1	3	2	5	4	1404	1700	1974	2260	2580	6000	5000	1	1	1	1	1	1
																				1	4	5	2	3	1398	1664	1936	2228	2528	6000	5000	1	1	1	1	1	1
																				1	4	5	2	3	1476	1770	2140	2456	2772	6000	5000	1	1	1	1	1	1
																				1	3	2	5	4	1354	1622	1906	2194	2436	6000	5000	1	1	1	1	1	1
																				3	5	1	2	4	1416	1654	1904	2192	2482	6000	5000	1	1	1	1	1	1
																				1	3	2	5	4	1308	1548	1792	2040	2316	6000	5000	1	1	1	1	1	1
																				1	3	2	5	4	1372	1608	1838	2046	2240	6000	5000	1	1	1	1	1	1
																				1	3	2	5	4	1408	1626	1834	2040	2216	6000	5000	1	1	1	1	1	1
																				3	2	4	5	1	1334	1580	1818	2030	2258	6000	5000	1	1	1	1	1	1
																				1	3	2	5	4	1360	1538	1736	1944	2120	6000	5000	1	1	1	1	1	1
																				1	3	2	5	4	1372	1624	1862	2128	2370	6000	5000	1	1	1	1	1	1
																				3	2	4	5	1	1314	1544	1792	2020	2278	6000	5000	1	1	1	1	1	1
																				3	2	4	5	1	1414	1658	2488	2688	2828	6000	5000	1	1	1	1	1	1
																				1	3	2	5	4	1370	1592	1822	2118	2392	6000	5000	1	1	1	1	1	1
																				1	3	2	5	4	1300	1512	1756	2012	2238	6000	5000	1	1	1	1	1	1
																				3	5	1	2	4	1362	1606	1806	1986	2160	6000	5000	1	1	1	1	1	1
																				1	3	2	5	4	1392	1596	1954	2204	2444	6000	5000	1	1	1	1	1	1
																				3	5	1	2	4	1370	1578	1808	1960	2128	6000	5000	1	1	1	1	1	1
																				1	4	5	2	3	1342	1556	1774	1990	2202	6000	5000	1	1	1	1	1	1
																				1	3	2	5	4	1372	1588	1818	2086	2340	6000	5000	1	1	1	1	1	1
																				1	3	2	5	4	1510	1712	1918	2122	2306	6000	5000	1	1	1	1	1	1
																				1	4	5	2	3	1370	1594	1832	2052	2286	6000	5000	1	1	1	1	1	1
																				1	4	5	2	3	1320	1522	1758	1976	2200	6000	5000	1	1	1	1	1	1
																				1	4	5	2	3	1268	1458	1690	1898	2140	6000	5000	1	1	1	1	1	1
																				1	4	5	2	3	1328	1560	1780	1998	2226	6000	5000	1	1	1	1	1	1
																				3	5	1	2	4	1354	1586	1842	2044	2292	6000	5000	1	1	1	1	1	1
																				3	5	1	2	4	1290	1510	1730	1900	2086	6000	5000	1	1	1	1	1	1
																				1	4	5	2	3	1278	1496	1732	1960	2212	6000	5000	1	1	1	1	1	1
																				1	3	2	5	4	1326	1524	1760	1994	2204	6000	5000	1	1	1	1	1	1
																				1	4	5	2	3	1324	1560	1812	2062	2328	6000	5000	1	1	1	1	1	1
																				3	2	4	5	1	1326	1550	1808	2054	2238	6000	5000	1	1	1	1	1	1
																				1	3	2	5	4	1320	1556	1836	2142	2408	6000	5000	1	1	1	1	1	1
																				3	2	4	5	1	1524	1780	2040	2300	2536	6000	5000	1	1	1	1	1	1
																				3	5	1	2	4	1366	1566	1790	1956	2140	6000	5000	1	1	1	1	1	1
																				1	4	5	2	3	1610	1878	2220	2496	2778	6000	5000	1	1	1	1	1	1
																				3	2	4	5	1	1382	1664	1916	2170	2384	6000	5000	1	1	1	1	1	1
																				3	5	1	2	4	1368	1592	1856	2064	2302	6000	5000	1	1	1	1	1	1
																				1	3	2	5	4	1392	2218	2426	2618	2774	6000	5000	1	1	1	1	1	1
																				1	4	5	2	3	1396	1614	1830	2076	2250	6000	5000	1	1	1	1	1	1
																				3	5	1	2	4	1288	1464	1676	1808	1976	6000	5000	1	1	1	1	1	1
																				3	5	1	2	4	1370	1562	1826	2070	2328	6000	5000	1	1	1	1	1	1
																				3	5	1	2	4	1636	1872	2106	2240	2368	6000	5000	1	1	1	1	1	1
																				1	4	5	2	3	1364	1560	1752	2198	2360	6000	5000	1	1	1	1	1	1
																				1	4	5	2	3	1248	1478	1730	1968	2238	6000	5000	1	1	1	1	1	1
																				3	2	4	5	1	1348	1592	1852	2126	2392	6000	5000	1	1	1	1	1	1
																				3	5	1	2	4	1408	1644	1884	2114	2340	6000	5000	1	1	1	1	1	1
																				3	2	4	5	1	1370	1582	1820	2028	2232	6000	5000	1	1	1	1	1	1
																				1	4	5	2	3	1364	1574	1816	2082	2318	6000	5000	1	1	1	1	1	1
																				1	3	2	5	4	1334	1548	1784	2026	2226	6000	5000	1	1	1	1	1	1
																				3	5	1	2	4	1346	1574	1798	2000	2224	6000	5000	1	1	1	1	1	1
																				3	5	1	2	4	1558	1842	2090	2286	2476	6000	5000	1	1	1	1	1	1
																				3	2	4	5	1	1334	1548	1772	1970	2178	6000	5000	1	1	1	1	1	1
																				1	4	5	2	3	1420	1672	1904	2158	2356	6000	5000	1	1	1	1	1	1
																				3	5	1	2	4	1334	1566	1818	2002	2216	6000	5000	1	1	1	1	1	1
																				3	2	4	5	1	1338	1594	1876	2138	2354	6000	5000	1	1	1	1	1	1
																				3	2	4	5	1	1360	1598	1832	2046	2242	6000	5000	1	1	1	1	1	1
																				1	4	5	2	3	1326	1538	1772	1998	2210	6000	5000	1	1	1	1	1	1
																				3	2	4	5	1	1324	1532	1746	1956	2170	6000	5000	1	1	1	1	1	1