BN	TN	seqType	Horizon	PrepTime	startTime	startTimeReal	startTRReal	startTRtime	press0	press1	press2	press3	press4	cueP	complete	iti	MT	RT	isError	response0	response1	response2	response3	response4	pressTime0	pressTime1	pressTime2	pressTime3	pressTime4	timeThreshold	timeThresholdSuper	points	Gain1	Gain2	Gain3	Gain4	Gain5
1	1	1	5	1000	8020	8020.008	9	14.01	1	3	2	5	4	13254	0	1000	1278	1112	0	1	3	2	5	4	2116	2538	2872	3158	3190	6000	5000	1	1	1	1	1	1
1	2	1	5	1000	13020	13021.999	14	14.015	3	2	4	5	1	32451	0	1000	2782	70	1	2	4	5	1	1	1148	1520	1868	2220	3506	6000	5000	0	1	1	1	1	1
1	3	0	5	1000	18020	18020.01	19	11.999	3	2	4	5	1	32451	0	1000	2536	16	0	3	2	4	5	1	1020	1552	2014	2426	2758	6000	5000	1	1	1	1	1	1
1	4	1	5	1000	23020	23020.117	24	10.117	3	5	1	2	4	35124	0	1000	1628	478	0	3	5	1	2	4	1482	1874	2206	2532	2890	6000	5000	1	1	1	1	1	1
1	5	1	5	1000	28020	28021.996	29	9.976	1	4	5	2	3	14523	0	1000	1524	378	0	1	4	5	2	3	1780	2090	2442	2744	3042	6000	5000	1	1	1	1	1	1
1	6	1	5	1000	33020	33020.007	34	6.011	1	4	5	2	3	14523	0	1000	1456	464	0	1	4	5	2	3	1468	1776	2064	2404	2700	6000	5000	1	1	1	1	1	1
1	7	0	5	1000	38020	38020.006	39	4.007	3	2	4	5	1	32451	0	1000	0	582	0	3	2	4	5	1	2718	3046	3414	3680	3982	6000	5000	0	1	1	1	1	1
1	8	0	5	1000	43020	43021.996	44	3.91	1	3	2	5	4	13254	0	1000	1418	490	0	1	3	2	5	4	1494	1816	2154	2468	2784	6000	5000	1	1	1	1	1	1
1	9	0	5	1000	48020	48020.01	49	0	1	4	5	2	3	14523	0	1000	1448	548	0	1	4	5	2	3	1552	1866	2208	2558	2898	6000	5000	1	1	1	1	1	1
1	10	1	5	1000	53020	53020.142	54	0	1	4	5	2	3	14523	0	1000	1344	482	0	1	4	5	2	3	1486	1774	2070	2408	2724	6000	5000	1	1	1	1	1	1
1	11	1	5	1000	58020	58021.971	59	0	3	5	1	2	4	35124	0	1000	2350	558	0	3	5	1	2	4	1562	1928	2272	2612	3628	6000	5000	1	1	1	1	1	1
1	12	0	5	1000	63020	63021.982	63	998.012	3	2	4	5	1	32451	0	1000	1652	582	0	3	2	4	5	1	1586	1910	2242	2616	2944	6000	5000	1	1	1	1	1	1
1	13	1	5	1000	68020	68021.968	68	998.002	1	4	5	2	3	14523	0	1000	1458	480	0	1	4	5	2	3	1484	1810	2110	2430	2734	6000	5000	1	1	1	1	1	1
1	14	0	5	1000	73020	73021.97	73	994	1	3	2	5	4	13254	0	1000	1484	458	0	1	3	2	5	4	1462	1744	2076	2374	2726	6000	5000	1	1	1	1	1	1
1	15	1	5	1000	78020	78021.966	78	991.999	3	2	4	5	1	32451	0	1000	1546	386	0	3	2	4	5	1	1390	1666	1980	2290	2604	6000	5000	1	1	1	1	1	1
1	16	1	5	1000	83020	83021.984	83	992.008	3	2	4	5	1	32451	0	1000	1620	182	0	3	2	4	5	1	1186	1576	1856	2172	2470	6000	5000	1	1	1	1	1	1
1	17	1	5	1000	88020	88022.013	88	990.026	1	3	2	5	4	13254	0	16000	1458	432	0	1	3	2	5	4	1436	1732	2036	2386	2738	6000	5000	1	1	1	1	1	1
1	18	1	5	1000	108020	108021.998	108	981.988	1	3	2	5	4	13254	0	1000	1512	466	0	1	3	2	5	4	1470	1828	2164	2472	2806	6000	5000	1	1	1	1	1	1
1	19	1	5	1000	113020	113021.997	113	980	1	3	2	5	4	13254	0	1000	1476	576	0	1	3	2	5	4	1580	1904	2204	2520	2850	6000	5000	1	1	1	1	1	1
1	20	1	5	1000	118020	118020.04	118	976.039	3	5	1	2	4	35124	0	1000	1618	544	0	3	5	1	2	4	1548	1950	2272	2602	2956	6000	5000	1	1	1	1	1	1
1	21	0	5	1000	123020	123020.097	123	976.1	3	5	1	2	4	35124	0	1000	1342	502	0	3	5	1	2	4	1506	1818	2134	2384	2780	6000	5000	1	1	1	1	1	1
1	22	0	5	1000	128020	128020.001	128	973.992	1	3	2	5	4	13254	0	1000	1438	548	0	1	3	2	5	4	1552	1836	2152	2460	2826	6000	5000	1	1	1	1	1	1
1	23	0	5	1000	133020	133020.007	133	971.982	1	3	2	5	4	13254	0	1000	1400	454	0	1	3	2	5	4	1458	1768	2086	2380	2708	6000	5000	1	1	1	1	1	1
1	24	0	5	1000	138020	138021.998	138	971.952	3	2	4	5	1	32451	0	1000	1754	568	0	3	2	4	5	1	1572	1880	2238	2486	2864	6000	5000	1	1	1	1	1	1
1	25	1	5	1000	143020	143021.992	143	969.998	1	3	2	5	4	13254	0	1000	1416	438	0	1	3	2	5	4	1442	1750	2040	2348	2692	6000	5000	1	1	1	1	1	1
1	26	0	5	1000	148020	148021.996	148	967.988	1	4	5	2	3	14523	0	1000	1434	390	0	1	4	5	2	3	1394	1696	1992	2348	2646	6000	5000	1	1	1	1	1	1
1	27	1	5	1000	153020	153020.002	153	963.988	3	2	4	5	1	32451	0	1000	1648	488	0	3	2	4	5	1	1492	1778	2106	2392	2696	6000	5000	1	1	1	1	1	1
1	28	1	5	1000	158020	158021.996	158	965.978	3	5	1	2	4	35124	0	1000	1410	456	0	3	5	1	2	4	1460	1758	2072	2392	2708	6000	5000	1	1	1	1	1	1
1	29	0	5	1000	163020	163022.007	163	963.988	1	3	2	5	4	13254	0	1000	1496	420	0	1	3	2	5	4	1424	1724	2018	2338	2730	6000	5000	1	1	1	1	1	1
1	30	1	5	1000	168020	168020	168	960.006	3	5	1	2	4	35124	0	1000	1470	490	0	3	5	1	2	4	1494	1792	2110	2396	2780	6000	5000	1	1	1	1	1	1
1	31	1	5	1000	173020	173020.011	173	959.958	3	2	4	5	1	32451	0	1000	1536	374	0	3	2	4	5	1	1378	1652	1968	2268	2644	6000	5000	1	1	1	1	1	1
1	32	0	5	1000	178020	178020.118	178	956.117	3	5	1	2	4	35124	0	1000	1452	340	0	3	5	1	2	4	1344	1620	1918	2184	2620	6000	5000	1	1	1	1	1	1
1	33	1	5	1000	183020	183020.054	183	953.904	3	2	4	5	1	32451	0	1000	1430	598	0	3	2	4	5	1	1602	1860	2204	2488	2802	6000	5000	1	1	1	1	1	1
1	34	0	5	1000	188020	188020.009	188	951.999	1	4	5	2	3	14523	0	16000	1406	562	0	1	4	5	2	3	1566	1836	2110	2436	2740	6000	5000	1	1	1	1	1	1
1	35	0	5	1000	208020	208021.996	208	948	1	4	5	2	3	14523	0	1000	1440	70	0	1	4	5	2	3	1074	1456	1732	2038	2312	6000	5000	1	1	1	1	1	1
1	36	0	5	1000	213020	213021.98	213	946	3	2	4	5	1	32451	0	1000	1502	448	0	3	2	4	5	1	1452	1766	2112	2410	2698	6000	5000	1	1	1	1	1	1
1	37	0	5	1000	218020	218021.979	218	943.99	1	4	5	2	3	14523	0	1000	1414	616	0	1	4	5	2	3	1620	1892	2186	2526	2846	6000	5000	1	1	1	1	1	1
1	38	1	5	1000	223020	223021.977	223	942.004	3	5	1	2	4	35124	0	1000	1412	592	0	3	5	1	2	4	1596	1882	2190	2502	2882	6000	5000	1	1	1	1	1	1
1	39	1	5	1000	228020	228021.97	228	941.997	3	5	1	2	4	35124	0	1000	1462	420	0	3	5	1	2	4	1424	1720	2028	2328	2694	6000	5000	1	1	1	1	1	1
1	40	0	5	1000	233020	233021.972	233	940	1	4	5	2	3	14523	0	1000	1500	348	0	1	4	5	2	3	1352	1688	1996	2296	2618	6000	5000	1	1	1	1	1	1
1	41	0	5	1000	238020	238021.973	238	937.992	3	5	1	2	4	35124	0	1000	1428	402	0	3	5	1	2	4	1406	1686	2010	2314	2672	6000	5000	1	1	1	1	1	1
1	42	0	5	1000	243020	243021.992	243	936.008	3	5	1	2	4	35124	0	1000	1408	436	0	3	5	1	2	4	1440	1698	2016	2334	2686	6000	5000	1	1	1	1	1	1
1	43	1	5	1000	248020	248021.969	248	933.999	1	3	2	5	4	13254	0	1000	1498	698	0	1	3	2	5	4	1702	2076	2368	2668	2996	6000	5000	1	1	1	1	1	1
1	44	0	5	1000	253020	253021.966	253	931.981	1	3	2	5	4	13254	0	1000	1508	442	0	1	3	2	5	4	1446	1750	2086	2404	2750	6000	5000	1	1	1	1	1	1
1	45	0	5	1000	258020	258021.992	258	930.006	3	5	1	2	4	35124	0	1000	1456	368	0	3	5	1	2	4	1372	1648	2018	2286	2660	6000	5000	1	1	1	1	1	1
1	46	0	5	1000	263020	263021.992	263	930.008	3	2	4	5	1	32451	0	1000	1734	464	0	3	2	4	5	1	1468	1790	2134	2484	2808	6000	5000	1	1	1	1	1	1
1	47	0	5	1000	268020	268021.975	268	927.992	3	2	4	5	1	32451	0	1000	1684	562	0	3	2	4	5	1	1566	1910	2226	2560	2866	6000	5000	1	1	1	1	1	1
1	48	1	5	1000	273020	273021.975	273	925.993	3	2	4	5	1	32451	0	1000	1494	554	0	3	2	4	5	1	1558	1828	2180	2480	2790	6000	5000	1	1	1	1	1	1
1	49	0	5	1000	278020	278021.969	278	923.998	1	3	2	5	4	13254	0	1000	1418	560	0	1	3	2	5	4	1564	1828	2152	2464	2788	6000	5000	1	1	1	1	1	1
1	50	1	5	1000	283020	283021.972	283	922.007	1	3	2	5	4	13254	0	1000	1440	654	0	1	3	2	5	4	1658	1972	2264	2564	2918	6000	5000	1	1	1	1	1	1
1	51	1	5	1000	288020	288021.987	288	919.999	1	4	5	2	3	14523	0	16000	1356	474	0	1	4	5	2	3	1478	1746	2052	2350	2634	6000	5000	1	1	1	1	1	1
1	52	1	5	1000	308020	308021.971	308	913.982	1	4	5	2	3	14523	0	1000	1398	546	0	1	4	5	2	3	1550	1860	2138	2448	2758	6000	5000	1	1	1	1	1	1
1	53	1	5	1000	313020	313021.986	313	912.004	3	2	4	5	1	32451	0	1000	1584	520	0	3	2	4	5	1	1524	1832	2150	2466	2808	6000	5000	1	1	1	1	1	1
1	54	1	5	1000	318020	318021.987	318	912.013	1	4	5	2	3	14523	0	1000	1386	446	0	1	4	5	2	3	1450	1716	2022	2326	2636	6000	5000	1	1	1	1	1	1
1	55	0	5	1000	323020	323021.979	323	907.992	1	4	5	2	3	14523	0	1000	1432	436	0	1	4	5	2	3	1440	1716	2022	2362	2690	6000	5000	1	1	1	1	1	1
1	56	1	5	1000	328020	328021.993	328	906.007	1	3	2	5	4	13254	0	1000	1454	688	0	1	3	2	5	4	1692	1960	2262	2530	2888	6000	5000	1	1	1	1	1	1
1	57	0	5	1000	333020	333021.969	333	905.99	3	2	4	5	1	32451	0	1000	1494	614	0	3	2	4	5	1	1618	1892	2234	2554	2864	6000	5000	1	1	1	1	1	1
1	58	0	5	1000	338020	338021.976	338	903.999	3	5	1	2	4	35124	0	1000	1470	408	0	3	5	1	2	4	1412	1686	2030	2336	2648	6000	5000	1	1	1	1	1	1
1	59	1	5	1000	343020	343021.964	343	901.987	1	4	5	2	3	14523	0	1000	1482	376	0	1	4	5	2	3	1380	1674	1972	2320	2636	6000	5000	1	1	1	1	1	1
1	60	0	5	1000	348020	348021.967	348	900	3	5	1	2	4	35124	0	1000	1350	606	1	3	3	5	1	2	1610	1918	1970	2196	2488	6000	5000	0	1	1	1	1	1
1	61	1	5	1000	353020	353021.971	353	897.968	3	5	1	2	4	35124	0	1000	1466	442	0	3	5	1	2	4	1446	1720	2016	2432	2772	6000	5000	1	1	1	1	1	1
1	62	1	5	1000	358020	358021.99	358	897.992	1	3	2	5	4	13254	0	1000	1496	500	0	1	3	2	5	4	1504	1828	2164	2484	2824	6000	5000	1	1	1	1	1	1
1	63	0	5	1000	363020	363021.968	363	893.971	3	5	1	2	4	35124	0	1000	1388	286	0	3	5	1	2	4	1290	1576	1916	2206	2542	6000	5000	1	1	1	1	1	1
1	64	0	5	1000	368020	368021.97	368	891.972	1	4	5	2	3	14523	0	1000	1466	252	0	1	4	5	2	3	1256	1588	1880	2208	2504	6000	5000	1	1	1	1	1	1
1	65	0	5	1000	373020	373021.988	373	892	1	4	5	2	3	14523	0	1000	1516	348	0	1	4	5	2	3	1352	1632	1954	2304	2642	6000	5000	1	1	1	1	1	1
1	66	0	5	1000	378020	378021.975	378	889.985	1	3	2	5	4	13254	0	1000	1536	398	0	1	3	2	5	4	1402	1710	2036	2346	2730	6000	5000	1	1	1	1	1	1
1	67	1	5	1000	383020	383021.986	383	888.019	1	4	5	2	3	14523	0	1000	1370	420	0	1	4	5	2	3	1424	1700	1960	2312	2598	6000	5000	1	1	1	1	1	1
1	68	1	5	1000	388020	388021.97	388	885.99	1	3	2	5	4	13254	0	16000	1390	434	0	1	3	2	5	4	1438	1716	2038	2342	2690	6000	5000	1	1	1	1	1	1
2	1	0	5	1000	8020	8021.966	9	15.993	3	2	4	5	1	32451	0	1000	1628	624	0	3	2	4	5	1	1628	1960	2276	2570	2892	6000	5000	1	1	1	1	1	1
2	2	1	5	1000	13020	13021.986	14	16.007	3	5	1	2	4	35124	0	1000	1470	374	0	3	5	1	2	4	1378	1688	1998	2314	2666	6000	5000	1	1	1	1	1	1
2	3	1	5	1000	18020	18021.989	19	14.027	1	3	2	5	4	13254	0	1000	1302	624	0	1	3	2	5	4	1628	1922	2216	2436	2698	6000	5000	1	1	1	1	1	1
2	4	1	5	1000	23020	23021.989	24	12.011	1	3	2	5	4	13254	0	1000	1580	522	0	1	3	2	5	4	1526	1984	2282	2512	2838	6000	5000	1	1	1	1	1	1
2	5	0	5	1000	28020	28020.006	29	8.029	3	2	4	5	1	32451	0	1000	1568	776	0	3	2	4	5	1	1780	2068	2360	2666	3032	6000	5000	1	1	1	1	1	1
2	6	1	5	1000	33020	33020.001	34	6.024	1	4	5	2	3	14523	0	1000	1308	470	0	1	4	5	2	3	1474	1730	1998	2300	2554	6000	5000	1	1	1	1	1	1
2	7	0	5	1000	38020	38021.977	39	5.964	3	2	4	5	1	32451	0	1000	1512	540	0	3	2	4	5	1	1544	1840	2126	2408	2730	6000	5000	1	1	1	1	1	1
2	8	0	5	1000	43020	43021.963	44	3.9	1	3	2	5	4	13254	0	1000	1446	554	0	1	3	2	5	4	1558	1840	2174	2448	2800	6000	5000	1	1	1	1	1	1
2	9	1	5	1000	48020	48021.989	49	4.001	3	2	4	5	1	32451	0	1000	1368	448	0	3	2	4	5	1	1452	1706	2010	2294	2594	6000	5000	1	1	1	1	1	1
2	10	0	5	1000	53020	53021.967	54	1.978	1	3	2	5	4	13254	0	1000	1314	450	0	1	3	2	5	4	1454	1736	2062	2286	2560	6000	5000	1	1	1	1	1	1
2	11	0	5	1000	58020	58022.011	59	0	3	5	1	2	4	35124	0	1000	1240	396	0	3	5	1	2	4	1400	1650	1972	2204	2516	6000	5000	1	1	1	1	1	1
2	12	1	5	1000	63020	63021.967	63	997.998	3	5	1	2	4	35124	0	1000	1078	1114	1	3	5	2	1	3	2118	2362	2630	2788	3030	6000	5000	0	1	1	1	1	1
2	13	1	5	1000	68020	68021.98	68	996.006	1	4	5	2	3	14523	0	1000	1258	572	0	1	4	5	2	3	1576	1828	2092	2404	2756	6000	5000	1	1	1	1	1	1
2	14	1	5	1000	73020	73022.005	73	994.028	1	4	5	2	3	14523	0	1000	1316	412	0	1	4	5	2	3	1416	1660	1940	2266	2552	6000	5000	1	1	1	1	1	1
2	15	1	5	1000	78020	78021.997	78	994.021	1	3	2	5	4	13254	0	1000	1498	752	0	1	3	2	5	4	1756	2270	2534	2798	3084	6000	5000	1	1	1	1	1	1
2	16	0	5	1000	83020	83020.001	83	990.024	3	5	1	2	4	35124	0	1000	1440	350	0	3	5	1	2	4	1354	1626	1954	2266	2656	6000	5000	1	1	1	1	1	1
2	17	0	5	1000	88020	88022.001	88	990.002	1	4	5	2	3	14523	0	16000	1356	308	0	1	4	5	2	3	1312	1618	1928	2216	2530	6000	5000	1	1	1	1	1	1
2	18	0	5	1000	108020	108020	108	980.023	1	4	5	2	3	14523	0	1000	1384	482	0	1	4	5	2	3	1486	1786	2076	2400	2694	6000	5000	1	1	1	1	1	1
2	19	1	5	1000	113020	113020	113	978.033	1	3	2	5	4	13254	0	1000	1388	670	0	1	3	2	5	4	1674	1954	2270	2548	2882	6000	5000	1	1	1	1	1	1
2	20	1	5	1000	118020	118021.975	118	979.97	1	4	5	2	3	14523	0	1000	1356	470	0	1	4	5	2	3	1474	1776	2074	2384	2646	6000	5000	1	1	1	1	1	1
2	21	0	5	1000	123020	123022	123	978.002	1	3	2	5	4	13254	0	1000	1364	404	0	1	3	2	5	4	1408	1662	1986	2276	2598	6000	5000	1	1	1	1	1	1
2	22	1	5	1000	128020	128021.975	128	975.988	1	3	2	5	4	13254	0	1000	1418	418	0	1	3	2	5	4	1422	1742	2052	2348	2678	6000	5000	1	1	1	1	1	1
2	23	1	5	1000	133020	133021.995	133	974.018	3	2	4	5	1	32451	0	1000	1530	508	0	3	2	4	5	1	1512	1814	2162	2446	2748	6000	5000	1	1	1	1	1	1
2	24	1	5	1000	138020	138020.001	138	970.021	1	4	5	2	3	14523	0	1000	1396	400	0	1	4	5	2	3	1404	1710	2000	2334	2624	6000	5000	1	1	1	1	1	1
2	25	0	5	1000	143020	143021.961	143	970.004	1	4	5	2	3	14523	0	1000	1362	196	0	1	4	5	2	3	1200	1466	1754	2116	2382	6000	5000	1	1	1	1	1	1
2	26	0	5	1000	148020	148020.1	148	966.121	3	2	4	5	1	32451	0	1000	1498	424	0	3	2	4	5	1	1428	1716	2024	2334	2662	6000	5000	1	1	1	1	1	1
2	27	0	5	1000	153020	153021.961	153	967.916	3	5	1	2	4	35124	0	1000	1544	400	0	3	5	1	2	4	1404	1682	2046	2372	2746	6000	5000	1	1	1	1	1	1
2	28	0	5	1000	158020	158021.995	158	965.985	1	3	2	5	4	13254	0	1000	1296	42	1	3	1	3	2	5	1254	1314	1708	1944	2288	6000	5000	0	1	1	1	1	1
2	29	1	5	1000	163020	163021.988	163	964.013	3	5	1	2	4	35124	0	1000	1426	574	0	3	5	1	2	4	1578	1886	2168	2470	2774	6000	5000	1	1	1	1	1	1
2	30	0	5	1000	168020	168021.976	168	961.988	3	2	4	5	1	32451	0	1000	1456	132	0	3	2	4	5	1	1136	1458	1750	2002	2346	6000	5000	1	1	1	1	1	1
2	31	1	5	1000	173020	173021.978	173	960.003	3	2	4	5	1	32451	0	1000	1402	348	0	3	2	4	5	1	1352	1632	1956	2226	2520	6000	5000	1	1	1	1	1	1
2	32	1	5	1000	178020	178020.01	178	956.024	3	5	1	2	4	35124	0	1000	1764	12	1	5	1	2	4	4	1016	1334	1672	2066	2594	6000	5000	0	1	1	1	1	1
2	33	1	5	1000	183020	183020.003	183	954.018	3	2	4	5	1	32451	0	1000	1512	588	0	3	2	4	5	1	1592	1868	2204	2516	2846	6000	5000	1	1	1	1	1	1
2	34	0	5	1000	188020	188021.995	188	956.018	1	4	5	2	3	14523	0	16000	1524	28	0	1	4	5	2	3	1032	1368	1710	2044	2354	6000	5000	1	1	1	1	1	1
2	35	0	5	1000	208020	208020.062	208	946.088	1	4	5	2	3	14523	0	1000	1588	344	0	1	4	5	2	3	1348	1668	1966	2356	2710	6000	5000	1	1	1	1	1	1
2	36	0	5	1000	213020	213021.989	213	946.024	1	3	2	5	4	13254	0	1000	1522	482	0	1	3	2	5	4	1486	1802	2134	2444	2774	6000	5000	1	1	1	1	1	1
2	37	0	5	1000	218020	218021.991	218	944.014	1	3	2	5	4	13254	0	1000	1350	250	0	1	3	2	5	4	1552	1864	2160	2432	2710	6000	5000	1	1	1	1	1	1
2	38	1	5	1000	223020	223021.975	223	944.006	1	4	5	2	3	14523	0	1000	1430	444	0	1	4	5	2	3	1448	1722	2010	2348	2642	6000	5000	1	1	1	1	1	1
2	39	1	5	1000	228020	228021.988	228	941.992	3	5	1	2	4	35124	0	1000	1440	568	1	3	5	1	2	3	1572	1836	2134	2442	2746	6000	5000	0	1	1	1	1	1
2	40	1	5	1000	233020	233022.079	233	940.116	3	5	1	2	4	35124	0	1000	1822	714	0	3	5	1	2	4	1718	2162	2554	2928	3310	6000	5000	1	1	1	1	1	1
2	41	0	5	1000	238020	238022.083	238	938.072	1	4	5	2	3	14523	0	1000	1898	530	0	1	4	5	2	3	1534	1924	2310	2726	3210	6000	5000	1	1	1	1	1	1
2	42	1	5	1000	243020	243021.988	243	935.99	3	2	4	5	1	32451	0	1000	1674	580	1	3	2	4	5	5	1584	1914	2318	2664	2994	6000	5000	0	1	1	1	1	1
2	43	1	5	1000	248020	248021.988	248	933.996	3	2	4	5	1	32451	0	1000	1662	474	0	3	2	4	5	1	1478	1794	2158	2498	2832	6000	5000	1	1	1	1	1	1
2	44	0	5	1000	253020	253021.976	253	931.999	3	5	1	2	4	35124	0	1000	1476	292	0	3	5	1	2	4	1488	1786	2130	2462	2800	6000	5000	1	1	1	1	1	1
2	45	0	5	1000	258020	258021.975	258	931.986	3	5	1	2	4	35124	0	1000	1582	410	0	3	5	1	2	4	1414	1702	2060	2406	2796	6000	5000	1	1	1	1	1	1
2	46	1	5	1000	263020	263020.012	263	927.925	3	2	4	5	1	32451	0	1000	1562	352	0	3	2	4	5	1	1356	1668	2026	2376	2664	6000	5000	1	1	1	1	1	1
2	47	1	5	1000	268020	268021.976	268	928.009	1	3	2	5	4	13254	0	1000	1600	444	0	1	3	2	5	4	1448	1780	2132	2464	2894	6000	5000	1	1	1	1	1	1
2	48	0	5	1000	273020	273020.03	273	924.064	1	3	2	5	4	13254	0	1000	1478	386	0	1	3	2	5	4	1390	1722	2058	2366	2736	6000	5000	1	1	1	1	1	1
2	49	0	5	1000	278020	278021.975	278	923.997	1	4	5	2	3	14523	0	1000	1578	640	0	1	4	5	2	3	1644	1958	2296	2678	3028	6000	5000	1	1	1	1	1	1
2	50	1	5	1000	283020	283021.963	283	921.973	3	5	1	2	4	35124	0	1000	1616	546	0	3	5	1	2	4	1550	1882	2230	2584	2982	6000	5000	1	1	1	1	1	1
2	51	0	5	1000	288020	288022.088	288	920.101	3	5	1	2	4	35124	0	16000	1422	392	0	3	5	1	2	4	1396	1680	1996	2284	2644	6000	5000	1	1	1	1	1	1
2	52	0	5	1000	308020	308021.951	308	914.007	3	5	1	2	4	35124	0	1000	1422	720	0	3	5	1	2	4	1818	2114	2426	2712	3062	6000	5000	1	1	1	1	1	1
2	53	0	5	1000	313020	313021.954	313	913.99	3	2	4	5	1	32451	0	1000	1562	502	0	3	2	4	5	1	1506	1818	2178	2474	2804	6000	5000	1	1	1	1	1	1
2	54	1	5	1000	318020	318021.951	318	909.982	1	3	2	5	4	13254	0	1000	1556	494	0	1	3	2	5	4	1498	1826	2168	2490	2858	6000	5000	1	1	1	1	1	1
2	55	1	5	1000	323020	323021.971	323	910.004	3	5	1	2	4	35124	0	1000	1540	552	0	3	5	1	2	4	1556	1888	2192	2568	2906	6000	5000	1	1	1	1	1	1
2	56	0	5	1000	328020	328021.958	328	905.984	1	3	2	5	4	13254	0	1000	1458	462	0	1	3	2	5	4	1466	1776	2162	2428	2790	6000	5000	1	1	1	1	1	1
2	57	0	5	1000	333020	333021.979	333	906.031	3	2	4	5	1	32451	0	1000	1608	498	0	3	2	4	5	1	1502	1782	2136	2496	2816	6000	5000	1	1	1	1	1	1
2	58	0	5	1000	338020	338022.212	338	904.267	3	2	4	5	1	32451	0	1000	1512	378	0	3	2	4	5	1	1382	1680	1998	2288	2622	6000	5000	1	1	1	1	1	1
2	59	0	5	1000	343020	343020.388	343	900.43	1	4	5	2	3	14523	0	1000	1476	406	0	1	4	5	2	3	1410	1722	2012	2370	2728	6000	5000	1	1	1	1	1	1
2	60	1	5	1000	348020	348021.953	348	900.001	1	4	5	2	3	14523	0	1000	1532	372	0	1	4	5	2	3	1376	1722	2004	2354	2696	6000	5000	1	1	1	1	1	1
2	61	0	5	1000	353020	353021.953	353	898.005	3	5	1	2	4	35124	0	1000	1432	386	0	3	5	1	2	4	1390	1680	1988	2294	2656	6000	5000	1	1	1	1	1	1
2	62	1	5	1000	358020	358021.951	358	895.996	1	3	2	5	4	13254	0	1000	1544	566	0	1	3	2	5	4	1570	1892	2212	2554	2936	6000	5000	1	1	1	1	1	1
2	63	0	5	1000	363020	363021.975	363	896.024	1	4	5	2	3	14523	0	1000	1482	472	0	1	4	5	2	3	1476	1776	2080	2426	2764	6000	5000	1	1	1	1	1	1
2	64	0	5	1000	368020	368020.209	368	892.24	1	4	5	2	3	14523	0	1000	1418	254	0	1	4	5	2	3	1258	1550	1830	2172	2452	6000	5000	1	1	1	1	1	1
2	65	0	5	1000	373020	373021.947	373	892.001	3	5	1	2	4	35124	0	1000	1502	414	0	3	5	1	2	4	1418	1702	2022	2304	2704	6000	5000	1	1	1	1	1	1
2	66	1	5	1000	378020	378021.949	378	890.004	1	4	5	2	3	14523	0	1000	1456	482	0	1	4	5	2	3	1486	1776	2084	2392	2698	6000	5000	1	1	1	1	1	1
2	67	1	5	1000	383020	383021.97	383	888.024	3	2	4	5	1	32451	0	1000	1608	448	0	3	2	4	5	1	1452	1770	2116	2420	2752	6000	5000	1	1	1	1	1	1
2	68	0	5	1000	388020	388021.948	388	885.993	3	2	4	5	1	32451	0	16000	1652	516	0	3	2	4	5	1	1520	1842	2188	2496	2864	6000	5000	1	1	1	1	1	1
3	1	1	5	1000	8020	8021.976	9	18.002	1	4	5	2	3	14523	0	1000	1626	652	0	1	4	5	2	3	1656	2002	2322	2676	3008	6000	5000	1	1	1	1	1	1
3	2	0	5	1000	13020	13020.001	14	13.882	1	3	2	5	4	13254	0	1000	1578	476	0	1	3	2	5	4	1480	1814	2178	2464	2836	6000	5000	1	1	1	1	1	1
3	3	0	5	1000	18020	18021.978	19	13.999	3	5	1	2	4	35124	0	1000	1652	414	0	3	5	1	2	4	1418	1746	1826	2316	2912	6000	5000	1	1	1	1	1	1
3	4	1	5	1000	23020	23020.1	24	10.096	1	3	2	5	4	13254	0	1000	1650	890	1	1	3	2	4	4	1894	2286	2602	3034	3372	6000	5000	0	1	1	1	1	1
3	5	0	5	1000	28020	28022.012	29	10.013	3	2	4	5	1	32451	0	1000	1316	742	0	3	2	4	5	1	1746	2034	2358	2588	2826	6000	5000	1	1	1	1	1	1
3	6	1	5	1000	33020	33021.987	34	7.999	3	2	4	5	1	32451	0	1000	1564	370	0	3	2	4	5	1	1374	1676	2024	2330	2662	6000	5000	1	1	1	1	1	1
3	7	1	5	1000	38020	38021.987	39	7.997	3	2	4	5	1	32451	0	1000	1594	424	0	3	2	4	5	1	1428	1748	2094	2386	2718	6000	5000	1	1	1	1	1	1
3	8	1	5	1000	43020	43021.995	44	6.005	1	3	2	5	4	13254	0	1000	1572	390	0	1	3	2	5	4	1394	1724	2094	2414	2760	6000	5000	1	1	1	1	1	1
3	9	1	5	1000	48020	48022.007	49	4.018	3	5	1	2	4	35124	0	1000	1500	478	0	3	5	1	2	4	1482	1792	2096	2436	2794	6000	5000	1	1	1	1	1	1
3	10	0	5	1000	53020	53020.004	54	0	3	2	4	5	1	32451	0	1000	1568	326	0	3	2	4	5	1	1330	1632	1978	2354	2680	6000	5000	1	1	1	1	1	1
3	11	1	5	1000	58020	58021.976	59	0	3	5	1	2	4	35124	0	1000	1466	416	0	3	5	1	2	4	1420	1716	2036	2414	2746	6000	5000	1	1	1	1	1	1
3	12	0	5	1000	63020	63020.119	63	996.141	1	4	5	2	3	14523	0	1000	1514	394	0	1	4	5	2	3	1398	1734	2044	2386	2716	6000	5000	1	1	1	1	1	1
3	13	0	5	1000	68020	68021.97	68	997.98	3	5	1	2	4	35124	0	1000	1466	344	0	3	5	1	2	4	1348	1648	1946	2290	2680	6000	5000	1	1	1	1	1	1
3	14	0	5	1000	73020	73021.989	73	995.984	3	5	1	2	4	35124	0	1000	1506	202	0	3	5	1	2	4	1206	1566	1864	2240	2574	6000	5000	1	1	1	1	1	1
3	15	1	5	1000	78020	78021.988	78	994.012	3	2	4	5	1	32451	0	1000	1466	558	0	3	2	4	5	1	1562	1868	2200	2520	2800	6000	5000	1	1	1	1	1	1
3	16	0	5	1000	83020	83020.01	83	990.015	3	2	4	5	1	32451	0	1000	1462	768	0	3	2	4	5	1	1772	2086	2452	2758	3066	6000	5000	1	1	1	1	1	1
3	17	1	5	1000	88020	88020.004	88	988.014	1	4	5	2	3	14523	0	16000	1436	548	0	1	4	5	2	3	1552	1912	2170	2516	2882	6000	5000	1	1	1	1	1	1
3	18	1	5	1000	108020	108020.141	108	982.139	1	4	5	2	3	14523	0	1000	1424	502	0	1	4	5	2	3	1506	1820	2142	2494	2804	6000	5000	1	1	1	1	1	1
3	19	1	5	1000	113020	113021.987	113	981.999	3	2	4	5	1	32451	0	1000	1434	564	0	3	2	4	5	1	1568	1874	2190	2492	2864	6000	5000	1	1	1	1	1	1
3	20	0	5	1000	118020	118022.018	118	980.029	1	4	5	2	3	14523	0	1000	1612	502	0	1	4	5	2	3	1506	1768	2012	2274	2936	6000	5000	1	1	1	1	1	1
3	21	0	5	1000	123020	123020.013	123	976.024	1	4	5	2	3	14523	0	1000	1604	408	0	1	4	5	2	3	1412	1798	2146	2510	2854	6000	5000	1	1	1	1	1	1
3	22	1	5	1000	128020	128021.988	128	975.976	3	2	4	5	1	32451	0	1000	1544	460	0	3	2	4	5	1	1464	1790	2138	2510	2812	6000	5000	1	1	1	1	1	1
3	23	0	5	1000	133020	133021.988	133	973.998	3	5	1	2	4	35124	0	1000	1508	498	0	3	5	1	2	4	1502	1836	2136	2518	2870	6000	5000	1	1	1	1	1	1
3	24	1	5	1000	138020	138022.008	138	974.007	3	5	1	2	4	35124	0	1000	1546	918	0	3	5	1	2	4	1922	2286	2570	2952	3304	6000	5000	1	1	1	1	1	1
3	25	1	5	1000	143020	143020.017	143	970.038	1	4	5	2	3	14523	0	1000	1546	80	0	1	4	5	2	3	1084	1458	1762	2106	2438	6000	5000	1	1	1	1	1	1
3	26	1	5	1000	148020	148020.033	148	968.031	3	5	1	2	4	35124	0	1000	1600	452	0	3	5	1	2	4	1456	1842	2166	2510	2900	6000	5000	1	1	1	1	1	1
3	27	1	5	1000	153020	153020.012	153	966.025	3	5	1	2	4	35124	0	1000	1328	132	1	5	3	5	1	2	1280	1516	1762	2034	2328	6000	5000	0	1	1	1	1	1
3	28	0	5	1000	158020	158021.99	158	966.001	3	5	1	2	4	35124	0	1000	1506	378	0	3	5	1	2	4	1382	1700	2018	2328	2758	6000	5000	1	1	1	1	1	1
3	29	1	5	1000	163020	163021.989	163	963.985	1	4	5	2	3	14523	0	1000	1440	346	0	1	4	5	2	3	1350	1642	1950	2324	2616	6000	5000	1	1	1	1	1	1
3	30	1	5	1000	168020	168020.018	168	960.029	1	3	2	5	4	13254	0	1000	1596	434	0	1	3	2	5	4	1438	1762	2106	2426	2814	6000	5000	1	1	1	1	1	1
3	31	0	5	1000	173020	173021.99	173	961.894	1	4	5	2	3	14523	0	1000	1424	486	0	1	4	5	2	3	1490	1776	2068	2410	2676	6000	5000	1	1	1	1	1	1
3	32	1	5	1000	178020	178022.02	178	960.031	1	3	2	5	4	13254	0	1000	1496	410	0	1	3	2	5	4	1414	1712	2068	2368	2702	6000	5000	1	1	1	1	1	1
3	33	1	5	1000	183020	183022.001	183	958.006	1	3	2	5	4	13254	0	1000	1566	472	0	1	3	2	5	4	1476	1804	2126	2418	2772	6000	5000	1	1	1	1	1	1
3	34	0	5	1000	188020	188020.035	188	954.024	1	3	2	5	4	13254	0	16000	1460	178	0	1	3	2	5	4	1182	1470	1794	2086	2416	6000	5000	1	1	1	1	1	1
3	35	0	5	1000	208020	208021.991	208	948.004	1	3	2	5	4	13254	0	1000	1554	80	0	1	3	2	5	4	1472	1858	2176	2486	2826	6000	5000	1	1	1	1	1	1
3	36	0	5	1000	213020	213021.99	213	947.997	1	3	2	5	4	13254	0	1000	1594	510	0	1	3	2	5	4	1514	1890	2252	2552	2900	6000	5000	1	1	1	1	1	1
3	37	0	5	1000	218020	218022.009	218	946.05	3	2	4	5	1	32451	0	1000	1792	326	0	3	2	4	5	1	1330	1682	2028	2342	2694	6000	5000	1	1	1	1	1	1
3	38	0	5	1000	223020	223021.974	223	943.996	3	5	1	2	4	35124	0	1000	1528	354	0	3	5	1	2	4	1358	1660	1976	2300	2668	6000	5000	1	1	1	1	1	1
3	39	0	5	1000	228020	228021.988	228	942.023	1	3	2	5	4	13254	0	1000	1540	390	0	1	3	2	5	4	1394	1708	2080	2406	2738	6000	5000	1	1	1	1	1	1
3	40	1	5	1000	233020	233021.962	233	940.004	3	5	1	2	4	35124	0	1000	1442	386	0	3	5	1	2	4	1390	1686	2020	2306	2680	6000	5000	1	1	1	1	1	1
3	41	0	5	1000	238020	238020.004	238	936.045	1	3	2	5	4	13254	0	1000	1456	432	0	1	3	2	5	4	1436	1750	2104	2426	2676	6000	5000	1	1	1	1	1	1
3	42	1	5	1000	243020	243021.995	243	936.018	3	2	4	5	1	32451	0	1000	1486	668	0	3	2	4	5	1	1672	1970	2272	2640	2886	6000	5000	1	1	1	1	1	1
3	43	1	5	1000	248020	248021.962	248	935.973	1	4	5	2	3	14523	0	1000	1406	582	0	1	4	5	2	3	1586	1864	2150	2502	2738	6000	5000	1	1	1	1	1	1
3	44	0	5	1000	253020	253021.978	253	933.979	1	4	5	2	3	14523	0	1000	1328	832	0	1	4	5	2	3	1836	2092	2366	2656	2936	6000	5000	1	1	1	1	1	1
3	45	1	5	1000	258020	258021.996	258	932.034	3	5	1	2	4	35124	0	1000	1356	604	1	3	5	1	2	3	1608	1894	2196	2466	2720	6000	5000	0	1	1	1	1	1
3	46	1	5	1000	263020	263021.962	263	929.973	3	2	4	5	1	32451	0	1000	1488	368	0	3	2	4	5	1	1372	1660	2002	2318	2602	6000	5000	1	1	1	1	1	1
3	47	0	5	1000	268020	268021.982	268	927.999	1	3	2	5	4	13254	0	1000	1558	96	0	1	3	2	5	4	1100	1450	1774	2112	2444	6000	5000	1	1	1	1	1	1
3	48	0	5	1000	273020	273020.004	273	924.032	1	4	5	2	3	14523	0	1000	1450	430	0	1	4	5	2	3	1434	1734	2034	2398	2672	6000	5000	1	1	1	1	1	1
3	49	0	5	1000	278020	278020.012	278	922.052	3	2	4	5	1	32451	0	1000	1708	446	0	3	2	4	5	1	1450	1762	2102	2434	2742	6000	5000	1	1	1	1	1	1
3	50	0	5	1000	283020	283021.958	283	923.995	1	4	5	2	3	14523	0	1000	1384	400	0	1	4	5	2	3	1718	1994	2282	2572	2824	6000	5000	1	1	1	1	1	1
3	51	1	5	1000	288020	288021.993	288	922.037	1	4	5	2	3	14523	0	16000	1326	408	0	1	4	5	2	3	1412	1710	1988	2278	2526	6000	5000	1	1	1	1	1	1
3	52	1	5	1000	308020	308020.051	308	912.09	1	4	5	2	3	14523	0	1000	1490	460	0	1	4	5	2	3	1464	1766	2074	2394	2684	6000	5000	1	1	1	1	1	1
3	53	0	5	1000	313020	313021.979	313	914.016	3	5	1	2	4	35124	0	1000	1514	440	0	3	5	1	2	4	1444	1764	2104	2414	2782	6000	5000	1	1	1	1	1	1
3	54	0	5	1000	318020	318021.962	318	912.001	3	2	4	5	1	32451	0	1000	1800	418	0	3	2	4	5	1	1422	1726	2046	2388	2702	6000	5000	1	1	1	1	1	1
3	55	0	5	1000	323020	323021.959	323	909.986	1	3	2	5	4	13254	0	1000	1502	356	0	1	3	2	5	4	1360	1730	2062	2334	2650	6000	5000	1	1	1	1	1	1
3	56	1	5	1000	328020	328021.993	328	908.015	1	3	2	5	4	13254	0	1000	1532	510	0	1	3	2	5	4	1514	1826	2160	2452	2806	6000	5000	1	1	1	1	1	1
3	57	0	5	1000	333020	333021.959	333	905.981	3	5	1	2	4	35124	0	1000	1568	428	0	3	5	1	2	4	1432	1754	2102	2432	2794	6000	5000	1	1	1	1	1	1
3	58	0	5	1000	338020	338021.964	338	903.992	1	4	5	2	3	14523	0	1000	1558	348	0	1	4	5	2	3	1352	1684	2000	2352	2662	6000	5000	1	1	1	1	1	1
3	59	0	5	1000	343020	343021.959	343	901.981	1	3	2	5	4	13254	0	1000	1456	374	0	1	3	2	5	4	1378	1702	2068	2376	2632	6000	5000	1	1	1	1	1	1
3	60	1	5	1000	348020	348021.995	348	900.028	1	4	5	2	3	14523	0	1000	1484	410	0	1	4	5	2	3	1414	1734	2052	2360	2648	6000	5000	1	1	1	1	1	1
3	61	0	5	1000	353020	353021.969	353	900.005	3	2	4	5	1	32451	0	1000	0	430	0	3	2	4	5	1	1434	1756	2092	2430	2702	6000	5000	0	1	1	1	1	1
3	62	0	5	1000	358020	358021.981	358	897.994	3	2	4	5	1	32451	0	1000	1234	634	0	3	2	4	5	1	1644	1932	2218	2466	2678	6000	5000	1	1	1	1	1	1
3	63	1	5	1000	363020	363021.959	363	895.995	1	3	2	5	4	13254	0	1000	1438	478	0	1	3	2	5	4	1482	1796	2068	2404	2754	6000	5000	1	1	1	1	1	1
3	64	1	5	1000	368020	368021.979	368	893.99	3	2	4	5	1	32451	0	1000	1342	770	0	3	2	4	5	1	1774	2050	2344	2610	2830	6000	5000	1	1	1	1	1	1
3	65	1	5	1000	373020	373021.981	373	891.992	3	5	1	2	4	35124	0	1000	1298	464	0	3	5	1	2	4	1468	1728	2000	2288	2630	6000	5000	1	1	1	1	1	1
3	66	1	5	1000	378020	378021.981	378	890.02	1	3	2	5	4	13254	0	1000	1238	432	0	1	3	2	5	4	1436	1710	1964	2244	2498	6000	5000	1	1	1	1	1	1
3	67	1	5	1000	383020	383021.958	383	887.979	1	4	5	2	3	14523	0	1000	1278	392	0	1	4	5	2	3	1396	1654	1906	2204	2484	6000	5000	1	1	1	1	1	1
3	68	1	5	1000	388020	388021.978	388	887.99	1	4	5	2	3	14523	0	16000	1336	384	0	1	4	5	2	3	1388	1660	1904	2216	2508	6000	5000	1	1	1	1	1	1
4	1	1	5	1000	8020	8020.004	9	14.01	3	5	1	2	4	35124	0	1000	1478	506	0	3	5	1	2	4	1510	1852	2200	2480	2862	6000	5000	1	1	1	1	1	1
4	2	1	5	1000	13020	13020.012	14	11.999	1	3	2	5	4	13254	0	1000	1370	464	0	1	3	2	5	4	1468	1752	2082	2398	2672	6000	5000	1	1	1	1	1	1
4	3	1	5	1000	18020	18021.992	19	12.002	1	3	2	5	4	13254	0	1000	1290	420	0	1	3	2	5	4	1424	1698	2004	2288	2526	6000	5000	1	1	1	1	1	1
4	4	0	5	1000	23020	23021.992	24	11.99	1	3	2	5	4	13254	0	1000	1364	654	0	1	3	2	5	4	1658	1920	2274	2592	2846	6000	5000	1	1	1	1	1	1
4	5	0	5	1000	28020	28020.033	29	8.016	1	3	2	5	4	13254	0	1000	1358	162	0	1	3	2	5	4	1166	1436	1746	2036	2344	6000	5000	1	1	1	1	1	1
4	6	1	5	1000	33020	33020	34	5.972	3	5	1	2	4	35124	0	1000	1358	444	0	3	5	1	2	4	1448	1738	2066	2350	2718	6000	5000	1	1	1	1	1	1
4	7	0	5	1000	38020	38021.994	39	5.996	1	4	5	2	3	14523	0	1000	1410	312	0	1	4	5	2	3	1316	1622	1904	2188	2514	6000	5000	1	1	1	1	1	1
4	8	0	5	1000	43020	43020.132	44	2.095	3	5	1	2	4	35124	0	1000	1318	308	0	3	5	1	2	4	1312	1588	1862	2146	2464	6000	5000	1	1	1	1	1	1
4	9	0	5	1000	48020	48021.99	49	1.999	1	3	2	5	4	13254	0	1000	1356	522	0	1	3	2	5	4	1526	1766	2102	2364	2680	6000	5000	1	1	1	1	1	1
4	10	1	5	1000	53020	53022.021	54	0	3	2	4	5	1	32451	0	1000	1460	420	0	3	2	4	5	1	1424	1698	2014	2304	2604	6000	5000	1	1	1	1	1	1
4	11	0	5	1000	58020	58020.007	58	998.027	3	5	1	2	4	35124	0	1000	1168	632	1	3	5	1	2	3	1636	1888	2168	2440	2706	6000	5000	0	1	1	1	1	1
4	12	0	5	1000	63020	63021.982	63	997.976	3	5	1	2	4	35124	0	1000	1444	126	0	3	5	1	2	4	1130	1416	1736	2078	2404	6000	5000	1	1	1	1	1	1
4	13	1	5	1000	68020	68021.99	68	995.984	1	4	5	2	3	14523	0	1000	1408	334	0	1	4	5	2	3	1338	1624	1908	2236	2548	6000	5000	1	1	1	1	1	1
4	14	0	5	1000	73020	73020.021	73	992.026	1	3	2	5	4	13254	0	1000	1880	380	0	1	3	2	5	4	1384	1700	2032	2322	3112	6000	5000	1	1	1	1	1	1
4	15	1	5	1000	78020	78020.005	78	990.023	1	4	5	2	3	14523	0	1000	1344	512	0	1	4	5	2	3	1516	1806	2098	2406	2690	6000	5000	1	1	1	1	1	1
4	16	0	5	1000	83020	83021.992	83	989.991	3	5	1	2	4	35124	0	1000	1318	422	0	3	5	1	2	4	1426	1658	1964	2248	2578	6000	5000	1	1	1	1	1	1
4	17	1	5	1000	88020	88022.005	88	990.027	3	5	1	2	4	35124	0	16000	1336	430	0	3	5	1	2	4	1434	1712	2004	2308	2624	6000	5000	1	1	1	1	1	1
4	18	1	5	1000	108020	108021.998	108	982.007	3	5	1	2	4	35124	0	1000	1404	632	0	3	5	1	2	4	1636	1930	2254	2552	2906	6000	5000	1	1	1	1	1	1
4	19	0	5	1000	113020	113021.987	113	979.976	3	2	4	5	1	32451	0	1000	1538	510	0	3	2	4	5	1	1514	1810	2132	2408	2702	6000	5000	1	1	1	1	1	1
4	20	1	5	1000	118020	118020.004	118	976	1	3	2	5	4	13254	0	1000	1412	466	0	1	3	2	5	4	1470	1772	2084	2370	2678	6000	5000	1	1	1	1	1	1
4	21	0	5	1000	123020	123020.008	123	975.985	3	5	1	2	4	35124	0	1000	1376	226	0	3	5	1	2	4	1230	1538	1858	2126	2462	6000	5000	1	1	1	1	1	1
4	22	0	5	1000	128020	128021.991	128	975.986	1	4	5	2	3	14523	0	1000	1736	480	0	1	4	5	2	3	1484	1778	2438	2730	3038	6000	5000	1	1	1	1	1	1
4	23	0	5	1000	133020	133021.993	133	973.989	1	3	2	5	4	13254	0	1000	1372	508	0	1	3	2	5	4	1512	1842	2158	2436	2710	6000	5000	1	1	1	1	1	1
4	24	0	5	1000	138020	138020.012	138	970.005	1	4	5	2	3	14523	0	1000	1390	662	0	1	4	5	2	3	1666	1956	2230	2538	2844	6000	5000	1	1	1	1	1	1
4	25	0	5	1000	143020	143020.013	143	968.009	3	2	4	5	1	32451	0	1000	1622	386	0	3	2	4	5	1	1390	1692	1986	2266	2580	6000	5000	1	1	1	1	1	1
4	26	0	5	1000	148020	148021.993	148	970.005	1	3	2	5	4	13254	0	1000	1364	290	0	1	3	2	5	4	1294	1600	1904	2160	2476	6000	5000	1	1	1	1	1	1
4	27	1	5	1000	153020	153020.002	153	964.007	1	3	2	5	4	13254	0	1000	1176	494	0	1	3	2	5	4	1498	1750	2044	2272	2522	6000	5000	1	1	1	1	1	1
4	28	1	5	1000	158020	158021.991	158	965.978	3	2	4	5	1	32451	0	1000	1398	510	0	3	2	4	5	1	1514	1772	2026	2266	2526	6000	5000	1	1	1	1	1	1
4	29	0	5	1000	163020	163020.004	163	962.012	1	3	2	5	4	13254	0	1000	1342	308	0	1	3	2	5	4	1312	1658	1932	2212	2482	6000	5000	1	1	1	1	1	1
4	30	0	5	1000	168020	168022.006	168	962.002	3	5	1	2	4	35124	0	1000	1370	132	0	3	5	1	2	4	2506	2828	3114	3394	3706	6000	5000	1	1	1	1	1	1
4	31	1	5	1000	173020	173020.013	173	958.021	1	3	2	5	4	13254	0	1000	1464	530	0	1	3	2	5	4	1534	1834	2172	2466	2814	6000	5000	1	1	1	1	1	1
4	32	0	5	1000	178020	178020.002	178	956.012	3	2	4	5	1	32451	0	1000	1336	462	0	3	2	4	5	1	1466	1780	2074	2322	2626	6000	5000	1	1	1	1	1	1
4	33	1	5	1000	183020	183020.003	183	953.975	3	5	1	2	4	35124	0	1000	1340	436	0	3	5	1	2	4	1440	1710	2012	2300	2626	6000	5000	1	1	1	1	1	1
4	34	0	5	1000	188020	188021.994	188	953.99	3	5	1	2	4	35124	0	16000	1232	302	0	3	5	1	2	4	1306	1588	1856	2102	2392	6000	5000	1	1	1	1	1	1
4	35	0	5	1000	208020	208021.99	208	947.867	3	5	1	2	4	35124	0	1000	1528	398	0	3	5	1	2	4	1402	1728	2070	2396	2732	6000	5000	1	1	1	1	1	1
4	36	1	5	1000	213020	213020.005	213	943.987	3	2	4	5	1	32451	0	1000	1436	498	0	3	2	4	5	1	1502	1780	2108	2434	2716	6000	5000	1	1	1	1	1	1
4	37	1	5	1000	218020	218021.993	218	944.015	3	2	4	5	1	32451	0	1000	1338	420	0	3	2	4	5	1	1424	1692	1992	2272	2556	6000	5000	1	1	1	1	1	1
4	38	1	5	1000	223020	223022.005	223	942.025	3	5	1	2	4	35124	0	1000	1346	636	0	3	5	1	2	4	1640	1918	2210	2534	2848	6000	5000	1	1	1	1	1	1
4	39	1	5	1000	228020	228021.992	228	941.979	1	4	5	2	3	14523	0	1000	1344	450	0	1	4	5	2	3	1454	1744	2000	2314	2616	6000	5000	1	1	1	1	1	1
4	40	1	5	1000	233020	233022.007	233	939.991	1	3	2	5	4	13254	0	1000	1532	544	0	1	3	2	5	4	1548	1898	2210	2506	2880	6000	5000	1	1	1	1	1	1
4	41	1	5	1000	238020	238020.008	238	936.047	1	4	5	2	3	14523	0	1000	1474	432	0	1	4	5	2	3	1436	1758	2040	2384	2694	6000	5000	1	1	1	1	1	1
4	42	0	5	1000	243020	243021.992	243	936.022	1	4	5	2	3	14523	0	1000	1350	364	0	1	4	5	2	3	1368	1652	1914	2250	2544	6000	5000	1	1	1	1	1	1
4	43	0	5	1000	248020	248022.015	248	934.03	1	4	5	2	3	14523	0	1000	1376	484	0	1	4	5	2	3	1488	1774	2032	2378	2680	6000	5000	1	1	1	1	1	1
4	44	1	5	1000	253020	253021.993	253	931.998	3	2	4	5	1	32451	0	1000	1392	484	0	3	2	4	5	1	1488	1812	2090	2340	2660	6000	5000	1	1	1	1	1	1
4	45	1	5	1000	258020	258021.979	258	929.998	1	3	2	5	4	13254	0	1000	1378	776	0	1	3	2	5	4	1780	2084	2398	2670	2956	6000	5000	1	1	1	1	1	1
4	46	0	5	1000	263020	263022.004	263	928.01	1	4	5	2	3	14523	0	1000	1436	526	0	1	4	5	2	3	1530	1818	2102	2458	2714	6000	5000	1	1	1	1	1	1
4	47	1	5	1000	268020	268021.982	268	927.979	1	3	2	5	4	13254	0	1000	1568	506	0	1	3	2	5	4	1510	1892	2204	2502	2836	6000	5000	1	1	1	1	1	1
4	48	1	5	1000	273020	273020.017	273	924.037	3	5	1	2	4	35124	0	1000	0	0	0	0	0	0	0	0	0	0	0	0	0	6000	5000	0	1	1	1	1	1
4	49	1	5	1000	278020	278021.967	278	923.974	3	2	4	5	1	32451	0	1000	1468	706	0	3	2	4	5	1	1710	2026	2384	2682	2960	6000	5000	1	1	1	1	1	1
4	50	0	5	1000	283020	283021.992	283	922.012	1	4	5	2	3	14523	0	1000	1532	632	0	1	4	5	2	3	1636	1974	2322	2666	2944	6000	5000	1	1	1	1	1	1
4	51	1	5	1000	288020	288021.982	288	919.99	3	5	1	2	4	35124	0	16000	1478	448	0	3	5	1	2	4	1452	1758	2078	2384	2756	6000	5000	1	1	1	1	1	1
4	52	1	5	1000	308020	308021.993	308	914.001	3	5	1	2	4	35124	0	1000	0	0	0	0	0	0	0	0	0	0	0	0	0	6000	5000	0	1	1	1	1	1
4	53	1	5	1000	313020	313020.022	313	910.042	3	5	1	2	4	35124	0	1000	0	0	0	0	0	0	0	0	0	0	0	0	0	6000	5000	0	1	1	1	1	1
4	54	0	5	1000	318020	318021.96	318	909.968	1	3	2	5	4	13254	0	1000	0	0	0	0	0	0	0	0	0	0	0	0	0	6000	5000	0	1	1	1	1	1
4	55	0	5	1000	323020	323021.995	323	907.97	3	2	4	5	1	32451	0	1000	0	0	0	0	0	0	0	0	0	0	0	0	0	6000	5000	0	1	1	1	1	1
4	56	0	5	1000	328020	328021.962	328	905.967	3	5	1	2	4	35124	0	1000	1482	606	0	3	5	1	2	4	1610	1930	2260	2554	2906	6000	5000	1	1	1	1	1	1
4	57	0	5	1000	333020	333021.984	333	904.007	3	2	4	5	1	32451	0	1000	1366	474	0	3	2	4	5	1	1478	1786	2066	2366	2626	6000	5000	1	1	1	1	1	1
4	58	1	5	1000	338020	338021.988	338	904.005	3	2	4	5	1	32451	0	1000	1386	546	0	3	2	4	5	1	1550	1840	2158	2462	2736	6000	5000	1	1	1	1	1	1
4	59	0	5	1000	343020	343021.971	343	901.985	3	2	4	5	1	32451	0	1000	1296	628	0	3	2	4	5	1	1632	1908	2208	2504	2736	6000	5000	1	1	1	1	1	1
4	60	0	5	1000	348020	348021.966	348	899.976	3	2	4	5	1	32451	0	1000	1366	682	0	3	2	4	5	1	1686	1986	2294	2586	2840	6000	5000	1	1	1	1	1	1
4	61	1	5	1000	353020	353020.012	353	896.031	1	4	5	2	3	14523	0	1000	1336	444	0	1	4	5	2	3	1448	1748	2020	2340	2642	6000	5000	1	1	1	1	1	1
4	62	1	5	1000	358020	358021.975	358	895.997	3	2	4	5	1	32451	0	1000	1304	550	0	3	2	4	5	1	1554	1830	2146	2418	2682	6000	5000	1	1	1	1	1	1
4	63	1	5	1000	363020	363021.993	363	894.013	1	4	5	2	3	14523	0	1000	1412	480	0	1	4	5	2	3	1484	1782	2074	2414	2684	6000	5000	1	1	1	1	1	1
4	64	1	5	1000	368020	368021.979	368	891.99	1	4	5	2	3	14523	0	1000	1340	458	0	1	4	5	2	3	1462	1740	2004	2310	2586	6000	5000	1	1	1	1	1	1
4	65	0	5	1000	373020	373021.985	373	891.981	3	2	4	5	1	32451	0	1000	1310	428	0	3	2	4	5	1	1432	1710	2016	2286	2570	6000	5000	1	1	1	1	1	1
4	66	0	5	1000	378020	378021.994	378	889.99	1	4	5	2	3	14523	0	1000	1376	428	0	1	4	5	2	3	1656	1984	2248	2566	2848	6000	5000	1	1	1	1	1	1
4	67	1	5	1000	383020	383020.01	383	886.029	1	4	5	2	3	14523	0	1000	1176	526	0	1	4	5	2	3	1530	1792	2008	2284	2524	6000	5000	1	1	1	1	1	1
4	68	1	5	1000	388020	388021.979	388	885.998	3	5	1	2	4	35124	0	16000	2086	570	0	3	5	1	2	4	1574	1824	2132	2424	3428	6000	5000	1	1	1	1	1	1
5	1	0	5	1000	8020	8020.001	9	15.883	1	4	5	2	3	14523	0	1000	0	0	0	0	0	0	0	0	0	0	0	0	0	6000	5000	0	1	1	1	1	1
5	2	1	5	1000	13020	13021.989	14	15.897	1	4	5	2	3	14523	0	1000	0	0	0	0	0	0	0	0	0	0	0	0	0	6000	5000	0	1	1	1	1	1
5	3	1	5	1000	18020	18022.001	19	14.001	3	5	1	2	4	35124	0	1000	0	1004	1	3	1	2	4	4	2008	2478	2902	3340	3856	6000	5000	0	1	1	1	1	1
5	4	1	5	1000	23020	23020.018	24	9.995	3	5	1	2	4	35124	0	1000	2196	564	0	3	5	1	2	4	1568	2220	2666	3124	3552	6000	5000	1	1	1	1	1	1
5	5	0	5	1000	28020	28021.995	29	9.985	3	5	1	2	4	35124	0	1000	1816	366	0	3	5	1	2	4	1660	2062	2472	2868	3296	6000	5000	1	1	1	1	1	1
5	6	1	5	1000	33020	33020.012	34	5.99	3	2	4	5	1	32451	0	1000	1754	544	0	3	2	4	5	1	1548	1932	2308	2670	3032	6000	5000	1	1	1	1	1	1
5	7	0	5	1000	38020	38022.023	39	8.03	1	4	5	2	3	14523	0	1000	1632	458	0	1	4	5	2	3	1462	1790	2166	2536	2876	6000	5000	1	1	1	1	1	1
5	8	1	5	1000	43020	43021.998	44	5.873	3	5	1	2	4	35124	0	1000	1664	490	0	3	5	1	2	4	1494	1930	2246	2628	3004	6000	5000	1	1	1	1	1	1
5	9	0	5	1000	48020	48022.104	49	4.103	3	2	4	5	1	32451	0	1000	1576	436	0	3	2	4	5	1	1440	1790	2130	2460	2796	6000	5000	1	1	1	1	1	1
5	10	1	5	1000	53020	53021.989	54	2.002	1	4	5	2	3	14523	0	1000	1536	398	0	1	4	5	2	3	1402	1742	2032	2400	2728	6000	5000	1	1	1	1	1	1
5	11	1	5	1000	58020	58021.995	59	0	1	4	5	2	3	14523	0	1000	1456	346	0	1	4	5	2	3	1350	1652	1948	2282	2612	6000	5000	1	1	1	1	1	1
5	12	1	5	1000	63020	63020.011	63	996.022	3	2	4	5	1	32451	0	1000	1516	304	0	3	2	4	5	1	1308	1612	1942	2254	2584	6000	5000	1	1	1	1	1	1
5	13	1	5	1000	68020	68020.001	68	996.01	1	4	5	2	3	14523	0	1000	1534	408	0	1	4	5	2	3	1412	1740	2052	2386	2722	6000	5000	1	1	1	1	1	1
5	14	1	5	1000	73020	73020.023	73	994.008	1	3	2	5	4	13254	0	1000	1550	474	0	1	3	2	5	4	1478	1786	2152	2450	2846	6000	5000	1	1	1	1	1	1
5	15	1	5	1000	78020	78020.023	78	992.028	1	4	5	2	3	14523	0	1000	1396	370	0	1	4	5	2	3	1374	1652	1952	2296	2598	6000	5000	1	1	1	1	1	1
5	16	0	5	1000	83020	83020.024	83	990.006	1	4	5	2	3	14523	0	1000	1484	172	0	1	4	5	2	3	1176	1518	1822	2158	2458	6000	5000	1	1	1	1	1	1
5	17	0	5	1000	88020	88020.001	88	989.978	3	5	1	2	4	35124	0	16000	1484	422	0	3	5	1	2	4	1426	1714	2052	2378	2712	6000	5000	1	1	1	1	1	1
5	18	0	5	1000	108020	108020	108	981.993	3	5	1	2	4	35124	0	1000	1428	510	0	3	5	1	2	4	1514	1824	2130	2432	2770	6000	5000	1	1	1	1	1	1
5	19	0	5	1000	113020	113020.012	113	980.001	1	3	2	5	4	13254	0	1000	1440	472	0	1	3	2	5	4	1476	1772	2108	2382	2730	6000	5000	1	1	1	1	1	1
5	20	1	5	1000	118020	118020.003	118	978.019	1	4	5	2	3	14523	0	1000	1422	424	0	1	4	5	2	3	1428	1706	2014	2354	2640	6000	5000	1	1	1	1	1	1
5	21	0	5	1000	123020	123021.997	123	977.867	1	3	2	5	4	13254	0	1000	1500	384	0	1	3	2	5	4	1388	1696	2062	2384	2688	6000	5000	1	1	1	1	1	1
5	22	0	5	1000	128020	128020.088	128	974.087	3	5	1	2	4	35124	0	1000	1442	446	0	3	5	1	2	4	1450	1734	2064	2362	2704	6000	5000	1	1	1	1	1	1
5	23	1	5	1000	133020	133020	133	972.001	3	5	1	2	4	35124	0	1000	1516	420	0	3	5	1	2	4	1424	1768	2094	2424	2750	6000	5000	1	1	1	1	1	1
5	24	0	5	1000	138020	138020.001	138	969.882	1	4	5	2	3	14523	0	1000	1544	458	0	1	4	5	2	3	1462	1804	2124	2476	2758	6000	5000	1	1	1	1	1	1
5	25	0	5	1000	143020	143022.008	143	971.987	1	3	2	5	4	13254	0	1000	1498	406	0	1	3	2	5	4	1456	1742	2074	2376	2728	6000	5000	1	1	1	1	1	1
5	26	1	5	1000	148020	148022.008	148	970.01	3	2	4	5	1	32451	0	1000	1466	408	0	3	2	4	5	1	1412	1690	2030	2342	2638	6000	5000	1	1	1	1	1	1
5	27	0	5	1000	153020	153020.093	153	966.107	1	3	2	5	4	13254	0	1000	1436	732	0	1	3	2	5	4	1736	2022	2384	2680	2968	6000	5000	1	1	1	1	1	1
5	28	1	5	1000	158020	158020.018	158	964.007	3	5	1	2	4	35124	0	1000	1390	430	0	3	5	1	2	4	1434	1744	2040	2348	2688	6000	5000	1	1	1	1	1	1
5	29	1	5	1000	163020	163020.01	163	962.009	3	2	4	5	1	32451	0	1000	0	360	0	3	2	4	5	1	1364	1690	1994	2322	2662	6000	5000	0	1	1	1	1	1
5	30	1	5	1000	168020	168020.01	168	962.008	1	3	2	5	4	13254	0	1000	1430	210	0	1	3	2	5	4	1214	1578	1892	2164	2478	6000	5000	1	1	1	1	1	1
5	31	1	5	1000	173020	173020.024	173	958.024	3	5	1	2	4	35124	0	1000	1344	450	0	3	5	1	2	4	1454	1754	2070	2354	2672	6000	5000	1	1	1	1	1	1
5	32	1	5	1000	178020	178021.998	178	959.999	1	3	2	5	4	13254	0	1000	1408	482	0	1	3	2	5	4	1486	1798	2138	2418	2722	6000	5000	1	1	1	1	1	1
5	33	1	5	1000	183020	183020.001	183	956.002	1	3	2	5	4	13254	0	1000	1470	408	0	1	3	2	5	4	1412	1722	2064	2360	2704	6000	5000	1	1	1	1	1	1
5	34	0	5	1000	188020	188020	188	953.977	3	5	1	2	4	35124	0	16000	1430	412	0	3	5	1	2	4	1416	1712	2034	2348	2700	6000	5000	1	1	1	1	1	1
5	35	0	5	1000	208020	208021.998	208	947.916	3	5	1	2	4	35124	0	1000	1466	446	0	3	5	1	2	4	1450	1762	2110	2392	2770	6000	5000	1	1	1	1	1	1
5	36	1	5	1000	213020	213021.986	213	947.972	1	4	5	2	3	14523	0	1000	1412	410	0	1	4	5	2	3	1414	1690	2002	2308	2590	6000	5000	1	1	1	1	1	1
5	37	0	5	1000	218020	218021.97	218	945.947	3	2	4	5	1	32451	0	1000	1560	452	0	3	2	4	5	1	1456	1770	2124	2410	2696	6000	5000	1	1	1	1	1	1
5	38	0	5	1000	223020	223021.99	223	944.012	1	4	5	2	3	14523	0	1000	1362	240	0	1	4	5	2	3	1262	1560	1838	2160	2458	6000	5000	1	1	1	1	1	1
5	39	1	5	1000	228020	228021.991	228	942.001	3	2	4	5	1	32451	0	1000	1582	638	0	3	2	4	5	1	1642	1992	2304	2590	2936	6000	5000	1	1	1	1	1	1
5	40	0	5	1000	233020	233022	233	940.011	3	2	4	5	1	32451	0	1000	1546	320	0	3	2	4	5	1	1324	1642	1982	2276	2602	6000	5000	1	1	1	1	1	1
5	41	1	5	1000	238020	238021.99	238	937.999	3	2	4	5	1	32451	0	1000	1618	464	0	3	2	4	5	1	1468	1796	2158	2476	2788	6000	5000	1	1	1	1	1	1
5	42	1	5	1000	243020	243021.986	243	936.014	3	2	4	5	1	32451	0	1000	1792	306	0	3	2	4	5	1	1310	1628	1972	2302	2590	6000	5000	1	1	1	1	1	1
5	43	1	5	1000	248020	248021.968	248	935.968	3	5	1	2	4	35124	0	1000	1412	380	0	3	5	1	2	4	1384	1674	2004	2302	2638	6000	5000	1	1	1	1	1	1
5	44	0	5	1000	253020	253021.989	253	933.998	1	3	2	5	4	13254	0	1000	1460	414	0	1	3	2	5	4	1418	1742	2090	2408	2690	6000	5000	1	1	1	1	1	1
5	45	0	5	1000	258020	258021.987	258	932.016	1	4	5	2	3	14523	0	1000	1400	568	0	1	4	5	2	3	1572	1868	2182	2500	2804	6000	5000	1	1	1	1	1	1
5	46	0	5	1000	263020	263021.999	263	929.999	1	4	5	2	3	14523	0	1000	1420	374	0	1	4	5	2	3	1378	1682	1978	2308	2614	6000	5000	1	1	1	1	1	1
5	47	1	5	1000	268020	268022.009	268	928.018	1	3	2	5	4	13254	0	1000	1356	578	0	1	3	2	5	4	1582	1870	2206	2498	2760	6000	5000	1	1	1	1	1	1
5	48	1	5	1000	273020	273021.99	273	925.97	3	2	4	5	1	32451	0	1000	0	712	0	3	2	4	5	1	1716	2024	2316	2604	2964	6000	5000	0	1	1	1	1	1
5	49	0	5	1000	278020	278021.998	278	924.009	3	5	1	2	4	35124	0	1000	0	0	0	0	0	0	0	0	0	0	0	0	0	6000	5000	0	1	1	1	1	1
5	50	0	5	1000	283020	283022.001	283	923.999	3	5	1	2	4	35124	0	1000	0	0	0	0	0	0	0	0	0	0	0	0	0	6000	5000	0	1	1	1	1	1
5	51	0	5	1000	288020	288021.993	288	922.007	3	2	4	5	1	32451	0	16000	0	0	0	0	0	0	0	0	0	0	0	0	0	6000	5000	0	1	1	1	1	1
5	52	0	5	1000	308020	308021.999	308	913.984	3	2	4	5	1	32451	0	1000	1514	542	0	3	2	4	5	1	1546	1868	2184	2494	2784	6000	5000	1	1	1	1	1	1
5	53	1	5	1000	313020	313021.99	313	911.988	1	3	2	5	4	13254	0	1000	1466	534	0	1	3	2	5	4	1538	1826	2164	2482	2848	6000	5000	1	1	1	1	1	1
5	54	0	5	1000	318020	318022.002	318	912.001	3	2	4	5	1	32451	0	1000	1506	464	0	3	2	4	5	1	1468	1758	2116	2428	2696	6000	5000	1	1	1	1	1	1
5	55	0	5	1000	323020	323021.996	323	910.008	3	2	4	5	1	32451	0	1000	1500	500	0	3	2	4	5	1	1504	1804	2126	2450	2756	6000	5000	1	1	1	1	1	1
5	56	0	5	1000	328020	328021.989	328	907.989	1	3	2	5	4	13254	0	1000	1458	426	0	1	3	2	5	4	1430	1732	2062	2374	2702	6000	5000	1	1	1	1	1	1
5	57	0	5	1000	333020	333021.987	333	905.998	1	3	2	5	4	13254	0	1000	1462	578	0	1	3	2	5	4	1582	1874	2210	2518	2860	6000	5000	1	1	1	1	1	1
5	58	0	5	1000	338020	338022	338	904.013	3	2	4	5	1	32451	0	1000	1540	284	0	3	2	4	5	1	1288	1624	1960	2286	2566	6000	5000	1	1	1	1	1	1
5	59	0	5	1000	343020	343020.002	343	899.982	3	5	1	2	4	35124	0	1000	1476	382	0	3	5	1	2	4	1386	1680	2028	2368	2708	6000	5000	1	1	1	1	1	1
5	60	1	5	1000	348020	348022.001	348	900.01	1	3	2	5	4	13254	0	1000	1526	454	0	1	3	2	5	4	1458	1756	2122	2406	2766	6000	5000	1	1	1	1	1	1
5	61	0	5	1000	353020	353021.989	353	899.992	1	3	2	5	4	13254	0	1000	1552	444	0	1	3	2	5	4	1448	1742	2146	2464	2802	6000	5000	1	1	1	1	1	1
5	62	1	5	1000	358020	358022.01	358	898.015	1	3	2	5	4	13254	0	1000	1538	458	0	1	3	2	5	4	1462	1764	2138	2436	2810	6000	5000	1	1	1	1	1	1
5	63	0	5	1000	363020	363021.989	363	895.999	1	4	5	2	3	14523	0	1000	1438	468	0	1	4	5	2	3	1472	1772	2124	2472	2758	6000	5000	1	1	1	1	1	1
5	64	0	5	1000	368020	368021.994	368	893.994	3	2	4	5	1	32451	0	1000	1492	396	0	3	2	4	5	1	1400	1762	2050	2386	2752	6000	5000	1	1	1	1	1	1
5	65	1	5	1000	373020	373021.993	373	892.006	3	5	1	2	4	35124	0	1000	1502	486	0	3	5	1	2	4	1490	1880	2236	2560	2858	6000	5000	1	1	1	1	1	1
5	66	1	5	1000	378020	378022.01	378	890.022	1	4	5	2	3	14523	0	1000	1450	22	0	1	4	5	2	3	1026	1328	1672	2010	2332	6000	5000	1	1	1	1	1	1
5	67	0	5	1000	383020	383021.988	383	887.996	3	5	1	2	4	35124	0	1000	1384	378	0	3	5	1	2	4	1382	1648	1982	2308	2638	6000	5000	1	1	1	1	1	1
5	68	0	5	1000	388020	388021.989	388	886.002	1	4	5	2	3	14523	0	16000	1396	378	0	1	4	5	2	3	1382	1694	1994	2346	2656	6000	5000	1	1	1	1	1	1
6	1	0	5	1000	8020	8022.067	9	16.092	3	5	1	2	4	35124	0	1000	1808	654	0	3	5	1	2	4	1658	2076	2410	2814	3180	6000	5000	1	1	1	1	1	1
6	2	1	5	1000	13020	13021.983	14	13.987	1	4	5	2	3	14523	0	1000	1594	474	0	1	4	5	2	3	1478	1800	2144	2506	2850	6000	5000	1	1	1	1	1	1
6	3	0	5	1000	18020	18021.995	19	11.998	1	3	2	5	4	13254	0	1000	1692	486	0	1	3	2	5	4	1490	1840	2238	2600	2976	6000	5000	1	1	1	1	1	1
6	4	1	5	1000	23020	23021.983	24	11.999	3	2	4	5	1	32451	0	1000	1580	578	0	3	2	4	5	1	1582	1914	2244	2590	2904	6000	5000	1	1	1	1	1	1
6	5	0	5	1000	28020	28021.986	29	9.986	3	5	1	2	4	35124	0	1000	1642	378	0	3	5	1	2	4	1382	1716	2028	2394	2770	6000	5000	1	1	1	1	1	1
6	6	0	5	1000	33020	33020.001	34	6.001	3	5	1	2	4	35124	0	1000	1616	448	0	3	5	1	2	4	1452	1762	2086	2446	2858	6000	5000	1	1	1	1	1	1
6	7	1	5	1000	38020	38021.975	39	5.976	3	2	4	5	1	32451	0	1000	1622	452	0	3	2	4	5	1	1456	1818	2172	2518	2826	6000	5000	1	1	1	1	1	1
6	8	0	5	1000	43020	43021.984	44	3.999	3	2	4	5	1	32451	0	1000	1558	416	0	3	2	4	5	1	1420	1778	2108	2432	2742	6000	5000	1	1	1	1	1	1
6	9	0	5	1000	48020	48021.981	49	2.008	3	5	1	2	4	35124	0	1000	1520	492	0	3	5	1	2	4	1496	1834	2142	2464	2840	6000	5000	1	1	1	1	1	1
6	10	0	5	1000	53020	53021.984	54	0	1	3	2	5	4	13254	0	1000	1626	514	0	1	3	2	5	4	1518	1866	2258	2576	2930	6000	5000	1	1	1	1	1	1
6	11	1	5	1000	58020	58021.972	59	0	3	5	1	2	4	35124	0	1000	1622	454	0	3	5	1	2	4	1458	1856	2172	2518	2884	6000	5000	1	1	1	1	1	1
6	12	0	5	1000	63020	63022.086	63	998.099	1	4	5	2	3	14523	0	1000	1596	122	0	1	4	5	2	3	1126	1512	1840	2182	2526	6000	5000	1	1	1	1	1	1
6	13	1	5	1000	68020	68021.977	68	995.978	3	2	4	5	1	32451	0	1000	1398	298	0	3	2	4	5	1	1302	1644	1940	2240	2500	6000	5000	1	1	1	1	1	1
6	14	0	5	1000	73020	73020.036	73	992.048	1	4	5	2	3	14523	0	1000	1342	302	0	1	4	5	2	3	1306	1572	1854	2168	2448	6000	5000	1	1	1	1	1	1
6	15	1	5	1000	78020	78021.988	78	992.033	1	3	2	5	4	13254	0	1000	1510	486	0	1	3	2	5	4	1490	1814	2120	2460	2800	6000	5000	1	1	1	1	1	1
6	16	0	5	1000	83020	83022.101	83	990.115	1	3	2	5	4	13254	0	1000	1434	434	0	1	3	2	5	4	1438	1722	2046	2360	2648	6000	5000	1	1	1	1	1	1
6	17	0	5	1000	88020	88021.976	88	990.002	1	3	2	5	4	13254	0	16000	1418	444	0	1	3	2	5	4	1448	1764	2094	2388	2676	6000	5000	1	1	1	1	1	1
6	18	0	5	1000	108020	108020.011	108	980.025	1	3	2	5	4	13254	0	1000	1470	42	0	1	3	2	5	4	1046	1368	1688	1998	2330	6000	5000	1	1	1	1	1	1
6	19	0	5	1000	113020	113021.975	113	979.993	1	4	5	2	3	14523	0	1000	1398	314	0	1	4	5	2	3	1318	1634	1926	2224	2542	6000	5000	1	1	1	1	1	1
6	20	0	5	1000	118020	118020.009	118	976.027	1	4	5	2	3	14523	0	1000	1318	414	0	1	4	5	2	3	1418	1726	2004	2290	2574	6000	5000	1	1	1	1	1	1
6	21	1	5	1000	123020	123020.01	123	976.012	3	5	1	2	4	35124	0	1000	1358	908	0	3	5	1	2	4	1912	2218	2484	2790	3136	6000	5000	1	1	1	1	1	1
6	22	0	5	1000	128020	128020.009	128	974.023	3	2	4	5	1	32451	0	1000	1428	828	0	3	2	4	5	1	1832	2160	2466	2768	3026	6000	5000	1	1	1	1	1	1
6	23	0	5	1000	133020	133021.985	133	974.023	1	4	5	2	3	14523	0	1000	1320	332	0	1	4	5	2	3	1336	1634	1906	2198	2468	6000	5000	1	1	1	1	1	1
6	24	0	5	1000	138020	138021.999	138	972.025	3	5	1	2	4	35124	0	1000	1388	202	0	3	5	1	2	4	1206	1494	1778	2056	2412	6000	5000	1	1	1	1	1	1
6	25	0	5	1000	143020	143020	143	968.025	1	4	5	2	3	14523	0	1000	1382	360	0	1	4	5	2	3	1692	2004	2282	2582	2892	6000	5000	1	1	1	1	1	1
6	26	0	5	1000	148020	148021.999	148	968.016	1	3	2	5	4	13254	0	1000	1366	396	0	1	3	2	5	4	1400	1696	2014	2290	2586	6000	5000	1	1	1	1	1	1
6	27	0	5	1000	153020	153020.009	153	964.025	3	5	1	2	4	35124	0	1000	1312	252	0	3	5	1	2	4	1256	1538	1790	2104	2418	6000	5000	1	1	1	1	1	1
6	28	0	5	1000	158020	158020.053	158	964.07	3	2	4	5	1	32451	0	1000	1458	526	0	3	2	4	5	1	1530	1834	2162	2460	2762	6000	5000	1	1	1	1	1	1
6	29	1	5	1000	163020	163020.009	163	962.037	3	2	4	5	1	32451	0	1000	1546	402	0	3	2	4	5	1	1406	1734	2070	2388	2686	6000	5000	1	1	1	1	1	1
6	30	1	5	1000	168020	168022.001	168	962.014	3	2	4	5	1	32451	0	1000	1444	518	0	3	2	4	5	1	1522	1822	2140	2482	2740	6000	5000	1	1	1	1	1	1
6	31	0	5	1000	173020	173021.99	173	960.003	1	3	2	5	4	13254	0	1000	1412	334	0	1	3	2	5	4	1338	1600	1940	2248	2554	6000	5000	1	1	1	1	1	1
6	32	1	5	1000	178020	178022.104	178	958.11	1	4	5	2	3	14523	0	1000	1390	336	0	1	4	5	2	3	1340	1642	1942	2256	2574	6000	5000	1	1	1	1	1	1
6	33	1	5	1000	183020	183022.005	183	955.99	3	2	4	5	1	32451	0	1000	1308	358	0	3	2	4	5	1	1362	1636	1952	2216	2446	6000	5000	1	1	1	1	1	1
6	34	1	5	1000	188020	188021.998	188	954.001	1	3	2	5	4	13254	0	16000	1548	432	0	1	3	2	5	4	1522	1840	2186	2510	2878	6000	5000	1	1	1	1	1	1
6	35	1	5	1000	208020	208020.025	208	946.037	1	3	2	5	4	13254	0	1000	1400	562	0	1	3	2	5	4	1566	1894	2204	2482	2794	6000	5000	1	1	1	1	1	1
6	36	1	5	1000	213020	213021.987	213	945.99	3	5	1	2	4	35124	0	1000	1374	598	0	3	5	1	2	4	1602	1948	2204	2512	2812	6000	5000	1	1	1	1	1	1
6	37	1	5	1000	218020	218021.986	218	944.001	3	5	1	2	4	35124	0	1000	1362	446	0	3	5	1	2	4	1450	1738	2016	2318	2616	6000	5000	1	1	1	1	1	1
6	38	1	5	1000	223020	223022.019	223	942.03	1	4	5	2	3	14523	0	1000	1442	560	0	1	4	5	2	3	2098	2430	2738	3044	3364	6000	5000	1	1	1	1	1	1
6	39	1	5	1000	228020	228021.972	228	939.985	1	4	5	2	3	14523	0	1000	1416	650	0	1	4	5	2	3	1654	2002	2298	2590	2884	6000	5000	1	1	1	1	1	1
6	40	0	5	1000	233020	233021.981	233	940.005	3	5	1	2	4	35124	0	1000	1502	512	0	3	5	1	2	4	1516	1842	2228	2528	2894	6000	5000	1	1	1	1	1	1
6	41	1	5	1000	238020	238021.975	238	937.998	3	5	1	2	4	35124	0	1000	1338	574	0	3	5	1	2	4	1578	1854	2128	2416	2758	6000	5000	1	1	1	1	1	1
6	42	0	5	1000	243020	243021.978	243	936.005	3	5	1	2	4	35124	0	1000	1262	368	0	3	5	1	2	4	1372	1652	1920	2204	2500	6000	5000	1	1	1	1	1	1
6	43	1	5	1000	248020	248021.995	248	934.02	1	3	2	5	4	13254	0	1000	1358	532	0	1	3	2	5	4	1536	1832	2134	2412	2728	6000	5000	1	1	1	1	1	1
6	44	0	5	1000	253020	253021.983	253	932.011	1	4	5	2	3	14523	0	1000	1424	174	0	1	4	5	2	3	1178	1532	1820	2126	2390	6000	5000	1	1	1	1	1	1
6	45	1	5	1000	258020	258021.975	258	930.008	1	4	5	2	3	14523	0	1000	1272	470	0	1	4	5	2	3	1474	1742	2028	2300	2568	6000	5000	1	1	1	1	1	1
6	46	0	5	1000	263020	263021.974	263	927.953	1	4	5	2	3	14523	0	1000	1266	230	0	1	4	5	2	3	1234	1522	1764	2054	2312	6000	5000	1	1	1	1	1	1
6	47	0	5	1000	268020	268021.979	268	927.999	3	2	4	5	1	32451	0	1000	1464	286	0	3	2	4	5	1	1290	1634	1960	2222	2490	6000	5000	1	1	1	1	1	1
6	48	1	5	1000	273020	273021.972	273	925.978	3	5	1	2	4	35124	0	1000	1388	1132	0	3	5	1	2	4	2136	2464	2744	3050	3368	6000	5000	1	1	1	1	1	1
6	49	1	5	1000	278020	278021.975	278	923.988	3	2	4	5	1	32451	0	1000	1540	558	0	3	2	4	5	1	1562	1902	2256	2552	2838	6000	5000	1	1	1	1	1	1
6	50	1	5	1000	283020	283021.989	283	922.015	1	4	5	2	3	14523	0	1000	1486	42	0	1	4	5	2	3	1046	1434	1718	2024	2332	6000	5000	1	1	1	1	1	1
6	51	1	5	1000	288020	288021.976	288	919.996	1	3	2	5	4	13254	0	16000	1392	446	0	1	3	2	5	4	1450	1744	2054	2382	2706	6000	5000	1	1	1	1	1	1
6	52	1	5	1000	308020	308021.984	308	913.999	1	3	2	5	4	13254	0	1000	1462	720	0	1	3	2	5	4	1724	2092	2412	2714	3010	6000	5000	1	1	1	1	1	1
6	53	0	5	1000	313020	313021.973	313	911.993	3	2	4	5	1	32451	0	1000	1478	522	0	3	2	4	5	1	1526	1836	2184	2474	2730	6000	5000	1	1	1	1	1	1
6	54	0	5	1000	318020	318021.959	318	909.98	1	3	2	5	4	13254	0	1000	1416	368	0	1	3	2	5	4	1372	1658	1970	2290	2612	6000	5000	1	1	1	1	1	1
6	55	0	5	1000	323020	323021.974	323	908.001	3	2	4	5	1	32451	0	1000	1498	324	0	3	2	4	5	1	1328	1634	1982	2292	2570	6000	5000	1	1	1	1	1	1
6	56	0	5	1000	328020	328021.979	328	906.026	3	2	4	5	1	32451	0	1000	1556	146	0	3	2	4	5	1	1150	1518	1856	2158	2444	6000	5000	1	1	1	1	1	1
6	57	1	5	1000	333020	333021.963	333	903.982	1	4	5	2	3	14523	0	1000	1394	1112	1	1	4	5	2	4	2116	2396	2674	2988	3376	6000	5000	0	1	1	1	1	1
6	58	1	5	1000	338020	338020.008	338	902.023	3	5	1	2	4	35124	0	1000	1364	618	1	2	5	1	2	4	1622	1916	2216	2508	2826	6000	5000	0	1	1	1	1	1
6	59	1	5	1000	343020	343021.987	343	902.01	1	3	2	5	4	13254	0	1000	1414	538	0	1	3	2	5	4	1576	1904	2224	2502	2814	6000	5000	1	1	1	1	1	1
6	60	1	5	1000	348020	348021.977	348	900	1	3	2	5	4	13254	0	1000	1440	544	0	1	3	2	5	4	1548	1878	2200	2492	2798	6000	5000	1	1	1	1	1	1
6	61	1	5	1000	353020	353021.972	353	897.997	3	2	4	5	1	32451	0	1000	1416	668	0	3	2	4	5	1	1672	1944	2296	2594	2836	6000	5000	1	1	1	1	1	1
6	62	1	5	1000	358020	358021.984	358	896.008	3	5	1	2	4	35124	0	1000	1416	412	0	3	5	1	2	4	1416	1832	2088	2368	2666	6000	5000	1	1	1	1	1	1
6	63	0	5	1000	363020	363021.971	363	893.986	1	3	2	5	4	13254	0	1000	1334	408	0	1	3	2	5	4	1412	1686	2010	2274	2568	6000	5000	1	1	1	1	1	1
6	64	1	5	1000	368020	368021.972	368	891.988	1	3	2	5	4	13254	0	1000	1376	542	0	1	3	2	5	4	1546	1878	2172	2464	2762	6000	5000	1	1	1	1	1	1
6	65	1	5	1000	373020	373021.976	373	891.997	1	4	5	2	3	14523	0	1000	1332	344	0	1	4	5	2	3	1348	1622	1922	2196	2464	6000	5000	1	1	1	1	1	1
6	66	0	5	1000	378020	378021.988	378	890.013	3	2	4	5	1	32451	0	1000	1458	446	0	3	2	4	5	1	1450	1748	2106	2412	2692	6000	5000	1	1	1	1	1	1
6	67	1	5	1000	383020	383021.976	383	888.002	1	3	2	5	4	13254	0	1000	1696	274	0	1	3	2	5	4	1278	1894	2252	2548	2830	6000	5000	1	1	1	1	1	1
6	68	0	5	1000	388020	388021.98	388	885.996	3	5	1	2	4	35124	0	16000	1444	64	0	3	5	1	2	4	1068	1430	1718	2016	2352	6000	5000	1	1	1	1	1	1