BN	TN	seqType	Horizon	PrepTime	startTime	startTimeReal	startTRReal	startTRtime	press0	press1	press2	press3	press4	cueP	complete	iti	MT	RT	isError	response0	response1	response2	response3	response4	pressTime0	pressTime1	pressTime2	pressTime3	pressTime4	timeThreshold	timeThresholdSuper	points	Gain1	Gain2	Gain3	Gain4	Gain5
1	1	1	5	1000	8020	8021.963	9	16.001	3	5	1	2	4	35124	0	1000	1524	508	0	3	5	1	2	4	1512	1844	2192	2564	2898	6000	5000	1	1	1	1	1	1
1	2	1	5	1000	13020	13021.966	14	14.015	3	5	1	2	4	35124	0	1000	1594	540	0	3	5	1	2	4	1544	1868	2226	2630	2992	6000	5000	1	1	1	1	1	1
1	3	1	5	1000	18020	18020.029	19	12.048	1	4	5	2	3	14523	0	1000	1584	556	0	1	4	5	2	3	1560	1886	2156	2546	2928	6000	5000	1	1	1	1	1	1
1	4	0	5	1000	23020	23022.022	24	12.036	1	4	5	2	3	14523	0	1000	1688	508	0	1	4	5	2	3	1512	1898	2232	2640	3024	6000	5000	1	1	1	1	1	1
1	5	0	5	1000	28020	28021.985	29	10.004	3	5	1	2	4	35124	0	1000	1662	548	0	3	5	1	2	4	1552	1860	2248	2626	3002	6000	5000	1	1	1	1	1	1
1	6	0	5	1000	33020	33021.965	34	8.003	1	3	2	5	4	13254	0	1000	1724	426	0	1	3	2	5	4	1430	1798	2188	2524	2918	6000	5000	1	1	1	1	1	1
1	7	1	5	1000	38020	38021.964	39	6.001	3	5	1	2	4	35124	0	1000	1464	396	0	3	5	1	2	4	1400	1700	2062	2390	2718	6000	5000	1	1	1	1	1	1
1	8	0	5	1000	43020	43021.983	44	4.008	1	4	5	2	3	14523	0	1000	1626	434	0	1	4	5	2	3	1438	1830	2168	2560	2902	6000	5000	1	1	1	1	1	1
1	9	0	5	1000	48020	48021.964	49	2.001	3	2	4	5	1	32451	0	1000	1664	438	0	3	2	4	5	1	1442	1800	2210	2544	2908	6000	5000	1	1	1	1	1	1
1	10	1	5	1000	53020	53022.046	54	2.095	1	3	2	5	4	13254	0	1000	1648	406	0	1	3	2	5	4	1410	1836	2202	2542	2968	6000	5000	1	1	1	1	1	1
1	11	1	5	1000	58020	58021.977	59	0	3	5	1	2	4	35124	0	1000	1532	406	0	3	5	1	2	4	1410	1686	2076	2446	2806	6000	5000	1	1	1	1	1	1
1	12	1	5	1000	63020	63021.963	63	997.972	1	3	2	5	4	13254	0	1000	1680	398	0	1	3	2	5	4	1402	1792	2174	2502	2942	6000	5000	1	1	1	1	1	1
1	13	0	5	1000	68020	68021.963	68	995.989	1	3	2	5	4	13254	0	1000	1754	398	0	1	3	2	5	4	1402	1794	2222	2568	2980	6000	5000	1	1	1	1	1	1
1	14	0	5	1000	73020	73021.978	73	993.892	1	4	5	2	3	14523	0	1000	1624	630	0	1	4	5	2	3	1634	2014	2334	2718	3090	6000	5000	1	1	1	1	1	1
1	15	1	5	1000	78020	78022.078	78	992.099	3	5	1	2	4	35124	0	1000	1558	448	0	3	5	1	2	4	1452	1726	2110	2470	2822	6000	5000	1	1	1	1	1	1
1	16	1	5	1000	83020	83021.953	83	991.989	3	2	4	5	1	32451	0	1000	1610	484	0	3	2	4	5	1	1488	1846	2210	2536	2930	6000	5000	1	1	1	1	1	1
1	17	0	5	1000	88020	88021.992	88	990.003	1	3	2	5	4	13254	0	16000	1730	418	0	1	3	2	5	4	1422	1800	2222	2566	2984	6000	5000	1	1	1	1	1	1
1	18	0	5	1000	108020	108021.961	108	982.008	1	3	2	5	4	13254	0	1000	1694	612	0	1	3	2	5	4	1616	2006	2388	2750	3156	6000	5000	1	1	1	1	1	1
1	19	1	5	1000	113020	113021.98	113	980.014	1	3	2	5	4	13254	0	1000	1854	544	0	1	3	2	5	4	1548	1966	2372	2754	3226	6000	5000	1	1	1	1	1	1
1	20	0	5	1000	118020	118021.975	118	980.008	3	5	1	2	4	35124	0	1000	1664	480	0	3	5	1	2	4	1484	1846	2226	2596	2958	6000	5000	1	1	1	1	1	1
1	21	1	5	1000	123020	123022.005	123	977.991	3	5	1	2	4	35124	0	1000	1602	412	0	3	5	1	2	4	1416	1708	2094	2478	2846	6000	5000	1	1	1	1	1	1
1	22	0	5	1000	128020	128021.976	128	976.01	1	3	2	5	4	13254	0	1000	1642	460	0	1	3	2	5	4	1464	1830	2222	2528	2924	6000	5000	1	1	1	1	1	1
1	23	0	5	1000	133020	133021.963	133	973.999	1	3	2	5	4	13254	0	1000	1630	414	0	1	3	2	5	4	1418	1788	2154	2506	2890	6000	5000	1	1	1	1	1	1
1	24	0	5	1000	138020	138021.965	138	972.001	3	5	1	2	4	35124	0	1000	1668	432	0	3	5	1	2	4	1436	1786	2154	2516	2926	6000	5000	1	1	1	1	1	1
1	25	0	5	1000	143020	143021.975	143	970.019	1	4	5	2	3	14523	0	1000	1610	444	0	1	4	5	2	3	1448	1796	2156	2538	2898	6000	5000	1	1	1	1	1	1
1	26	1	5	1000	148020	148021.961	148	967.998	3	2	4	5	1	32451	0	1000	1634	546	0	3	2	4	5	1	1550	1884	2266	2584	2964	6000	5000	1	1	1	1	1	1
1	27	0	5	1000	153020	153021.978	153	967.983	3	2	4	5	1	32451	0	1000	1614	574	0	3	2	4	5	1	1578	1932	2318	2646	3024	6000	5000	1	1	1	1	1	1
1	28	1	5	1000	158020	158021.965	158	965.987	1	4	5	2	3	14523	0	1000	1602	392	0	1	4	5	2	3	1396	1722	2046	2424	2818	6000	5000	1	1	1	1	1	1
1	29	0	5	1000	163020	163021.963	163	963.999	3	2	4	5	1	32451	0	1000	1638	524	0	3	2	4	5	1	1528	1902	2308	2652	3000	6000	5000	1	1	1	1	1	1
1	30	0	5	1000	168020	168021.975	168	961.999	1	4	5	2	3	14523	0	1000	1652	446	0	1	4	5	2	3	1450	1850	2196	2586	2992	6000	5000	1	1	1	1	1	1
1	31	1	5	1000	173020	173021.978	173	960.025	1	3	2	5	4	13254	0	1000	1830	452	0	1	3	2	5	4	1456	1856	2298	2650	3082	6000	5000	1	1	1	1	1	1
1	32	1	5	1000	178020	178021.975	178	957.998	3	2	4	5	1	32451	0	1000	1612	488	0	3	2	4	5	1	1492	1834	2238	2578	2930	6000	5000	1	1	1	1	1	1
1	33	1	5	1000	183020	183022.056	183	956.068	1	3	2	5	4	13254	0	1000	1622	406	0	1	3	2	5	4	1410	1760	2152	2506	2898	6000	5000	1	1	1	1	1	1
1	34	0	5	1000	188020	188021.977	188	955.962	3	2	4	5	1	32451	0	16000	1662	468	0	3	2	4	5	1	1472	1840	2224	2570	2972	6000	5000	1	1	1	1	1	1
1	35	0	5	1000	208020	208022.081	208	948.103	3	2	4	5	1	32451	0	1000	1666	616	0	3	2	4	5	1	1620	1968	2390	2734	3132	6000	5000	1	1	1	1	1	1
1	36	0	5	1000	213020	213021.995	213	946.038	3	2	4	5	1	32451	0	1000	1684	470	0	3	2	4	5	1	1474	1846	2228	2602	2968	6000	5000	1	1	1	1	1	1
1	37	0	5	1000	218020	218021.974	218	944.012	1	3	2	5	4	13254	0	1000	1696	406	0	1	3	2	5	4	1410	1804	2166	2540	2944	6000	5000	1	1	1	1	1	1
1	38	1	5	1000	223020	223021.988	223	944.014	1	4	5	2	3	14523	0	1000	1880	530	0	1	4	5	2	3	1534	2052	2454	2892	3272	6000	5000	1	1	1	1	1	1
1	39	1	5	1000	228020	228021.965	228	942.003	1	3	2	5	4	13254	0	1000	1726	498	0	1	3	2	5	4	1502	1880	2280	2678	3098	6000	5000	1	1	1	1	1	1
1	40	1	5	1000	233020	233021.954	233	940.013	1	4	5	2	3	14523	0	1000	1586	464	0	1	4	5	2	3	1468	1868	2222	2578	2918	6000	5000	1	1	1	1	1	1
1	41	1	5	1000	238020	238021.94	238	937.975	1	4	5	2	3	14523	0	1000	1660	394	0	1	4	5	2	3	1398	1756	2128	2530	2914	6000	5000	1	1	1	1	1	1
1	42	0	5	1000	243020	243021.963	243	936.017	3	5	1	2	4	35124	0	1000	1640	542	0	3	5	1	2	4	1546	1862	2248	2650	3058	6000	5000	1	1	1	1	1	1
1	43	0	5	1000	248020	248021.964	248	934.011	3	2	4	5	1	32451	0	1000	1618	570	0	3	2	4	5	1	1574	1926	2288	2628	2996	6000	5000	1	1	1	1	1	1
1	44	1	5	1000	253020	253021.97	253	932.012	3	5	1	2	4	35124	0	1000	1694	646	0	3	5	1	2	4	1650	2000	2384	2758	3156	6000	5000	1	1	1	1	1	1
1	45	0	5	1000	258020	258021.936	258	931.966	3	5	1	2	4	35124	0	1000	1716	414	0	3	5	1	2	4	1418	1758	2160	2538	2964	6000	5000	1	1	1	1	1	1
1	46	1	5	1000	263020	270740.545	263	8648.604	1	3	2	5	4	13254	0	1000	1752	432	0	1	3	2	5	4	1436	1812	2210	2598	3038	6000	5000	1	1	1	1	1	1
1	47	1	5	1000	268020	268021.952	268	928.016	1	3	2	5	4	13254	0	1000	1574	488	0	1	3	2	5	4	1492	1830	2196	2526	2924	6000	5000	1	1	1	1	1	1
1	48	0	5	1000	273020	273021.943	273	926.002	1	4	5	2	3	14523	0	1000	1784	412	0	1	4	5	2	3	1416	1792	2136	2542	2970	6000	5000	1	1	1	1	1	1
1	49	0	5	1000	278020	278021.94	278	923.985	1	4	5	2	3	14523	0	1000	1654	428	0	1	4	5	2	3	1432	1802	2156	2550	2928	6000	5000	1	1	1	1	1	1
1	50	0	5	1000	283020	283021.946	283	923.994	1	3	2	5	4	13254	0	1000	1616	372	0	1	3	2	5	4	1376	1742	2120	2472	2862	6000	5000	1	1	1	1	1	1
1	51	0	5	1000	288020	288021.954	288	920.003	3	2	4	5	1	32451	0	16000	1596	560	0	3	2	4	5	1	1564	1906	2270	2612	2968	6000	5000	1	1	1	1	1	1
1	52	0	5	1000	308020	308021.939	308	913.998	3	2	4	5	1	32451	0	1000	1636	604	0	3	2	4	5	1	1608	1948	2320	2682	3038	6000	5000	1	1	1	1	1	1
1	53	0	5	1000	313020	313021.938	313	911.978	3	5	1	2	4	35124	0	1000	1646	458	0	3	5	1	2	4	1462	1800	2160	2538	2922	6000	5000	1	1	1	1	1	1
1	54	0	5	1000	318020	318021.935	318	909.997	3	5	1	2	4	35124	0	1000	1914	598	0	3	5	1	2	4	1602	1968	2686	3038	3372	6000	5000	1	1	1	1	1	1
1	55	1	5	1000	323020	323021.943	323	907.992	3	2	4	5	1	32451	0	1000	1492	518	0	3	2	4	5	1	1522	1870	2224	2524	2846	6000	5000	1	1	1	1	1	1
1	56	0	5	1000	328020	328021.956	328	908.009	1	4	5	2	3	14523	0	1000	1394	430	0	1	4	5	2	3	1434	1738	2022	2368	2682	6000	5000	1	1	1	1	1	1
1	57	1	5	1000	333020	333021.937	333	905.997	1	4	5	2	3	14523	0	1000	1500	420	0	1	4	5	2	3	1424	1756	2060	2446	2786	6000	5000	1	1	1	1	1	1
1	58	1	5	1000	338020	338021.943	338	904.003	3	2	4	5	1	32451	0	1000	1452	410	0	3	2	4	5	1	1414	1746	2100	2388	2714	6000	5000	1	1	1	1	1	1
1	59	1	5	1000	343020	343021.956	343	902.013	3	5	1	2	4	35124	0	1000	1418	380	0	3	5	1	2	4	1384	1682	1998	2342	2650	6000	5000	1	1	1	1	1	1
1	60	0	5	1000	348020	348021.936	348	900	3	2	4	5	1	32451	0	1000	1428	374	0	3	2	4	5	1	1378	1692	2030	2342	2670	6000	5000	1	1	1	1	1	1
1	61	1	5	1000	353020	353021.955	353	898.011	3	2	4	5	1	32451	0	1000	1316	348	0	3	2	4	5	1	1352	1630	1950	2240	2520	6000	5000	1	1	1	1	1	1
1	62	1	5	1000	358020	358021.939	358	895.968	1	4	5	2	3	14523	0	1000	1380	350	0	1	4	5	2	3	1354	1660	1968	2298	2604	6000	5000	1	1	1	1	1	1
1	63	0	5	1000	363020	363021.937	363	895.999	1	3	2	5	4	13254	0	1000	1460	308	0	1	3	2	5	4	1312	1656	2006	2314	2644	6000	5000	1	1	1	1	1	1
1	64	1	5	1000	368020	368021.94	368	894.005	3	2	4	5	1	32451	0	1000	1486	446	0	3	2	4	5	1	1450	1790	2146	2460	2774	6000	5000	1	1	1	1	1	1
1	65	1	5	1000	373020	373021.94	373	891.991	3	2	4	5	1	32451	0	1000	1390	468	0	3	2	4	5	1	1472	1788	2102	2404	2714	6000	5000	1	1	1	1	1	1
1	66	0	5	1000	378020	378021.936	378	889.985	3	5	1	2	4	35124	0	1000	1428	298	0	3	5	1	2	4	1302	1632	1938	2248	2550	6000	5000	1	1	1	1	1	1
1	67	1	5	1000	383020	383021.943	383	887.992	1	4	5	2	3	14523	0	1000	1372	376	0	1	4	5	2	3	1380	1714	1988	2318	2616	6000	5000	1	1	1	1	1	1
1	68	1	5	1000	388020	388021.938	388	885.995	3	5	1	2	4	35124	0	16000	1370	592	0	3	5	1	2	4	1596	1890	2210	2538	2852	6000	5000	1	1	1	1	1	1
2	1	1	5	1000	8020	8022.018	9	18.009	1	4	5	2	3	14523	0	1000	0	1284	0	1	4	5	2	0	2288	3050	3430	3804	0	6000	5000	0	1	1	1	1	1
2	2	1	5	1000	13020	13022.108	14	16.105	3	2	4	5	1	32451	0	1000	1448	420	0	3	2	4	5	1	1424	1740	2072	2388	2720	6000	5000	1	1	1	1	1	1
2	3	1	5	1000	18020	18022	19	13.987	1	3	2	5	4	13254	0	1000	1764	410	1	1	1	2	5	4	1414	1450	2376	2666	3046	6000	5000	0	1	1	1	1	1
2	4	1	5	1000	23020	23020.01	24	9.975	3	5	1	2	4	35124	0	1000	1836	384	0	3	5	1	2	4	1388	1686	2028	2364	2978	6000	5000	1	1	1	1	1	1
2	5	1	5	1000	28020	28020.012	29	10.012	1	4	5	2	3	14523	0	1000	1380	160	0	1	4	5	2	3	1164	1514	1804	2106	2394	6000	5000	1	1	1	1	1	1
2	6	1	5	1000	33020	33020.013	34	6.002	1	4	5	2	3	14523	0	1000	1840	360	0	1	4	5	2	3	1364	2038	2402	2738	3056	6000	5000	1	1	1	1	1	1
2	7	1	5	1000	38020	38021.999	39	5.988	3	5	1	2	4	35124	0	1000	1336	368	1	3	3	1	2	4	1372	1380	1972	2288	2578	6000	5000	0	1	1	1	1	1
2	8	1	5	1000	43020	43020.013	44	4.022	3	5	1	2	4	35124	0	1000	1362	344	0	3	5	1	2	4	1348	1654	1966	2258	2562	6000	5000	1	1	1	1	1	1
2	9	1	5	1000	48020	48020.014	49	2.013	3	2	4	5	1	32451	0	1000	1526	332	0	3	2	4	5	1	1336	1650	2016	2330	2666	6000	5000	1	1	1	1	1	1
2	10	0	5	1000	53020	53021.986	54	1.998	1	3	2	5	4	13254	0	1000	1558	346	0	1	3	2	5	4	1350	1708	2060	2384	2746	6000	5000	1	1	1	1	1	1
2	11	1	5	1000	58020	58020.01	58	998.004	3	5	1	2	4	35124	0	1000	1534	354	0	3	5	1	2	4	1358	1658	2006	2364	2706	6000	5000	1	1	1	1	1	1
2	12	0	5	1000	63020	63020.022	63	996.008	3	5	1	2	4	35124	0	1000	1484	380	0	3	5	1	2	4	1384	1700	2054	2386	2718	6000	5000	1	1	1	1	1	1
2	13	0	5	1000	68020	68022.095	68	996.052	1	4	5	2	3	14523	0	1000	1500	262	0	1	4	5	2	3	1266	1650	1984	2308	2630	6000	5000	1	1	1	1	1	1
2	14	0	5	1000	73020	73020.001	73	994	1	4	5	2	3	14523	0	1000	1530	544	0	1	4	5	2	3	1548	1926	2282	2622	2942	6000	5000	1	1	1	1	1	1
2	15	0	5	1000	78020	78020.015	78	992.003	3	2	4	5	1	32451	0	1000	1484	360	0	3	2	4	5	1	1364	1686	2030	2352	2664	6000	5000	1	1	1	1	1	1
2	16	0	5	1000	83020	83020.012	83	990.008	3	2	4	5	1	32451	0	1000	1440	288	0	3	2	4	5	1	1292	1610	1958	2250	2574	6000	5000	1	1	1	1	1	1
2	17	0	5	1000	88020	88020.001	88	987.987	1	4	5	2	3	14523	0	16000	1450	382	0	1	4	5	2	3	1386	1712	2022	2348	2680	6000	5000	1	1	1	1	1	1
2	18	0	5	1000	108020	108020.01	108	981.999	1	4	5	2	3	14523	0	1000	1480	446	0	1	4	5	2	3	1450	1788	2094	2420	2772	6000	5000	1	1	1	1	1	1
2	19	1	5	1000	113020	113020.022	113	980.012	1	4	5	2	3	14523	0	1000	1478	344	0	1	4	5	2	3	1348	1686	1978	2298	2640	6000	5000	1	1	1	1	1	1
2	20	0	5	1000	118020	118020.001	118	978.009	3	5	1	2	4	35124	0	1000	1460	108	0	3	5	1	2	4	1112	1424	1754	2068	2372	6000	5000	1	1	1	1	1	1
2	21	0	5	1000	123020	123022.013	123	978.023	3	2	4	5	1	32451	0	1000	1518	296	0	3	2	4	5	1	1300	1634	1992	2282	2638	6000	5000	1	1	1	1	1	1
2	22	1	5	1000	128020	128020.029	128	974.031	1	4	5	2	3	14523	0	1000	1512	348	0	1	4	5	2	3	1352	1666	1994	2330	2692	6000	5000	1	1	1	1	1	1
2	23	0	5	1000	133020	133022.002	133	973.985	1	4	5	2	3	14523	0	1000	1548	180	0	1	4	5	2	3	1184	1602	1932	2264	2584	6000	5000	1	1	1	1	1	1
2	24	1	5	1000	138020	138020	138	970.027	3	2	4	5	1	32451	0	1000	1490	428	0	3	2	4	5	1	1432	1730	2084	2392	2738	6000	5000	1	1	1	1	1	1
2	25	0	5	1000	143020	143020.004	143	969.983	1	4	5	2	3	14523	0	1000	1452	330	0	1	4	5	2	3	1334	1676	1970	2308	2632	6000	5000	1	1	1	1	1	1
2	26	1	5	1000	148020	148020	148	967.987	3	5	1	2	4	35124	0	1000	1480	372	0	3	5	1	2	4	1376	1678	2032	2358	2694	6000	5000	1	1	1	1	1	1
2	27	0	5	1000	153020	153021.998	153	967.999	3	2	4	5	1	32451	0	1000	1548	338	0	3	2	4	5	1	1342	1650	2030	2360	2718	6000	5000	1	1	1	1	1	1
2	28	1	5	1000	158020	158020.022	158	964.011	3	5	1	2	4	35124	0	1000	1466	438	0	3	5	1	2	4	1442	1724	2084	2404	2740	6000	5000	1	1	1	1	1	1
2	29	0	5	1000	163020	163022.002	163	963.999	1	4	5	2	3	14523	0	1000	1612	452	0	1	4	5	2	3	1456	1822	2170	2534	2914	6000	5000	1	1	1	1	1	1
2	30	1	5	1000	168020	168022	168	962	1	3	2	5	4	13254	0	1000	1762	378	0	1	3	2	5	4	1382	1766	2186	2536	2942	6000	5000	1	1	1	1	1	1
2	31	0	5	1000	173020	173020.011	173	958.012	3	2	4	5	1	32451	0	1000	1452	448	0	3	2	4	5	1	1452	1746	2092	2396	2736	6000	5000	1	1	1	1	1	1
2	32	1	5	1000	178020	178022.014	178	960.017	3	2	4	5	1	32451	0	1000	1422	372	0	3	2	4	5	1	1376	1668	2022	2320	2640	6000	5000	1	1	1	1	1	1
2	33	0	5	1000	183020	183020.021	183	956.022	3	5	1	2	4	35124	0	1000	1516	356	0	3	5	1	2	4	1360	1652	1966	2300	2672	6000	5000	1	1	1	1	1	1
2	34	1	5	1000	188020	188021.999	188	955.986	1	4	5	2	3	14523	0	16000	1286	984	0	1	4	5	2	3	1988	2276	2544	2850	3224	6000	5000	1	1	1	1	1	1
2	35	1	5	1000	208020	208020.012	208	945.972	1	4	5	2	3	14523	0	1000	1482	492	0	1	4	5	2	3	1496	1842	2166	2502	2846	6000	5000	1	1	1	1	1	1
2	36	1	5	1000	213020	213020.001	213	945.987	1	3	2	5	4	13254	0	1000	1508	262	0	1	3	2	5	4	1266	1592	1952	2254	2606	6000	5000	1	1	1	1	1	1
2	37	0	5	1000	218020	218022.011	218	946.009	1	3	2	5	4	13254	0	1000	1526	342	0	1	3	2	5	4	1346	1656	2002	2324	2688	6000	5000	1	1	1	1	1	1
2	38	0	5	1000	223020	223022.001	223	943.999	1	3	2	5	4	13254	0	1000	1540	318	0	1	3	2	5	4	1322	1640	2016	2326	2694	6000	5000	1	1	1	1	1	1
2	39	0	5	1000	228020	228022.004	228	942.004	3	5	1	2	4	35124	0	1000	1578	364	0	3	5	1	2	4	1368	1646	1976	2428	2802	6000	5000	1	1	1	1	1	1
2	40	0	5	1000	233020	233021.991	233	939.998	1	3	2	5	4	13254	0	1000	1464	716	0	1	3	2	5	4	1720	2040	2360	2660	3016	6000	5000	1	1	1	1	1	1
2	41	0	5	1000	238020	238021.97	238	937.982	3	2	4	5	1	32451	0	1000	1444	414	0	3	2	4	5	1	1418	1734	2076	2368	2682	6000	5000	1	1	1	1	1	1
2	42	0	5	1000	243020	243021.988	243	935.983	1	3	2	5	4	13254	0	1000	1480	448	0	1	3	2	5	4	1452	1774	2120	2428	2770	6000	5000	1	1	1	1	1	1
2	43	0	5	1000	248020	248021.972	248	933.998	1	4	5	2	3	14523	0	1000	1542	374	0	1	4	5	2	3	1378	1690	2050	2398	2752	6000	5000	1	1	1	1	1	1
2	44	0	5	1000	253020	253021.976	253	934.001	1	3	2	5	4	13254	0	1000	1568	386	0	1	3	2	5	4	1390	1704	2078	2436	2810	6000	5000	1	1	1	1	1	1
2	45	1	5	1000	258020	258021.976	258	931.995	1	3	2	5	4	13254	0	1000	1562	452	0	1	3	2	5	4	1456	1834	2166	2494	2842	6000	5000	1	1	1	1	1	1
2	46	1	5	1000	263020	263021.988	263	930.012	1	4	5	2	3	14523	0	1000	1374	416	0	1	4	5	2	3	1420	1728	2018	2338	2652	6000	5000	1	1	1	1	1	1
2	47	0	5	1000	268020	268021.979	268	930.006	3	2	4	5	1	32451	0	1000	1490	320	0	3	2	4	5	1	1324	1618	1972	2286	2658	6000	5000	1	1	1	1	1	1
2	48	1	5	1000	273020	273021.978	273	926.002	1	3	2	5	4	13254	0	1000	1430	286	0	1	3	2	5	4	1290	1612	1950	2238	2576	6000	5000	1	1	1	1	1	1
2	49	1	5	1000	278020	278021.975	278	926.002	1	3	2	5	4	13254	0	1000	1516	286	0	1	3	2	5	4	1290	1622	1962	2276	2620	6000	5000	1	1	1	1	1	1
2	50	0	5	1000	283020	283021.972	283	921.995	1	4	5	2	3	14523	0	1000	1566	304	0	1	4	5	2	3	1308	1668	1994	2354	2724	6000	5000	1	1	1	1	1	1
2	51	0	5	1000	288020	288021.975	288	922.004	3	5	1	2	4	35124	0	16000	1420	422	0	3	5	1	2	4	1426	1722	2054	2386	2718	6000	5000	1	1	1	1	1	1
2	52	0	5	1000	308020	308021.974	308	913.98	3	5	1	2	4	35124	0	1000	1826	524	1	1	3	1	2	4	1528	1902	2642	2906	3220	6000	5000	0	1	1	1	1	1
2	53	1	5	1000	313020	313020.003	313	910.015	3	5	1	2	4	35124	0	1000	1324	462	0	3	5	1	2	4	1466	1762	2066	2354	2660	6000	5000	1	1	1	1	1	1
2	54	1	5	1000	318020	318021.992	318	911.999	1	3	2	5	4	13254	0	1000	1434	302	0	1	3	2	5	4	1306	1646	2004	2288	2628	6000	5000	1	1	1	1	1	1
2	55	0	5	1000	323020	323020.004	323	908.012	3	5	1	2	4	35124	0	1000	1468	512	0	3	5	1	2	4	1516	1780	2120	2464	2838	6000	5000	1	1	1	1	1	1
2	56	0	5	1000	328020	328020.003	328	906.014	3	5	1	2	4	35124	0	1000	1356	478	0	3	5	1	2	4	1482	1784	2072	2366	2692	6000	5000	1	1	1	1	1	1
2	57	1	5	1000	333020	333020.013	333	904.006	1	3	2	5	4	13254	0	1000	1414	466	0	1	3	2	5	4	1470	1778	2088	2366	2710	6000	5000	1	1	1	1	1	1
2	58	1	5	1000	338020	338020.001	338	902.002	3	2	4	5	1	32451	0	1000	1472	420	0	3	2	4	5	1	1424	1754	2098	2404	2714	6000	5000	1	1	1	1	1	1
2	59	1	5	1000	343020	343020.018	343	900.029	3	5	1	2	4	35124	0	1000	1400	316	0	3	5	1	2	4	1320	1606	1910	2256	2600	6000	5000	1	1	1	1	1	1
2	60	0	5	1000	348020	348021.971	348	901.969	1	3	2	5	4	13254	0	1000	1386	326	0	1	3	2	5	4	1330	1642	1972	2246	2570	6000	5000	1	1	1	1	1	1
2	61	1	5	1000	353020	353021.989	353	897.996	1	4	5	2	3	14523	0	1000	1354	392	0	1	4	5	2	3	1396	1710	1990	2298	2602	6000	5000	1	1	1	1	1	1
2	62	0	5	1000	358020	358021.993	358	898.012	1	3	2	5	4	13254	0	1000	1392	350	0	1	3	2	5	4	1354	1638	1982	2278	2590	6000	5000	1	1	1	1	1	1
2	63	1	5	1000	363020	363021.99	363	895.981	3	2	4	5	1	32451	0	1000	1466	412	0	3	2	4	5	1	1416	1728	2078	2368	2696	6000	5000	1	1	1	1	1	1
2	64	0	5	1000	368020	368021.991	368	894.005	3	2	4	5	1	32451	0	1000	1524	486	0	3	2	4	5	1	1490	1794	2160	2482	2806	6000	5000	1	1	1	1	1	1
2	65	0	5	1000	373020	373020.002	373	890.012	3	5	1	2	4	35124	0	1000	1486	468	0	3	5	1	2	4	1472	1782	2128	2484	2848	6000	5000	1	1	1	1	1	1
2	66	1	5	1000	378020	378021.988	378	889.999	3	2	4	5	1	32451	0	1000	1348	366	0	3	2	4	5	1	1370	1666	1982	2262	2586	6000	5000	1	1	1	1	1	1
2	67	1	5	1000	383020	383022.027	383	888.038	3	2	4	5	1	32451	0	1000	1448	344	0	3	2	4	5	1	1348	1664	2014	2314	2650	6000	5000	1	1	1	1	1	1
2	68	1	5	1000	388020	388021.991	388	885.991	1	4	5	2	3	14523	0	16000	1422	288	0	1	4	5	2	3	1292	1618	1926	2266	2580	6000	5000	1	1	1	1	1	1
3	1	0	5	1000	8020	8021.997	9	18.001	1	4	5	2	3	14523	0	1000	1436	448	0	1	4	5	2	3	1452	1802	2108	2452	2768	6000	5000	1	1	1	1	1	1
3	2	1	5	1000	13020	13022.079	14	16.092	1	4	5	2	3	14523	0	1000	1396	354	0	1	4	5	2	3	1358	1682	1984	2328	2682	6000	5000	1	1	1	1	1	1
3	3	0	5	1000	18020	18021.985	19	13.986	3	5	1	2	4	35124	0	1000	1542	174	0	3	5	1	2	4	1178	1514	1880	2210	2570	6000	5000	1	1	1	1	1	1
3	4	0	5	1000	23020	23021.984	24	11.984	3	2	4	5	1	32451	0	1000	1768	498	0	3	2	4	5	1	1502	1802	2470	2786	3108	6000	5000	1	1	1	1	1	1
3	5	1	5	1000	28020	28020.047	29	10.039	3	5	1	2	4	35124	0	1000	1340	498	0	3	5	1	2	4	1502	1790	2100	2398	2682	6000	5000	1	1	1	1	1	1
3	6	0	5	1000	33020	33020.008	34	8.012	3	2	4	5	1	32451	0	1000	1332	352	0	3	2	4	5	1	1356	1626	1966	2228	2522	6000	5000	1	1	1	1	1	1
3	7	0	5	1000	38020	38020.012	39	6.004	3	2	4	5	1	32451	0	1000	1456	390	0	3	2	4	5	1	1394	1698	2060	2358	2672	6000	5000	1	1	1	1	1	1
3	8	1	5	1000	43020	43020.02	44	4.013	1	3	2	5	4	13254	0	1000	1522	340	0	1	3	2	5	4	1344	1688	2042	2358	2722	6000	5000	1	1	1	1	1	1
3	9	1	5	1000	48020	48020.003	49	2.002	3	5	1	2	4	35124	0	1000	1386	382	0	3	5	1	2	4	1386	1672	1974	2304	2656	6000	5000	1	1	1	1	1	1
3	10	1	5	1000	53020	53020.022	54	0	1	3	2	5	4	13254	0	1000	1412	406	0	1	3	2	5	4	1410	1726	2042	2346	2666	6000	5000	1	1	1	1	1	1
3	11	1	5	1000	58020	58021.996	59	0	3	2	4	5	1	32451	0	1000	1412	416	0	3	2	4	5	1	1420	1732	2056	2350	2654	6000	5000	1	1	1	1	1	1
3	12	1	5	1000	63020	63022.116	64	0	3	5	1	2	4	35124	0	1000	1406	526	0	3	5	1	2	4	1530	1830	2126	2450	2772	6000	5000	1	1	1	1	1	1
3	13	1	5	1000	68020	68020.012	68	996.003	3	5	1	2	4	35124	0	1000	1388	324	0	3	5	1	2	4	1328	1594	1912	2210	2520	6000	5000	1	1	1	1	1	1
3	14	1	5	1000	73020	73020.079	73	994.068	3	2	4	5	1	32451	0	1000	1354	328	0	3	2	4	5	1	1332	1612	1918	2170	2496	6000	5000	1	1	1	1	1	1
3	15	1	5	1000	78020	78021.995	78	993.939	1	4	5	2	3	14523	0	1000	1260	308	0	1	4	5	2	3	1312	1624	1884	2162	2460	6000	5000	1	1	1	1	1	1
3	16	0	5	1000	83020	83020.023	83	989.996	1	4	5	2	3	14523	0	1000	1288	306	0	1	4	5	2	3	1310	1614	1888	2174	2524	6000	5000	1	1	1	1	1	1
3	17	0	5	1000	88020	88020.01	88	987.988	3	5	1	2	4	35124	0	16000	1406	340	0	3	5	1	2	4	1344	1662	1948	2272	2632	6000	5000	1	1	1	1	1	1
3	18	0	5	1000	108020	108021.985	108	983.975	3	5	1	2	4	35124	0	1000	1376	492	0	3	5	1	2	4	1496	1744	2088	2410	2766	6000	5000	1	1	1	1	1	1
3	19	0	5	1000	113020	113022.08	113	982.071	3	5	1	2	4	35124	0	1000	1320	478	0	3	5	1	2	4	1482	1728	2028	2344	2664	6000	5000	1	1	1	1	1	1
3	20	1	5	1000	118020	118021.994	118	979.995	1	4	5	2	3	14523	0	1000	1320	790	0	1	4	5	2	3	1794	2118	2398	2714	3024	6000	5000	1	1	1	1	1	1
3	21	1	5	1000	123020	123021.987	123	977.961	1	4	5	2	3	14523	0	1000	1770	396	0	1	4	5	2	3	1400	1734	2030	2338	2984	6000	5000	1	1	1	1	1	1
3	22	0	5	1000	128020	128021.997	128	977.998	1	3	2	5	4	13254	0	1000	1394	382	0	1	3	2	5	4	1386	1718	2046	2328	2644	6000	5000	1	1	1	1	1	1
3	23	1	5	1000	133020	133021.995	133	976.003	1	3	2	5	4	13254	0	1000	1406	94	0	1	3	2	5	4	1098	1480	1798	2070	2350	6000	5000	1	1	1	1	1	1
3	24	1	5	1000	138020	138021.998	138	973.978	1	3	2	5	4	13254	0	1000	1380	326	0	1	3	2	5	4	1330	1648	1966	2242	2568	6000	5000	1	1	1	1	1	1
3	25	0	5	1000	143020	143022.131	143	972.135	3	5	1	2	4	35124	0	1000	1304	388	0	3	5	1	2	4	1392	1660	1960	2248	2558	6000	5000	1	1	1	1	1	1
3	26	0	5	1000	148020	148020.11	148	970.112	1	3	2	5	4	13254	0	1000	1420	458	0	1	3	2	5	4	1462	1778	2076	2368	2684	6000	5000	1	1	1	1	1	1
3	27	1	5	1000	153020	153021.985	153	967.979	3	2	4	5	1	32451	0	1000	1368	474	0	3	2	4	5	1	1478	1730	2040	2328	2610	6000	5000	1	1	1	1	1	1
3	28	1	5	1000	158020	158021.987	158	967.98	3	2	4	5	1	32451	0	1000	1364	310	0	3	2	4	5	1	1314	1608	1934	2200	2498	6000	5000	1	1	1	1	1	1
3	29	1	5	1000	163020	163020.009	163	964.013	1	3	2	5	4	13254	0	1000	1364	320	0	1	3	2	5	4	1324	1650	1954	2216	2526	6000	5000	1	1	1	1	1	1
3	30	1	5	1000	168020	168020.001	168	962.003	1	4	5	2	3	14523	0	1000	1400	396	0	1	4	5	2	3	1400	1722	2024	2342	2656	6000	5000	1	1	1	1	1	1
3	31	1	5	1000	173020	173021.999	173	962.003	3	5	1	2	4	35124	0	1000	1338	294	0	3	5	1	2	4	1298	1568	1866	2166	2476	6000	5000	1	1	1	1	1	1
3	32	0	5	1000	178020	178022.016	178	960.02	3	5	1	2	4	35124	0	1000	1332	352	0	3	5	1	2	4	1356	1588	1928	2228	2564	6000	5000	1	1	1	1	1	1
3	33	1	5	1000	183020	183020.024	183	956.016	3	2	4	5	1	32451	0	1000	1314	380	0	3	2	4	5	1	1384	1648	1944	2186	2474	6000	5000	1	1	1	1	1	1
3	34	0	5	1000	188020	188021.999	188	956.003	3	2	4	5	1	32451	0	16000	1384	346	0	3	2	4	5	1	1350	1626	1952	2220	2534	6000	5000	1	1	1	1	1	1
3	35	0	5	1000	208020	208020.005	208	947.973	3	2	4	5	1	32451	0	1000	1368	526	0	3	2	4	5	1	1530	1804	2132	2430	2708	6000	5000	1	1	1	1	1	1
3	36	0	5	1000	213020	213021.997	213	947.989	1	3	2	5	4	13254	0	1000	1370	348	0	1	3	2	5	4	1352	1664	1966	2290	2588	6000	5000	1	1	1	1	1	1
3	37	0	5	1000	218020	218021.996	218	947.999	1	4	5	2	3	14523	0	1000	1422	448	0	1	4	5	2	3	1452	1750	2034	2352	2708	6000	5000	1	1	1	1	1	1
3	38	0	5	1000	223020	223021.989	223	943.899	3	2	4	5	1	32451	0	1000	1350	336	0	3	2	4	5	1	1340	1636	1948	2228	2510	6000	5000	1	1	1	1	1	1
3	39	1	5	1000	228020	228021.992	228	942.006	1	4	5	2	3	14523	0	1000	1298	380	0	1	4	5	2	3	1384	1678	1930	2208	2518	6000	5000	1	1	1	1	1	1
3	40	1	5	1000	233020	233021.967	233	941.981	3	2	4	5	1	32451	0	1000	1262	364	0	3	2	4	5	1	1368	1650	1946	2190	2476	6000	5000	1	1	1	1	1	1
3	41	0	5	1000	238020	238020.003	238	938.023	1	3	2	5	4	13254	0	1000	1926	246	1	1	3	5	5	4	1250	1552	1828	2688	3010	6000	5000	0	1	1	1	1	1
3	42	0	5	1000	243020	243021.989	243	938	3	2	4	5	1	32451	0	1000	1334	386	0	3	2	4	5	1	1390	1678	1976	2250	2526	6000	5000	1	1	1	1	1	1
3	43	1	5	1000	248020	248021.988	248	936.002	3	2	4	5	1	32451	0	1000	1276	362	0	3	2	4	5	1	1366	1620	1926	2198	2510	6000	5000	1	1	1	1	1	1
3	44	0	5	1000	253020	253022.014	253	934.018	1	4	5	2	3	14523	0	1000	1466	90	0	1	4	5	2	3	1094	1430	1758	2084	2416	6000	5000	1	1	1	1	1	1
3	45	1	5	1000	258020	258021.989	258	932.004	3	2	4	5	1	32451	0	1000	1406	350	0	3	2	4	5	1	1354	1646	1970	2258	2600	6000	5000	1	1	1	1	1	1
3	46	0	5	1000	263020	263021.993	263	929.995	3	5	1	2	4	35124	0	1000	1424	286	0	3	5	1	2	4	1290	1608	1910	2236	2568	6000	5000	1	1	1	1	1	1
3	47	0	5	1000	268020	268022.026	268	930.042	1	4	5	2	3	14523	0	1000	1372	394	0	1	4	5	2	3	1398	1706	1984	2298	2620	6000	5000	1	1	1	1	1	1
3	48	0	5	1000	273020	273022.04	273	928.048	1	3	2	5	4	13254	0	1000	1334	354	0	1	3	2	5	4	1358	1666	1966	2256	2554	6000	5000	1	1	1	1	1	1
3	49	0	5	1000	278020	278021.989	278	925.98	1	3	2	5	4	13254	0	1000	1338	354	0	1	3	2	5	4	1358	1650	1938	2232	2540	6000	5000	1	1	1	1	1	1
3	50	1	5	1000	283020	283021.985	283	923.992	3	5	1	2	4	35124	0	1000	1286	398	0	3	5	1	2	4	1402	1656	1950	2260	2572	6000	5000	1	1	1	1	1	1
3	51	0	5	1000	288020	288021.984	288	921.987	1	4	5	2	3	14523	0	16000	1390	190	0	1	4	5	2	3	1194	1526	1826	2142	2458	6000	5000	1	1	1	1	1	1
3	52	0	5	1000	308020	308020.025	308	914.038	1	4	5	2	3	14523	0	1000	1548	488	0	1	4	5	2	3	1492	1884	2230	2556	2910	6000	5000	1	1	1	1	1	1
3	53	1	5	1000	313020	313021.983	313	913.996	3	5	1	2	4	35124	0	1000	1436	584	0	3	5	1	2	4	1588	1874	2208	2544	2876	6000	5000	1	1	1	1	1	1
3	54	1	5	1000	318020	318021.988	318	912.023	1	4	5	2	3	14523	0	1000	1416	376	0	1	4	5	2	3	1380	1686	1992	2316	2650	6000	5000	1	1	1	1	1	1
3	55	0	5	1000	323020	323020.002	323	908.021	3	2	4	5	1	32451	0	1000	1420	380	0	3	2	4	5	1	1384	1658	1998	2312	2648	6000	5000	1	1	1	1	1	1
3	56	0	5	1000	328020	328020.005	328	906.014	1	4	5	2	3	14523	0	1000	1362	394	0	1	4	5	2	3	1398	1704	2002	2298	2630	6000	5000	1	1	1	1	1	1
3	57	1	5	1000	333020	333021.983	333	905.994	1	3	2	5	4	13254	0	1000	1504	348	0	1	3	2	5	4	1352	1684	2028	2350	2694	6000	5000	1	1	1	1	1	1
3	58	0	5	1000	338020	338021.988	338	905.986	1	3	2	5	4	13254	0	1000	1534	362	0	1	3	2	5	4	1366	1704	2058	2382	2696	6000	5000	1	1	1	1	1	1
3	59	0	5	1000	343020	343021.988	343	903.991	3	5	1	2	4	35124	0	1000	1490	438	0	3	5	1	2	4	1442	1704	2044	2406	2752	6000	5000	1	1	1	1	1	1
3	60	1	5	1000	348020	348021.999	348	902.015	3	5	1	2	4	35124	0	1000	1762	572	0	3	5	1	2	4	1576	1862	2162	2480	3146	6000	5000	1	1	1	1	1	1
3	61	0	5	1000	353020	353021.987	353	900.002	1	3	2	5	4	13254	0	1000	1406	326	0	1	3	2	5	4	1330	1642	1984	2296	2598	6000	5000	1	1	1	1	1	1
3	62	1	5	1000	358020	358021.984	358	898	1	4	5	2	3	14523	0	1000	1380	338	0	1	4	5	2	3	1342	1678	1984	2302	2622	6000	5000	1	1	1	1	1	1
3	63	1	5	1000	363020	363022.011	363	896.024	1	3	2	5	4	13254	0	1000	1426	322	0	1	3	2	5	4	1326	1636	1972	2276	2590	6000	5000	1	1	1	1	1	1
3	64	0	5	1000	368020	368021.987	368	894.018	3	2	4	5	1	32451	0	1000	1450	454	0	3	2	4	5	1	1458	1764	2114	2430	2762	6000	5000	1	1	1	1	1	1
3	65	0	5	1000	373020	373021.989	373	894.025	3	5	1	2	4	35124	0	1000	1356	366	0	3	5	1	2	4	1370	1642	1944	2250	2584	6000	5000	1	1	1	1	1	1
3	66	1	5	1000	378020	378022.008	378	892.012	1	3	2	5	4	13254	0	1000	1492	324	0	1	3	2	5	4	1328	1644	1998	2320	2656	6000	5000	1	1	1	1	1	1
3	67	0	5	1000	383020	383021.987	383	889.999	1	4	5	2	3	14523	0	1000	1436	488	0	1	4	5	2	3	1492	1818	2138	2474	2812	6000	5000	1	1	1	1	1	1
3	68	0	5	1000	388020	388021.998	388	887.996	1	4	5	2	3	14523	0	16000	1354	354	0	1	4	5	2	3	1358	1650	1944	2276	2604	6000	5000	1	1	1	1	1	1
4	1	1	5	1000	8020	8021.904	9	17.903	3	2	4	5	1	32451	0	1000	1724	488	0	3	2	4	5	1	1492	1876	2314	2618	2968	6000	5000	1	1	1	1	1	1
4	2	1	5	1000	13020	13021.878	14	15.998	1	3	2	5	4	13254	0	1000	1606	394	0	1	3	2	5	4	1398	1732	2096	2422	2746	6000	5000	1	1	1	1	1	1
4	3	0	5	1000	18020	18021.878	19	13.967	3	5	1	2	4	35124	0	1000	1390	454	0	3	5	1	2	4	1458	1756	2036	2328	2604	6000	5000	1	1	1	1	1	1
4	4	1	5	1000	23020	23021.868	24	11.964	1	3	2	5	4	13254	0	1000	1532	376	0	1	3	2	5	4	1380	1676	1986	2294	2580	6000	5000	1	1	1	1	1	1
4	5	0	5	1000	28020	28021.885	29	10.005	3	2	4	5	1	32451	0	1000	1590	398	0	3	2	4	5	1	1402	1720	2076	2374	2668	6000	5000	1	1	1	1	1	1
4	6	0	5	1000	33020	33021.893	34	7.998	1	4	5	2	3	14523	0	1000	1598	332	0	1	4	5	2	3	1336	1648	1984	2302	2646	6000	5000	1	1	1	1	1	1
4	7	0	5	1000	38020	38021.872	39	5.978	3	2	4	5	1	32451	0	1000	1528	436	0	3	2	4	5	1	1440	1740	2088	2414	2696	6000	5000	1	1	1	1	1	1
4	8	1	5	1000	43020	43021.905	44	6.004	3	2	4	5	1	32451	0	1000	1568	418	0	3	2	4	5	1	1422	1730	2070	2384	2704	6000	5000	1	1	1	1	1	1
4	9	0	5	1000	48020	48021.885	49	4.004	3	2	4	5	1	32451	0	1000	1468	336	0	3	2	4	5	1	1340	1646	1966	2262	2558	6000	5000	1	1	1	1	1	1
4	10	0	5	1000	53020	53021.88	54	2.002	3	2	4	5	1	32451	0	1000	1462	398	0	3	2	4	5	1	1402	1702	2042	2336	2618	6000	5000	1	1	1	1	1	1
4	11	1	5	1000	58020	58021.895	59	0	3	5	1	2	4	35124	0	1000	1402	374	0	3	5	1	2	4	1378	1670	1946	2254	2534	6000	5000	1	1	1	1	1	1
4	12	0	5	1000	63020	63021.88	63	997.989	3	2	4	5	1	32451	0	1000	1404	398	0	3	2	4	5	1	1402	1692	2006	2296	2572	6000	5000	1	1	1	1	1	1
4	13	1	5	1000	68020	68021.881	68	995.99	1	3	2	5	4	13254	0	1000	1446	438	0	1	3	2	5	4	1442	1768	2074	2352	2612	6000	5000	1	1	1	1	1	1
4	14	0	5	1000	73020	73021.891	73	995.899	1	4	5	2	3	14523	0	1000	1272	398	0	1	4	5	2	3	1402	1706	1952	2202	2462	6000	5000	1	1	1	1	1	1
4	15	0	5	1000	78020	78021.893	78	994	3	5	1	2	4	35124	0	1000	1272	350	0	3	5	1	2	4	1354	1626	1870	2130	2368	6000	5000	1	1	1	1	1	1
4	16	1	5	1000	83020	83021.883	83	992.012	1	4	5	2	3	14523	0	1000	1284	378	0	1	4	5	2	3	1382	1674	1928	2182	2422	6000	5000	1	1	1	1	1	1
4	17	1	5	1000	88020	88021.883	88	989.967	1	4	5	2	3	14523	0	16000	1332	462	0	1	4	5	2	3	1466	1752	2030	2292	2566	6000	5000	1	1	1	1	1	1
4	18	1	5	1000	108020	108020.002	108	982.119	1	4	5	2	3	14523	0	1000	1510	372	0	1	4	5	2	3	1376	1678	1984	2290	2618	6000	5000	1	1	1	1	1	1
4	19	0	5	1000	113020	113021.883	113	981.997	1	4	5	2	3	14523	0	1000	1412	452	0	1	4	5	2	3	1456	1736	2034	2304	2608	6000	5000	1	1	1	1	1	1
4	20	1	5	1000	118020	118021.884	118	979.896	1	4	5	2	3	14523	0	1000	1410	342	0	1	4	5	2	3	1346	1636	1912	2188	2506	6000	5000	1	1	1	1	1	1
4	21	0	5	1000	123020	123021.89	123	977.998	3	2	4	5	1	32451	0	1000	1468	418	0	3	2	4	5	1	1422	1692	1976	2286	2554	6000	5000	1	1	1	1	1	1
4	22	1	5	1000	128020	128021.866	128	975.997	1	4	5	2	3	14523	0	1000	1408	326	0	1	4	5	2	3	1330	1614	1878	2154	2452	6000	5000	1	1	1	1	1	1
4	23	0	5	1000	133020	133021.894	133	973.99	1	3	2	5	4	13254	0	1000	1562	306	0	1	3	2	5	4	1310	1618	1912	2206	2484	6000	5000	1	1	1	1	1	1
4	24	1	5	1000	138020	138021.891	138	972.021	3	2	4	5	1	32451	0	1000	1450	238	0	3	2	4	5	1	1242	1522	1816	2090	2336	6000	5000	1	1	1	1	1	1
4	25	1	5	1000	143020	143021.879	143	971.985	1	4	5	2	3	14523	0	1000	1484	368	0	1	4	5	2	3	1372	1658	1946	2228	2532	6000	5000	1	1	1	1	1	1
4	26	1	5	1000	148020	148021.868	148	969.977	1	3	2	5	4	13254	0	1000	1474	420	0	1	3	2	5	4	1424	1702	1990	2264	2518	6000	5000	1	1	1	1	1	1
4	27	1	5	1000	153020	153021.877	153	967.985	3	5	1	2	4	35124	0	1000	1482	322	0	3	5	1	2	4	1326	1630	1910	2188	2448	6000	5000	1	1	1	1	1	1
4	28	1	5	1000	158020	158021.868	158	965.966	1	3	2	5	4	13254	0	1000	1460	334	0	1	3	2	5	4	1338	1638	1938	2198	2466	6000	5000	1	1	1	1	1	1
4	29	0	5	1000	163020	163021.905	163	963.908	1	3	2	5	4	13254	0	1000	1412	344	0	1	3	2	5	4	1348	1638	1928	2190	2458	6000	5000	1	1	1	1	1	1
4	30	0	5	1000	168020	168021.881	168	962.021	3	5	1	2	4	35124	0	1000	1472	424	0	3	5	1	2	4	1428	1728	1986	2264	2576	6000	5000	1	1	1	1	1	1
4	31	1	5	1000	173020	173021.881	173	959.987	3	2	4	5	1	32451	0	1000	1472	244	0	3	2	4	5	1	1248	1554	1838	2108	2374	6000	5000	1	1	1	1	1	1
4	32	0	5	1000	178020	178021.879	178	959.999	3	5	1	2	4	35124	0	1000	1488	408	0	3	5	1	2	4	1412	1694	1962	2254	2552	6000	5000	1	1	1	1	1	1
4	33	0	5	1000	183020	183021.872	183	957.991	3	2	4	5	1	32451	0	1000	1402	282	0	3	2	4	5	1	1286	1568	1842	2118	2388	6000	5000	1	1	1	1	1	1
4	34	0	5	1000	188020	188021.893	188	955.916	3	5	1	2	4	35124	0	16000	1386	232	0	3	5	1	2	4	1236	1534	1774	2052	2306	6000	5000	1	1	1	1	1	1
4	35	0	5	1000	208020	208021.91	208	948.015	3	5	1	2	4	35124	0	1000	1482	492	0	3	5	1	2	4	1496	1782	2068	2400	2700	6000	5000	1	1	1	1	1	1
4	36	1	5	1000	213020	213021.901	213	947.923	3	5	1	2	4	35124	0	1000	1508	542	0	3	5	1	2	4	1546	1864	2122	2406	2750	6000	5000	1	1	1	1	1	1
4	37	0	5	1000	218020	218021.889	218	946.012	1	4	5	2	3	14523	0	1000	1598	320	0	1	4	5	2	3	1324	1618	1960	2270	2618	6000	5000	1	1	1	1	1	1
4	38	1	5	1000	223020	223021.907	223	944.015	1	3	2	5	4	13254	0	1000	1566	326	0	1	3	2	5	4	1330	1630	1958	2230	2544	6000	5000	1	1	1	1	1	1
4	39	1	5	1000	228020	228021.89	228	942.009	1	4	5	2	3	14523	0	1000	1454	338	0	1	4	5	2	3	1342	1634	1940	2226	2516	6000	5000	1	1	1	1	1	1
4	40	1	5	1000	233020	233021.897	233	940.01	3	5	1	2	4	35124	0	1000	1574	424	0	3	5	1	2	4	1428	1706	2006	2318	2600	6000	5000	1	1	1	1	1	1
4	41	0	5	1000	238020	238021.86	238	937.999	3	5	1	2	4	35124	0	1000	1612	388	0	3	5	1	2	4	1392	1680	1952	2274	2624	6000	5000	1	1	1	1	1	1
4	42	0	5	1000	243020	243021.877	243	936.027	3	5	1	2	4	35124	0	1000	1520	374	0	3	5	1	2	4	1378	1674	1942	2238	2536	6000	5000	1	1	1	1	1	1
4	43	0	5	1000	248020	248021.867	248	935.998	1	3	2	5	4	13254	0	1000	1410	332	0	1	3	2	5	4	1336	1606	1906	2168	2448	6000	5000	1	1	1	1	1	1
4	44	1	5	1000	253020	253021.879	253	934.01	1	4	5	2	3	14523	0	1000	1492	382	0	1	4	5	2	3	1386	1678	1960	2262	2564	6000	5000	1	1	1	1	1	1
4	45	1	5	1000	258020	258021.867	258	931.996	3	2	4	5	1	32451	0	1000	1446	422	0	3	2	4	5	1	1426	1702	2006	2282	2570	6000	5000	1	1	1	1	1	1
4	46	0	5	1000	263020	263021.872	263	929.975	1	3	2	5	4	13254	0	1000	1520	284	0	1	3	2	5	4	1288	1588	1898	2164	2466	6000	5000	1	1	1	1	1	1
4	47	0	5	1000	268020	268021.875	268	928.006	3	2	4	5	1	32451	0	1000	1358	390	0	3	2	4	5	1	1394	1660	1936	2222	2466	6000	5000	1	1	1	1	1	1
4	48	0	5	1000	273020	273021.871	273	925.998	1	3	2	5	4	13254	0	1000	1482	318	0	1	3	2	5	4	1322	1606	1920	2202	2494	6000	5000	1	1	1	1	1	1
4	49	0	5	1000	278020	278021.85	278	923.972	1	3	2	5	4	13254	0	1000	1488	264	0	1	3	2	5	4	1268	1562	1868	2146	2434	6000	5000	1	1	1	1	1	1
4	50	0	5	1000	283020	283021.881	283	921.99	1	4	5	2	3	14523	0	1000	1504	306	0	1	4	5	2	3	1310	1588	1884	2166	2498	6000	5000	1	1	1	1	1	1
4	51	1	5	1000	288020	288021.869	288	921.987	3	5	1	2	4	35124	0	16000	1398	326	0	3	5	1	2	4	1330	1606	1872	2160	2448	6000	5000	1	1	1	1	1	1
4	52	1	5	1000	308020	308021.901	308	914.006	3	5	1	2	4	35124	0	1000	1596	482	0	3	5	1	2	4	1486	1804	2108	2412	2746	6000	5000	1	1	1	1	1	1
4	53	0	5	1000	313020	313021.867	313	911.995	1	3	2	5	4	13254	0	1000	1754	350	0	1	3	2	5	4	1354	1696	2038	2378	2702	6000	5000	1	1	1	1	1	1
4	54	1	5	1000	318020	318021.875	318	910.009	1	3	2	5	4	13254	0	1000	1620	192	0	1	3	2	5	4	1196	1546	1880	2200	2498	6000	5000	1	1	1	1	1	1
4	55	1	5	1000	323020	323021.873	323	910.004	1	3	2	5	4	13254	0	1000	1552	316	0	1	3	2	5	4	1320	1644	1972	2308	2576	6000	5000	1	1	1	1	1	1
4	56	1	5	1000	328020	328021.869	328	908	3	2	4	5	1	32451	0	1000	1654	322	0	3	2	4	5	1	1326	1658	1998	2322	2606	6000	5000	1	1	1	1	1	1
4	57	1	5	1000	333020	333021.868	333	905.998	3	5	1	2	4	35124	0	1000	1586	404	0	3	5	1	2	4	1408	1710	1976	2310	2626	6000	5000	1	1	1	1	1	1
4	58	1	5	1000	338020	338021.87	338	904.003	3	2	4	5	1	32451	0	1000	1624	386	0	3	2	4	5	1	1390	1690	2006	2328	2616	6000	5000	1	1	1	1	1	1
4	59	0	5	1000	343020	343021.882	343	902.03	1	4	5	2	3	14523	0	1000	1660	322	0	1	4	5	2	3	1326	1648	1986	2310	2656	6000	5000	1	1	1	1	1	1
4	60	0	5	1000	348020	348021.883	348	900.014	1	4	5	2	3	14523	0	1000	1656	350	0	1	4	5	2	3	1354	1660	2002	2340	2720	6000	5000	1	1	1	1	1	1
4	61	0	5	1000	353020	353021.867	353	897.989	1	3	2	5	4	13254	0	1000	1612	332	0	1	3	2	5	4	1336	1622	1976	2300	2624	6000	5000	1	1	1	1	1	1
4	62	1	5	1000	358020	358021.871	358	898.004	3	5	1	2	4	35124	0	1000	1664	392	0	3	5	1	2	4	1396	1730	2038	2366	2696	6000	5000	1	1	1	1	1	1
4	63	1	5	1000	363020	363021.864	363	895.982	3	5	1	2	4	35124	0	1000	1564	340	0	3	5	1	2	4	1344	1664	1972	2294	2612	6000	5000	1	1	1	1	1	1
4	64	1	5	1000	368020	368021.869	368	893.998	1	4	5	2	3	14523	0	1000	1540	354	0	1	4	5	2	3	1358	1664	1976	2278	2644	6000	5000	1	1	1	1	1	1
4	65	0	5	1000	373020	373021.87	373	892	3	5	1	2	4	35124	0	1000	1632	342	0	3	5	1	2	4	1346	1656	1974	2302	2612	6000	5000	1	1	1	1	1	1
4	66	0	5	1000	378020	378021.869	378	889.999	1	4	5	2	3	14523	0	1000	1632	356	0	1	4	5	2	3	1360	1656	1972	2312	2656	6000	5000	1	1	1	1	1	1
4	67	1	5	1000	383020	383021.881	383	888.007	3	2	4	5	1	32451	0	1000	1644	454	0	3	2	4	5	1	1458	1792	2140	2436	2724	6000	5000	1	1	1	1	1	1
4	68	1	5	1000	388020	388021.87	388	885.987	3	2	4	5	1	32451	0	16000	1574	370	0	3	2	4	5	1	1374	1658	1972	2288	2598	6000	5000	1	1	1	1	1	1
5	1	1	5	1000	8020	8020.022	9	15.995	1	3	2	5	4	13254	0	1000	1606	492	0	1	3	2	5	4	1496	1838	2212	2522	2842	6000	5000	1	1	1	1	1	1
5	2	1	5	1000	13020	13022.014	14	16.025	3	2	4	5	1	32451	0	1000	1528	308	0	3	2	4	5	1	1312	1606	1934	2250	2556	6000	5000	1	1	1	1	1	1
5	3	0	5	1000	18020	18020.005	19	12.014	1	4	5	2	3	14523	0	1000	1518	148	0	1	4	5	2	3	1152	1454	1772	2068	2390	6000	5000	1	1	1	1	1	1
5	4	1	5	1000	23020	23020.023	24	9.988	3	5	1	2	4	35124	0	1000	1488	334	0	3	5	1	2	4	1338	1648	1940	2248	2528	6000	5000	1	1	1	1	1	1
5	5	1	5	1000	28020	28020.012	29	7.998	3	2	4	5	1	32451	0	1000	1388	302	0	3	2	4	5	1	1306	1584	1892	2178	2444	6000	5000	1	1	1	1	1	1
5	6	1	5	1000	33020	33020.015	34	5.999	3	2	4	5	1	32451	0	1000	1364	236	0	3	2	4	5	1	1240	1514	1830	2096	2374	6000	5000	1	1	1	1	1	1
5	7	1	5	1000	38020	38020.096	39	6.081	3	5	1	2	4	35124	0	1000	1416	362	0	3	5	1	2	4	1366	1666	1952	2240	2514	6000	5000	1	1	1	1	1	1
5	8	1	5	1000	43020	43020.014	44	3.999	3	5	1	2	4	35124	0	1000	2140	678	1	1	1	1	2	4	1682	2376	2944	3228	3524	6000	5000	0	1	1	1	1	1
5	9	0	5	1000	48020	48020.001	49	2.001	3	2	4	5	1	32451	0	1000	1528	456	0	3	2	4	5	1	1460	1760	2082	2392	2666	6000	5000	1	1	1	1	1	1
5	10	0	5	1000	53020	53020.012	54	0	3	5	1	2	4	35124	0	1000	1524	354	0	3	5	1	2	4	1358	1652	1956	2270	2556	6000	5000	1	1	1	1	1	1
5	11	0	5	1000	58020	58020.026	58	1000.013	1	3	2	5	4	13254	0	1000	1516	334	0	1	3	2	5	4	1338	1638	1956	2252	2540	6000	5000	1	1	1	1	1	1
5	12	0	5	1000	63020	63020.004	63	995.999	1	4	5	2	3	14523	0	1000	1470	332	0	1	4	5	2	3	1336	1640	1934	2226	2542	6000	5000	1	1	1	1	1	1
5	13	1	5	1000	68020	68020.001	68	995.876	1	3	2	5	4	13254	0	1000	1506	436	0	1	3	2	5	4	1440	1742	2074	2384	2658	6000	5000	1	1	1	1	1	1
5	14	1	5	1000	73020	73020.013	73	994.013	1	4	5	2	3	14523	0	1000	1514	352	0	1	4	5	2	3	1356	1658	1972	2278	2588	6000	5000	1	1	1	1	1	1
5	15	0	5	1000	78020	78020.003	78	992	3	2	4	5	1	32451	0	1000	1632	416	0	3	2	4	5	1	1420	1736	2082	2434	2776	6000	5000	1	1	1	1	1	1
5	16	1	5	1000	83020	83020.026	83	990.023	3	5	1	2	4	35124	0	1000	1650	326	0	3	5	1	2	4	1330	1656	1980	2324	2646	6000	5000	1	1	1	1	1	1
5	17	0	5	1000	88020	88021.996	88	990.015	3	5	1	2	4	35124	0	16000	1540	332	0	3	5	1	2	4	1336	1646	1948	2272	2584	6000	5000	1	1	1	1	1	1
5	18	0	5	1000	108020	108020.015	108	982.01	3	5	1	2	4	35124	0	1000	1676	776	0	3	5	1	2	4	1780	2092	2450	2758	3070	6000	5000	1	1	1	1	1	1
5	19	1	5	1000	113020	113020.014	113	980.013	1	4	5	2	3	14523	0	1000	1690	428	0	1	4	5	2	3	1432	1752	2108	2432	2778	6000	5000	1	1	1	1	1	1
5	20	1	5	1000	118020	118020.003	118	977.976	3	2	4	5	1	32451	0	1000	1668	382	0	3	2	4	5	1	1386	1690	2046	2418	2746	6000	5000	1	1	1	1	1	1
5	21	0	5	1000	123020	123020.004	123	976.005	3	2	4	5	1	32451	0	1000	1668	336	0	3	2	4	5	1	1340	1656	2012	2366	2682	6000	5000	1	1	1	1	1	1
5	22	0	5	1000	128020	128020.049	128	974.046	1	4	5	2	3	14523	0	1000	1772	298	0	1	4	5	2	3	1302	1620	1996	2332	2692	6000	5000	1	1	1	1	1	1
5	23	0	5	1000	133020	133020.025	133	972.007	3	2	4	5	1	32451	0	1000	1676	478	0	3	2	4	5	1	1482	1806	2166	2500	2848	6000	5000	1	1	1	1	1	1
5	24	0	5	1000	138020	138020.011	138	971.989	3	2	4	5	1	32451	0	1000	1732	304	0	3	2	4	5	1	1308	1640	1998	2334	2662	6000	5000	1	1	1	1	1	1
5	25	1	5	1000	143020	143020.02	143	969.994	3	2	4	5	1	32451	0	1000	1624	466	0	3	2	4	5	1	1470	1788	2122	2468	2768	6000	5000	1	1	1	1	1	1
5	26	1	5	1000	148020	148020.002	148	968.002	1	4	5	2	3	14523	0	1000	1684	352	0	1	4	5	2	3	1356	1674	2024	2362	2678	6000	5000	1	1	1	1	1	1
5	27	0	5	1000	153020	153021.988	153	967.962	1	3	2	5	4	13254	0	1000	1688	378	0	1	3	2	5	4	1382	1700	2060	2392	2700	6000	5000	1	1	1	1	1	1
5	28	1	5	1000	158020	158020.005	158	963.974	1	4	5	2	3	14523	0	1000	1578	396	0	1	4	5	2	3	1400	1708	2042	2352	2670	6000	5000	1	1	1	1	1	1
5	29	0	5	1000	163020	163022	163	963.974	3	5	1	2	4	35124	0	1000	1720	476	0	3	5	1	2	4	1480	1818	2162	2486	2814	6000	5000	1	1	1	1	1	1
5	30	0	5	1000	168020	168020.026	168	959.996	3	5	1	2	4	35124	0	1000	1734	372	0	3	5	1	2	4	1376	1730	2066	2404	2742	6000	5000	1	1	1	1	1	1
5	31	1	5	1000	173020	173020.003	173	959.988	3	5	1	2	4	35124	0	1000	1722	478	0	3	5	1	2	4	1482	1802	2116	2474	2814	6000	5000	1	1	1	1	1	1
5	32	0	5	1000	178020	178020.002	178	957.985	1	4	5	2	3	14523	0	1000	1620	346	0	1	4	5	2	3	1350	1640	1968	2300	2638	6000	5000	1	1	1	1	1	1
5	33	0	5	1000	183020	183020.023	183	956.021	3	5	1	2	4	35124	0	1000	1654	310	0	3	5	1	2	4	1314	1632	1934	2278	2616	6000	5000	1	1	1	1	1	1
5	34	1	5	1000	188020	188020.002	188	953.999	3	2	4	5	1	32451	0	16000	1610	370	0	3	2	4	5	1	1374	1694	2022	2336	2628	6000	5000	1	1	1	1	1	1
5	35	1	5	1000	208020	208020.013	208	947.996	3	2	4	5	1	32451	0	1000	1650	392	0	3	2	4	5	1	1396	1718	2046	2370	2670	6000	5000	1	1	1	1	1	1
5	36	0	5	1000	213020	213022.005	213	947.99	3	5	1	2	4	35124	0	1000	1626	270	0	3	5	1	2	4	1274	1590	1884	2224	2548	6000	5000	1	1	1	1	1	1
5	37	0	5	1000	218020	218022.042	218	946.053	3	2	4	5	1	32451	0	1000	1644	310	0	3	2	4	5	1	1314	1612	1960	2294	2578	6000	5000	1	1	1	1	1	1
5	38	1	5	1000	223020	223020.026	223	942.026	1	4	5	2	3	14523	0	1000	1578	288	0	1	4	5	2	3	1292	1592	1908	2192	2500	6000	5000	1	1	1	1	1	1
5	39	1	5	1000	228020	228021.991	228	942.014	1	4	5	2	3	14523	0	1000	1466	312	0	1	4	5	2	3	1316	1618	1914	2196	2494	6000	5000	1	1	1	1	1	1
5	40	1	5	1000	233020	233021.994	233	940.006	1	3	2	5	4	13254	0	1000	1522	292	0	1	3	2	5	4	1296	1600	1920	2246	2550	6000	5000	1	1	1	1	1	1
5	41	0	5	1000	238020	238021.996	238	937.993	3	2	4	5	1	32451	0	1000	1514	326	0	3	2	4	5	1	1330	1634	1962	2274	2556	6000	5000	1	1	1	1	1	1
5	42	1	5	1000	243020	243021.99	243	937.991	1	3	2	5	4	13254	0	1000	1454	280	0	1	3	2	5	4	1284	1578	1870	2182	2448	6000	5000	1	1	1	1	1	1
5	43	0	5	1000	248020	248021.993	248	936.003	3	5	1	2	4	35124	0	1000	1608	406	0	3	5	1	2	4	1410	1712	2012	2316	2650	6000	5000	1	1	1	1	1	1
5	44	0	5	1000	253020	253021.995	253	933.992	1	4	5	2	3	14523	0	1000	1576	386	0	1	4	5	2	3	1390	1678	2000	2298	2584	6000	5000	1	1	1	1	1	1
5	45	0	5	1000	258020	258020.002	258	930.009	1	4	5	2	3	14523	0	1000	1618	300	0	1	4	5	2	3	1304	1596	1920	2228	2554	6000	5000	1	1	1	1	1	1
5	46	1	5	1000	263020	263021.992	263	930.002	3	2	4	5	1	32451	0	1000	1600	350	0	3	2	4	5	1	1354	1662	1976	2308	2602	6000	5000	1	1	1	1	1	1
5	47	0	5	1000	268020	268021.99	268	927.984	1	3	2	5	4	13254	0	1000	1722	344	0	1	3	2	5	4	1348	1682	2008	2354	2680	6000	5000	1	1	1	1	1	1
5	48	0	5	1000	273020	273022.014	273	926.02	1	3	2	5	4	13254	0	1000	1880	412	0	1	3	2	5	4	1416	1754	2122	2526	2872	6000	5000	1	1	1	1	1	1
5	49	0	5	1000	278020	278022.016	278	926.008	3	5	1	2	4	35124	0	1000	1548	536	0	3	5	1	2	4	1540	1844	2142	2470	2764	6000	5000	1	1	1	1	1	1
5	50	1	5	1000	283020	283021.996	283	924.001	1	3	2	5	4	13254	0	1000	1628	568	0	1	3	2	5	4	1572	1856	2178	2524	2824	6000	5000	1	1	1	1	1	1
5	51	0	5	1000	288020	288022.004	288	922.005	1	3	2	5	4	13254	0	16000	1632	352	0	1	3	2	5	4	1356	1640	1982	2328	2634	6000	5000	1	1	1	1	1	1
5	52	0	5	1000	308020	308021.991	308	913.998	1	3	2	5	4	13254	0	1000	1814	366	0	1	3	2	5	4	1370	1718	2094	2432	2780	6000	5000	1	1	1	1	1	1
5	53	1	5	1000	313020	313021.989	313	913.941	3	2	4	5	1	32451	0	1000	1718	446	0	3	2	4	5	1	1450	1794	2138	2488	2814	6000	5000	1	1	1	1	1	1
5	54	1	5	1000	318020	318022.007	318	912.023	1	3	2	5	4	13254	0	1000	1684	388	0	1	3	2	5	4	1392	1702	2044	2374	2686	6000	5000	1	1	1	1	1	1
5	55	0	5	1000	323020	323020.004	323	907.984	1	4	5	2	3	14523	0	1000	1572	290	0	1	4	5	2	3	1294	1600	1916	2216	2520	6000	5000	1	1	1	1	1	1
5	56	0	5	1000	328020	328020.002	328	906.01	1	3	2	5	4	13254	0	1000	1620	326	0	1	3	2	5	4	1330	1658	2004	2318	2618	6000	5000	1	1	1	1	1	1
5	57	1	5	1000	333020	333021.969	333	907.976	1	3	2	5	4	13254	0	1000	1582	328	0	1	3	2	5	4	1332	1638	1972	2282	2560	6000	5000	1	1	1	1	1	1
5	58	1	5	1000	338020	338021.992	338	903.999	3	5	1	2	4	35124	0	1000	1532	462	0	3	5	1	2	4	1466	1794	2090	2396	2684	6000	5000	1	1	1	1	1	1
5	59	0	5	1000	343020	343020.012	343	900.018	1	3	2	5	4	13254	0	1000	1480	312	0	1	3	2	5	4	1316	1606	1900	2188	2468	6000	5000	1	1	1	1	1	1
5	60	0	5	1000	348020	348020.025	348	899.973	3	2	4	5	1	32451	0	1000	1614	380	0	3	2	4	5	1	1434	1740	2066	2388	2706	6000	5000	1	1	1	1	1	1
5	61	0	5	1000	353020	353021.973	353	899.967	1	3	2	5	4	13254	0	1000	1620	366	0	1	3	2	5	4	1370	1702	2032	2372	2672	6000	5000	1	1	1	1	1	1
5	62	1	5	1000	358020	358021.993	358	897.976	3	5	1	2	4	35124	0	1000	1534	396	0	3	5	1	2	4	1400	1704	2002	2310	2624	6000	5000	1	1	1	1	1	1
5	63	1	5	1000	363020	363022.018	363	896.03	1	4	5	2	3	14523	0	1000	1504	282	0	1	4	5	2	3	1286	1586	1908	2210	2508	6000	5000	1	1	1	1	1	1
5	64	0	5	1000	368020	368020.01	368	892.016	1	4	5	2	3	14523	0	1000	1538	322	0	1	4	5	2	3	1326	1632	1948	2256	2574	6000	5000	1	1	1	1	1	1
5	65	1	5	1000	373020	373021.991	373	892.003	1	4	5	2	3	14523	0	1000	1462	362	0	1	4	5	2	3	1366	1656	1974	2270	2572	6000	5000	1	1	1	1	1	1
5	66	1	5	1000	378020	378022.018	378	892.024	3	5	1	2	4	35124	0	1000	1462	428	0	3	5	1	2	4	1432	1726	2006	2294	2600	6000	5000	1	1	1	1	1	1
5	67	1	5	1000	383020	383020.002	383	886.007	1	3	2	5	4	13254	0	1000	1592	370	0	1	3	2	5	4	1374	1674	2010	2324	2630	6000	5000	1	1	1	1	1	1
5	68	1	5	1000	388020	388020.003	388	886.009	1	3	2	5	4	13254	0	16000	1642	392	0	1	3	2	5	4	1396	1690	2042	2366	2676	6000	5000	1	1	1	1	1	1
6	1	0	5	1000	8020	8020.025	9	16.001	3	2	4	5	1	32451	0	1000	1672	538	0	3	2	4	5	1	1542	1878	2222	2558	2866	6000	5000	1	1	1	1	1	1
6	2	0	5	1000	13020	13020.001	14	14.002	1	4	5	2	3	14523	0	1000	1606	322	0	1	4	5	2	3	1326	1646	1970	2298	2628	6000	5000	1	1	1	1	1	1
6	3	1	5	1000	18020	18020.001	19	11.997	1	4	5	2	3	14523	0	1000	1590	308	0	1	4	5	2	3	1312	1604	1936	2258	2584	6000	5000	1	1	1	1	1	1
6	4	0	5	1000	23020	23020.033	24	10.028	1	4	5	2	3	14523	0	1000	1608	204	0	1	4	5	2	3	1208	1522	1840	2166	2508	6000	5000	1	1	1	1	1	1
6	5	1	5	1000	28020	28022.024	29	11.998	3	5	1	2	4	35124	0	1000	1646	304	0	3	5	1	2	4	1308	1626	1932	2264	2578	6000	5000	1	1	1	1	1	1
6	6	1	5	1000	33020	33020.014	34	7.989	1	4	5	2	3	14523	0	1000	1472	402	0	1	4	5	2	3	1406	1696	1998	2296	2606	6000	5000	1	1	1	1	1	1
6	7	1	5	1000	38020	38020.002	39	5.978	3	2	4	5	1	32451	0	1000	1546	370	0	3	2	4	5	1	1374	1674	1976	2264	2546	6000	5000	1	1	1	1	1	1
6	8	1	5	1000	43020	43020.028	44	4.001	1	3	2	5	4	13254	0	1000	1518	284	0	1	3	2	5	4	1288	1584	1914	2232	2502	6000	5000	1	1	1	1	1	1
6	9	1	5	1000	48020	48020.016	49	2.001	3	2	4	5	1	32451	0	1000	1534	312	0	3	2	4	5	1	1316	1610	1906	2216	2510	6000	5000	1	1	1	1	1	1
6	10	0	5	1000	53020	53020.013	54	0	1	3	2	5	4	13254	0	1000	1594	208	0	1	3	2	5	4	1212	1518	1846	2130	2442	6000	5000	1	1	1	1	1	1
6	11	1	5	1000	58020	58021.993	59	0	3	2	4	5	1	32451	0	1000	1582	360	0	3	2	4	5	1	1364	1670	1982	2296	2596	6000	5000	1	1	1	1	1	1
6	12	0	5	1000	63020	63020.003	63	998.001	3	2	4	5	1	32451	0	1000	1568	390	0	3	2	4	5	1	1394	1726	2034	2364	2668	6000	5000	1	1	1	1	1	1
6	13	1	5	1000	68020	68020.034	68	996.029	3	5	1	2	4	35124	0	1000	1512	310	0	3	5	1	2	4	1314	1602	1896	2202	2516	6000	5000	1	1	1	1	1	1
6	14	1	5	1000	73020	73020.014	73	994.013	1	3	2	5	4	13254	0	1000	1578	274	0	1	3	2	5	4	1278	1578	1890	2188	2472	6000	5000	1	1	1	1	1	1
6	15	1	5	1000	78020	78020.002	78	992.03	1	4	5	2	3	14523	0	1000	1486	346	0	1	4	5	2	3	1350	1646	1946	2254	2578	6000	5000	1	1	1	1	1	1
6	16	0	5	1000	83020	83020.002	83	989.985	3	5	1	2	4	35124	0	1000	1548	270	0	3	5	1	2	4	1716	2024	2308	2596	2924	6000	5000	1	1	1	1	1	1
6	17	1	5	1000	88020	88020.016	88	988.024	3	2	4	5	1	32451	0	16000	1504	316	0	3	2	4	5	1	1320	1594	1916	2222	2532	6000	5000	1	1	1	1	1	1
6	18	1	5	1000	108020	108022.097	108	984.104	3	2	4	5	1	32451	0	1000	1556	1334	0	3	2	4	5	1	2338	2692	3020	3308	3612	6000	5000	1	1	1	1	1	1
6	19	0	5	1000	113020	113020.003	113	980.014	1	4	5	2	3	14523	0	1000	1498	332	0	1	4	5	2	3	1336	1640	1956	2268	2574	6000	5000	1	1	1	1	1	1
6	20	0	5	1000	118020	118020.014	118	977.999	3	5	1	2	4	35124	0	1000	1684	306	0	3	5	1	2	4	1310	1618	1908	2236	2580	6000	5000	1	1	1	1	1	1
6	21	0	5	1000	123020	123020.026	123	976.024	1	4	5	2	3	14523	0	1000	1806	154	0	1	4	5	2	3	1158	1506	1898	2244	2624	6000	5000	1	1	1	1	1	1
6	22	1	5	1000	128020	128020.015	128	975.981	1	3	2	5	4	13254	0	1000	1996	376	0	1	3	2	5	4	1380	1752	2176	2582	3004	6000	5000	1	1	1	1	1	1
6	23	1	5	1000	133020	133020.004	133	974.001	1	3	2	5	4	13254	0	1000	1914	374	0	1	3	2	5	4	1378	1742	2148	2522	2906	6000	5000	1	1	1	1	1	1
6	24	0	5	1000	138020	138020.02	138	972.016	1	4	5	2	3	14523	0	1000	1882	314	0	1	4	5	2	3	1318	1698	2080	2466	2852	6000	5000	1	1	1	1	1	1
6	25	0	5	1000	143020	143020.109	143	970.115	1	4	5	2	3	14523	0	1000	1920	348	0	1	4	5	2	3	1352	1718	2124	2514	2918	6000	5000	1	1	1	1	1	1
6	26	0	5	1000	148020	148020.027	148	968.021	1	3	2	5	4	13254	0	1000	1764	324	0	1	3	2	5	4	1328	1664	2026	2380	2716	6000	5000	1	1	1	1	1	1
6	27	1	5	1000	153020	153020.003	153	965.978	1	4	5	2	3	14523	0	1000	1724	326	0	1	4	5	2	3	1330	1666	2016	2384	2732	6000	5000	1	1	1	1	1	1
6	28	0	5	1000	158020	158020.015	158	963.892	1	3	2	5	4	13254	0	1000	1806	534	0	1	3	2	5	4	1538	1884	2248	2608	2982	6000	5000	1	1	1	1	1	1
6	29	0	5	1000	163020	163020.002	163	961.89	3	2	4	5	1	32451	0	1000	1740	354	0	3	2	4	5	1	1358	1702	2070	2412	2734	6000	5000	1	1	1	1	1	1
6	30	1	5	1000	168020	168020.027	168	962.026	3	2	4	5	1	32451	0	1000	1760	312	0	3	2	4	5	1	1316	1678	2062	2408	2724	6000	5000	1	1	1	1	1	1
6	31	0	5	1000	173020	173020.006	173	959.992	3	5	1	2	4	35124	0	1000	0	318	0	3	5	1	0	0	2996	3346	3700	0	0	6000	5000	0	1	1	1	1	1
6	32	0	5	1000	178020	178020.015	178	958.01	3	5	1	2	4	35124	0	1000	1576	402	0	3	5	1	2	4	1406	1720	1998	2358	2654	6000	5000	1	1	1	1	1	1
6	33	0	5	1000	183020	183020.046	183	956.041	1	3	2	5	4	13254	0	1000	1336	324	0	1	3	2	5	4	1328	1586	1868	2134	2388	6000	5000	1	1	1	1	1	1
6	34	0	5	1000	188020	188020.002	188	954.004	1	4	5	2	3	14523	0	16000	1396	324	0	1	4	5	2	3	1328	1590	1900	2196	2484	6000	5000	1	1	1	1	1	1
6	35	0	5	1000	208020	208020.058	208	948.055	1	4	5	2	3	14523	0	1000	1566	382	0	1	4	5	2	3	1386	1686	1996	2310	2636	6000	5000	1	1	1	1	1	1
6	36	0	5	1000	213020	213020.001	213	946.001	3	2	4	5	1	32451	0	1000	1510	336	0	3	2	4	5	1	1340	1658	1960	2276	2502	6000	5000	1	1	1	1	1	1
6	37	0	5	1000	218020	218021.992	218	945.966	3	5	1	2	4	35124	0	1000	1522	290	0	3	5	1	2	4	1294	1590	1862	2174	2478	6000	5000	1	1	1	1	1	1
6	38	1	5	1000	223020	223020.008	223	942.004	3	5	1	2	4	35124	0	1000	1460	308	0	3	5	1	2	4	1312	1604	1884	2162	2440	6000	5000	1	1	1	1	1	1
6	39	0	5	1000	228020	228022.016	228	942.015	1	4	5	2	3	14523	0	1000	1460	278	0	1	4	5	2	3	1282	1572	1868	2156	2452	6000	5000	1	1	1	1	1	1
6	40	1	5	1000	233020	233020.002	233	937.999	3	2	4	5	1	32451	0	1000	1432	294	0	3	2	4	5	1	1298	1582	1860	2130	2394	6000	5000	1	1	1	1	1	1
6	41	1	5	1000	238020	238021.969	238	939.99	3	5	1	2	4	35124	0	1000	1422	466	0	3	5	1	2	4	1470	1750	2010	2290	2598	6000	5000	1	1	1	1	1	1
6	42	0	5	1000	243020	243021.99	243	937.986	1	3	2	5	4	13254	0	1000	1554	274	0	1	3	2	5	4	1278	1568	1876	2170	2470	6000	5000	1	1	1	1	1	1
6	43	0	5	1000	248020	248021.991	248	936.021	1	3	2	5	4	13254	0	1000	1644	272	0	1	3	2	5	4	1276	1592	1930	2268	2558	6000	5000	1	1	1	1	1	1
6	44	1	5	1000	253020	253021.989	253	934.019	1	3	2	5	4	13254	0	1000	1368	424	0	1	3	2	5	4	1428	1712	2002	2262	2512	6000	5000	1	1	1	1	1	1
6	45	0	5	1000	258020	258020.015	258	930.019	3	5	1	2	4	35124	0	1000	1442	328	0	3	5	1	2	4	1332	1620	1892	2194	2492	6000	5000	1	1	1	1	1	1
6	46	1	5	1000	263020	263020.006	263	928.01	1	3	2	5	4	13254	0	1000	1470	364	0	1	3	2	5	4	1368	1644	1944	2238	2540	6000	5000	1	1	1	1	1	1
6	47	1	5	1000	268020	268020.003	268	926.025	3	5	1	2	4	35124	0	1000	1360	390	0	3	5	1	2	4	1394	1638	1928	2202	2468	6000	5000	1	1	1	1	1	1
6	48	1	5	1000	273020	273021.992	273	927.992	3	5	1	2	4	35124	0	1000	1478	320	0	3	5	1	2	4	1324	1604	1862	2152	2452	6000	5000	1	1	1	1	1	1
6	49	1	5	1000	278020	278021.995	278	926.001	3	2	4	5	1	32451	0	1000	1442	372	0	3	2	4	5	1	1376	1662	1948	2240	2496	6000	5000	1	1	1	1	1	1
6	50	1	5	1000	283020	283020.002	283	921.992	3	2	4	5	1	32451	0	1000	1338	354	0	3	2	4	5	1	1358	1614	1898	2152	2412	6000	5000	1	1	1	1	1	1
6	51	1	5	1000	288020	288020.017	288	920.045	1	4	5	2	3	14523	0	16000	1468	338	0	1	4	5	2	3	1342	1634	1888	2184	2476	6000	5000	1	1	1	1	1	1
6	52	1	5	1000	308020	308020.001	308	914.007	1	4	5	2	3	14523	0	1000	1608	432	0	1	4	5	2	3	1436	1760	2080	2416	2746	6000	5000	1	1	1	1	1	1
6	53	1	5	1000	313020	313021.971	313	913.982	3	5	1	2	4	35124	0	1000	1402	342	0	3	5	1	2	4	1346	1624	1902	2146	2404	6000	5000	1	1	1	1	1	1
6	54	0	5	1000	318020	318022.002	318	912.007	3	5	1	2	4	35124	0	1000	1406	470	0	3	5	1	2	4	1474	1770	2050	2318	2556	6000	5000	1	1	1	1	1	1
6	55	0	5	1000	323020	323021.994	323	910.005	3	2	4	5	1	32451	0	1000	1476	386	0	3	2	4	5	1	1390	1670	1978	2288	2546	6000	5000	1	1	1	1	1	1
6	56	1	5	1000	328020	328021.992	328	908.002	1	4	5	2	3	14523	0	1000	1462	290	0	1	4	5	2	3	1294	1580	1864	2162	2452	6000	5000	1	1	1	1	1	1
6	57	1	5	1000	333020	333020.022	333	904.013	1	3	2	5	4	13254	0	1000	1400	358	0	1	3	2	5	4	1362	1642	1924	2190	2480	6000	5000	1	1	1	1	1	1
6	58	0	5	1000	338020	338020.013	338	902.022	1	3	2	5	4	13254	0	1000	1468	356	0	1	3	2	5	4	1360	1648	1932	2214	2482	6000	5000	1	1	1	1	1	1
6	59	0	5	1000	343020	343020.022	343	902.027	3	5	1	2	4	35124	0	1000	1504	398	0	3	5	1	2	4	1402	1686	1922	2218	2502	6000	5000	1	1	1	1	1	1
6	60	1	5	1000	348020	348020.003	348	900.012	1	4	5	2	3	14523	0	1000	1468	346	0	1	4	5	2	3	1350	1628	1918	2204	2490	6000	5000	1	1	1	1	1	1
6	61	1	5	1000	353020	353020	353	898.009	1	4	5	2	3	14523	0	1000	1436	344	0	1	4	5	2	3	1348	1634	1902	2178	2480	6000	5000	1	1	1	1	1	1
6	62	0	5	1000	358020	358021.993	358	897.99	3	2	4	5	1	32451	0	1000	1488	330	0	3	2	4	5	1	1334	1616	1910	2192	2472	6000	5000	1	1	1	1	1	1
6	63	0	5	1000	363020	363020.004	363	894.013	1	3	2	5	4	13254	0	1000	1640	410	0	1	3	2	5	4	1414	1726	2048	2338	2620	6000	5000	1	1	1	1	1	1
6	64	1	5	1000	368020	368021.995	368	894	3	5	1	2	4	35124	0	1000	1474	476	0	3	5	1	2	4	1480	1764	2034	2314	2596	6000	5000	1	1	1	1	1	1
6	65	0	5	1000	373020	373021.99	373	891.997	3	2	4	5	1	32451	0	1000	1422	340	0	3	2	4	5	1	1344	1628	1916	2220	2456	6000	5000	1	1	1	1	1	1
6	66	1	5	1000	378020	378022.013	378	891.996	1	3	2	5	4	13254	0	1000	1510	288	0	1	3	2	5	4	1292	1590	1888	2170	2444	6000	5000	1	1	1	1	1	1
6	67	0	5	1000	383020	383021.992	383	889.988	3	2	4	5	1	32451	0	1000	1488	450	0	3	2	4	5	1	1454	1736	2022	2332	2592	6000	5000	1	1	1	1	1	1
6	68	0	5	1000	388020	388020.005	388	886.012	3	2	4	5	1	32451	0	16000	1556	292	0	3	2	4	5	1	1296	1578	1890	2206	2502	6000	5000	1	1	1	1	1	1
7	1	0	5	1000	8020	8021.995	9	18.001	1	3	2	5	4	13254	0	1000	1798	436	0	1	3	2	5	4	1440	1858	2218	2584	2940	6000	5000	1	1	1	1	1	1
7	2	0	5	1000	13020	13020.005	14	13.987	1	3	2	5	4	13254	0	1000	1774	396	0	1	3	2	5	4	1400	1742	2124	2498	2842	6000	5000	1	1	1	1	1	1
7	3	0	5	1000	18020	18020.004	19	11.988	3	5	1	2	4	35124	0	1000	1790	404	0	3	5	1	2	4	1408	1754	2102	2486	2864	6000	5000	1	1	1	1	1	1
7	4	1	5	1000	23020	23020.004	24	9.992	3	2	4	5	1	32451	0	1000	1738	378	0	3	2	4	5	1	1382	1724	2112	2482	2838	6000	5000	1	1	1	1	1	1
7	5	1	5	1000	28020	28021.995	29	9.88	1	4	5	2	3	14523	0	1000	1640	306	0	1	4	5	2	3	1310	1638	1998	2338	2698	6000	5000	1	1	1	1	1	1
7	6	0	5	1000	33020	33020.014	34	6.012	3	2	4	5	1	32451	0	1000	1642	312	0	3	2	4	5	1	1316	1628	1990	2326	2660	6000	5000	1	1	1	1	1	1
7	7	0	5	1000	38020	38020.018	39	6.001	1	4	5	2	3	14523	0	1000	1630	298	0	1	4	5	2	3	1302	1632	1988	2312	2650	6000	5000	1	1	1	1	1	1
7	8	1	5	1000	43020	43020.016	44	3.998	3	2	4	5	1	32451	0	1000	1558	268	0	3	2	4	5	1	1272	1564	1906	2224	2526	6000	5000	1	1	1	1	1	1
7	9	1	5	1000	48020	48020.005	49	2.026	3	5	1	2	4	35124	0	1000	1538	290	0	3	5	1	2	4	1294	1606	1906	2234	2540	6000	5000	1	1	1	1	1	1
7	10	1	5	1000	53020	53020.001	54	0	3	2	4	5	1	32451	0	1000	1526	322	0	3	2	4	5	1	1326	1614	1932	2260	2564	6000	5000	1	1	1	1	1	1
7	11	0	5	1000	58020	58021.985	59	0	1	4	5	2	3	14523	0	1000	1508	218	0	1	4	5	2	3	1222	1540	1850	2144	2466	6000	5000	1	1	1	1	1	1
7	12	0	5	1000	63020	63021.995	63	998.002	3	5	1	2	4	35124	0	1000	1184	324	1	3	5	1	2	2	1328	1616	1918	1934	2256	6000	5000	0	1	1	1	1	1
7	13	0	5	1000	68020	68020.002	68	996.012	3	2	4	5	1	32451	0	1000	1452	408	0	3	2	4	5	1	1412	1708	2014	2340	2632	6000	5000	1	1	1	1	1	1
7	14	0	5	1000	73020	73020.005	73	994.013	1	3	2	5	4	13254	0	1000	1510	326	0	1	3	2	5	4	1330	1618	1922	2212	2528	6000	5000	1	1	1	1	1	1
7	15	1	5	1000	78020	78021.97	78	993.924	1	4	5	2	3	14523	0	1000	1518	402	0	1	4	5	2	3	1406	1742	2068	2382	2674	6000	5000	1	1	1	1	1	1
7	16	1	5	1000	83020	83020.001	83	989.948	3	5	1	2	4	35124	0	1000	1480	436	0	3	5	1	2	4	1440	1738	2026	2340	2632	6000	5000	1	1	1	1	1	1
7	17	1	5	1000	88020	88020.016	88	988.022	1	3	2	5	4	13254	0	16000	1550	290	0	1	3	2	5	4	1294	1574	1918	2246	2544	6000	5000	1	1	1	1	1	1
7	18	1	5	1000	108020	108020.005	108	982.023	1	3	2	5	4	13254	0	1000	1504	414	0	1	3	2	5	4	1418	1750	2050	2346	2630	6000	5000	1	1	1	1	1	1
7	19	0	5	1000	113020	113021.962	113	981.969	1	3	2	5	4	13254	0	1000	1620	358	0	1	3	2	5	4	1362	1710	2052	2376	2688	6000	5000	1	1	1	1	1	1
7	20	1	5	1000	118020	118020.004	118	977.986	1	3	2	5	4	13254	0	1000	1640	12	0	1	3	2	5	4	1016	1450	1778	2086	2396	6000	5000	1	1	1	1	1	1
7	21	1	5	1000	123020	123020.006	123	976.007	3	2	4	5	1	32451	0	1000	1500	342	0	3	2	4	5	1	1346	1648	1974	2304	2578	6000	5000	1	1	1	1	1	1
7	22	0	5	1000	128020	128020.005	128	974.011	3	2	4	5	1	32451	0	1000	1464	360	0	3	2	4	5	1	1364	1674	1994	2300	2592	6000	5000	1	1	1	1	1	1
7	23	0	5	1000	133020	133021.992	133	973.97	3	2	4	5	1	32451	0	1000	1630	398	0	3	2	4	5	1	1402	1724	2062	2404	2748	6000	5000	1	1	1	1	1	1
7	24	1	5	1000	138020	138020.005	138	972.013	1	4	5	2	3	14523	0	1000	1516	322	0	1	4	5	2	3	1326	1652	1966	2288	2604	6000	5000	1	1	1	1	1	1
7	25	1	5	1000	143020	143021.996	143	971.992	1	3	2	5	4	13254	0	1000	1556	320	0	1	3	2	5	4	1324	1668	1990	2296	2580	6000	5000	1	1	1	1	1	1
7	26	0	5	1000	148020	148021.993	148	969.988	3	5	1	2	4	35124	0	1000	1538	400	0	3	5	1	2	4	1404	1708	1984	2310	2638	6000	5000	1	1	1	1	1	1
7	27	0	5	1000	153020	153020.003	153	965.998	1	3	2	5	4	13254	0	1000	1482	420	0	1	3	2	5	4	1424	1758	2066	2356	2650	6000	5000	1	1	1	1	1	1
7	28	0	5	1000	158020	158020.02	158	964.025	3	2	4	5	1	32451	0	1000	1506	360	0	3	2	4	5	1	1364	1660	1984	2306	2624	6000	5000	1	1	1	1	1	1
7	29	1	5	1000	163020	163021.992	163	963.882	1	3	2	5	4	13254	0	1000	1610	402	0	1	3	2	5	4	1406	1750	2074	2390	2686	6000	5000	1	1	1	1	1	1
7	30	1	5	1000	168020	168020.007	168	960.015	1	4	5	2	3	14523	0	1000	1556	384	0	1	4	5	2	3	1388	1734	2056	2378	2708	6000	5000	1	1	1	1	1	1
7	31	0	5	1000	173020	173021.993	173	962.001	3	5	1	2	4	35124	0	1000	1588	406	0	3	5	1	2	4	1410	1752	2064	2396	2732	6000	5000	1	1	1	1	1	1
7	32	1	5	1000	178020	178020.005	178	957.998	1	3	2	5	4	13254	0	1000	1500	304	0	1	3	2	5	4	1308	1630	1930	2238	2500	6000	5000	1	1	1	1	1	1
7	33	0	5	1000	183020	183021.993	183	957.988	3	2	4	5	1	32451	0	1000	1438	394	0	3	2	4	5	1	1398	1696	1994	2320	2618	6000	5000	1	1	1	1	1	1
7	34	0	5	1000	188020	188021.991	188	955.998	3	5	1	2	4	35124	0	16000	1564	428	0	3	5	1	2	4	1432	1752	2036	2358	2682	6000	5000	1	1	1	1	1	1
7	35	0	5	1000	208020	208021.993	208	949.999	3	5	1	2	4	35124	0	1000	1616	494	0	3	5	1	2	4	1498	1812	2136	2480	2820	6000	5000	1	1	1	1	1	1
7	36	1	5	1000	213020	213021.99	213	947.986	1	4	5	2	3	14523	0	1000	1610	296	0	1	4	5	2	3	1300	1620	1978	2308	2630	6000	5000	1	1	1	1	1	1
7	37	0	5	1000	218020	218021.993	218	946	1	4	5	2	3	14523	0	1000	1492	432	0	1	4	5	2	3	1436	1730	2060	2350	2660	6000	5000	1	1	1	1	1	1
7	38	1	5	1000	223020	223021.993	223	944.012	3	5	1	2	4	35124	0	1000	1468	310	0	3	5	1	2	4	1314	1598	1862	2170	2474	6000	5000	1	1	1	1	1	1
7	39	0	5	1000	228020	228021.984	228	941.99	1	4	5	2	3	14523	0	1000	1482	324	0	1	4	5	2	3	1328	1628	1942	2242	2534	6000	5000	1	1	1	1	1	1
7	40	1	5	1000	233020	233021.976	233	939.984	1	4	5	2	3	14523	0	1000	1512	100	0	1	4	5	2	3	1104	1410	1736	2064	2378	6000	5000	1	1	1	1	1	1
7	41	0	5	1000	238020	238021.963	238	937.966	1	3	2	5	4	13254	0	1000	1498	324	0	1	3	2	5	4	1328	1648	1978	2288	2574	6000	5000	1	1	1	1	1	1
7	42	1	5	1000	243020	243021.981	243	937.996	3	5	1	2	4	35124	0	1000	1406	350	0	3	5	1	2	4	1354	1636	1940	2242	2544	6000	5000	1	1	1	1	1	1
7	43	0	5	1000	248020	248021.985	248	935.941	3	2	4	5	1	32451	0	1000	1516	314	0	3	2	4	5	1	1318	1618	1952	2282	2588	6000	5000	1	1	1	1	1	1
7	44	1	5	1000	253020	253021.992	253	933.998	3	5	1	2	4	35124	0	1000	1482	444	0	3	5	1	2	4	1448	1750	2038	2370	2682	6000	5000	1	1	1	1	1	1
7	45	1	5	1000	258020	258021.996	258	931.98	3	5	1	2	4	35124	0	1000	1480	340	0	3	5	1	2	4	1344	1632	1924	2240	2552	6000	5000	1	1	1	1	1	1
7	46	1	5	1000	263020	263022.03	263	930.049	1	4	5	2	3	14523	0	1000	1502	344	0	1	4	5	2	3	1348	1670	1978	2298	2604	6000	5000	1	1	1	1	1	1
7	47	1	5	1000	268020	268021.987	268	927.995	1	4	5	2	3	14523	0	1000	1568	388	0	1	4	5	2	3	1392	1730	2032	2360	2690	6000	5000	1	1	1	1	1	1
7	48	1	5	1000	273020	273021.983	273	925.988	3	2	4	5	1	32451	0	1000	1512	414	0	3	2	4	5	1	1418	1716	2042	2358	2700	6000	5000	1	1	1	1	1	1
7	49	1	5	1000	278020	278021.983	278	926.018	1	3	2	5	4	13254	0	1000	1360	958	0	1	3	2	5	4	1962	2294	2572	2854	3106	6000	5000	1	1	1	1	1	1
7	50	1	5	1000	283020	283021.986	283	924.001	1	3	2	5	4	13254	0	1000	1526	378	0	1	3	2	5	4	1382	1700	2020	2330	2624	6000	5000	1	1	1	1	1	1
7	51	0	5	1000	288020	288021.993	288	922.002	1	4	5	2	3	14523	0	16000	1512	328	0	1	4	5	2	3	1332	1620	1954	2274	2596	6000	5000	1	1	1	1	1	1
7	52	0	5	1000	308020	308021.993	308	914	1	4	5	2	3	14523	0	1000	1622	434	0	1	4	5	2	3	1438	1764	2098	2464	2768	6000	5000	1	1	1	1	1	1
7	53	0	5	1000	313020	313021.981	313	914.002	3	2	4	5	1	32451	0	1000	1624	390	0	3	2	4	5	1	1394	1694	2022	2362	2702	6000	5000	1	1	1	1	1	1
7	54	1	5	1000	318020	318021.981	318	911.996	3	2	4	5	1	32451	0	1000	1526	464	0	3	2	4	5	1	1468	1764	2094	2418	2726	6000	5000	1	1	1	1	1	1
7	55	1	5	1000	323020	323021.993	323	910.011	3	2	4	5	1	32451	0	1000	1484	344	0	3	2	4	5	1	1348	1640	1966	2284	2578	6000	5000	1	1	1	1	1	1
7	56	0	5	1000	328020	328021.964	328	907.984	1	3	2	5	4	13254	0	1000	1498	336	0	1	3	2	5	4	1340	1656	1954	2256	2544	6000	5000	1	1	1	1	1	1
7	57	1	5	1000	333020	333021.982	333	905.999	3	2	4	5	1	32451	0	1000	1494	432	0	3	2	4	5	1	1436	1692	2040	2342	2656	6000	5000	1	1	1	1	1	1
7	58	0	5	1000	338020	338022.004	338	904.022	3	5	1	2	4	35124	0	1000	1482	392	0	3	5	1	2	4	1396	1666	1946	2252	2574	6000	5000	1	1	1	1	1	1
7	59	0	5	1000	343020	343021.992	343	902.007	3	5	1	2	4	35124	0	1000	1434	350	0	3	5	1	2	4	1354	1632	1878	2174	2504	6000	5000	1	1	1	1	1	1
7	60	1	5	1000	348020	348021.965	348	901.984	3	5	1	2	4	35124	0	1000	1430	374	0	3	5	1	2	4	1378	1664	1928	2216	2506	6000	5000	1	1	1	1	1	1
7	61	0	5	1000	353020	353021.979	353	899.999	3	5	1	2	4	35124	0	1000	1532	426	0	3	5	1	2	4	1430	1730	2002	2314	2622	6000	5000	1	1	1	1	1	1
7	62	0	5	1000	358020	358021.992	358	897.999	1	4	5	2	3	14523	0	1000	1608	564	0	1	4	5	2	3	1568	1892	2232	2542	2888	6000	5000	1	1	1	1	1	1
7	63	0	5	1000	363020	363022.092	363	896.111	1	4	5	2	3	14523	0	1000	1552	346	0	1	4	5	2	3	1350	1636	1922	2238	2592	6000	5000	1	1	1	1	1	1
7	64	0	5	1000	368020	368021.984	368	894.002	1	3	2	5	4	13254	0	1000	1526	340	0	1	3	2	5	4	1344	1634	1924	2232	2532	6000	5000	1	1	1	1	1	1
7	65	0	5	1000	373020	373021.983	373	891.999	1	4	5	2	3	14523	0	1000	1594	300	0	1	4	5	2	3	1304	1594	1932	2242	2562	6000	5000	1	1	1	1	1	1
7	66	1	5	1000	378020	378021.96	378	889.975	1	3	2	5	4	13254	0	1000	1434	386	0	1	3	2	5	4	1390	1694	1988	2294	2568	6000	5000	1	1	1	1	1	1
7	67	1	5	1000	383020	383021.982	383	890.002	3	5	1	2	4	35124	0	1000	1500	416	0	3	5	1	2	4	1420	1712	2008	2322	2640	6000	5000	1	1	1	1	1	1
7	68	0	5	1000	388020	388021.98	388	887.997	1	3	2	5	4	13254	0	16000	1596	366	0	1	3	2	5	4	1370	1668	1980	2288	2596	6000	5000	1	1	1	1	1	1
8	1	0	5	1000	8020	8021.988	9	18.002	3	5	1	2	4	35124	0	1000	1582	420	0	3	5	1	2	4	1424	1728	2048	2374	2708	6000	5000	1	1	1	1	1	1
8	2	0	5	1000	13020	13022.001	14	15.903	3	5	1	2	4	35124	0	1000	1594	340	0	3	5	1	2	4	1344	1664	1980	2310	2622	6000	5000	1	1	1	1	1	1
8	3	1	5	1000	18020	18020.028	19	12.043	3	5	1	2	4	35124	0	1000	1610	524	0	3	5	1	2	4	1528	1826	2132	2462	2804	6000	5000	1	1	1	1	1	1
8	4	0	5	1000	23020	23022.001	24	12.011	1	3	2	5	4	13254	0	1000	1612	310	0	1	3	2	5	4	1314	1644	1966	2276	2604	6000	5000	1	1	1	1	1	1
8	5	0	5	1000	28020	28021.994	29	12.006	1	4	5	2	3	14523	0	1000	1566	240	0	1	4	5	2	3	1244	1560	1896	2206	2556	6000	5000	1	1	1	1	1	1
8	6	1	5	1000	33020	33020.007	34	8.029	1	3	2	5	4	13254	0	1000	1592	340	0	1	3	2	5	4	1344	1668	1994	2324	2624	6000	5000	1	1	1	1	1	1
8	7	0	5	1000	38020	38021.985	39	7.894	3	2	4	5	1	32451	0	1000	1606	454	0	3	2	4	5	1	1458	1750	2094	2444	2772	6000	5000	1	1	1	1	1	1
8	8	1	5	1000	43020	43020.002	44	4.001	1	4	5	2	3	14523	0	1000	1632	338	0	1	4	5	2	3	1342	1650	1990	2310	2674	6000	5000	1	1	1	1	1	1
8	9	1	5	1000	48020	48020	49	2.003	3	5	1	2	4	35124	0	1000	1568	328	0	3	5	1	2	4	1332	1632	1930	2256	2572	6000	5000	1	1	1	1	1	1
8	10	0	5	1000	53020	53021.985	54	1.996	1	4	5	2	3	14523	0	1000	1638	364	0	1	4	5	2	3	1368	1700	2042	2374	2732	6000	5000	1	1	1	1	1	1
8	11	0	5	1000	58020	58021.996	59	0	1	4	5	2	3	14523	0	1000	1622	330	0	1	4	5	2	3	1334	1628	1982	2278	2652	6000	5000	1	1	1	1	1	1
8	12	1	5	1000	63020	63022.011	64	0	3	2	4	5	1	32451	0	1000	1562	352	0	3	2	4	5	1	1356	1672	2006	2344	2636	6000	5000	1	1	1	1	1	1
8	13	0	5	1000	68020	68021.985	68	997.998	1	3	2	5	4	13254	0	1000	1636	382	0	1	3	2	5	4	1386	1724	2034	2362	2682	6000	5000	1	1	1	1	1	1
8	14	1	5	1000	73020	73020.001	73	994.012	3	2	4	5	1	32451	0	1000	1724	386	0	3	2	4	5	1	1390	1684	2038	2388	2712	6000	5000	1	1	1	1	1	1
8	15	1	5	1000	78020	78021.991	78	994.004	1	4	5	2	3	14523	0	1000	1776	384	0	1	4	5	2	3	1388	1740	2104	2426	2848	6000	5000	1	1	1	1	1	1
8	16	1	5	1000	83020	83021.988	83	991.998	1	3	2	5	4	13254	0	1000	1696	358	0	1	3	2	5	4	1362	1716	2056	2412	2720	6000	5000	1	1	1	1	1	1
8	17	0	5	1000	88020	88020.015	88	988.024	1	4	5	2	3	14523	0	16000	1644	492	0	1	4	5	2	3	1496	1790	2188	2540	2904	6000	5000	1	1	1	1	1	1
8	18	0	5	1000	108020	108020.018	108	981.918	1	4	5	2	3	14523	0	1000	1488	566	0	1	4	5	2	3	1570	1920	2208	2502	2804	6000	5000	1	1	1	1	1	1
8	19	1	5	1000	113020	113020	113	980.003	1	4	5	2	3	14523	0	1000	1618	382	0	1	4	5	2	3	1386	1690	2030	2380	2700	6000	5000	1	1	1	1	1	1
8	20	0	5	1000	118020	118021.999	118	980.008	1	3	2	5	4	13254	0	1000	1592	320	0	1	3	2	5	4	1324	1638	1954	2282	2592	6000	5000	1	1	1	1	1	1
8	21	0	5	1000	123020	123021.99	123	978.002	1	3	2	5	4	13254	0	1000	1580	362	0	1	3	2	5	4	1366	1652	1984	2332	2644	6000	5000	1	1	1	1	1	1
8	22	1	5	1000	128020	128021.985	128	977.969	1	4	5	2	3	14523	0	1000	1618	194	0	1	4	5	2	3	1198	1490	1836	2154	2518	6000	5000	1	1	1	1	1	1
8	23	0	5	1000	133020	133022.002	133	976.014	3	5	1	2	4	35124	0	1000	1590	332	0	3	5	1	2	4	1336	1636	1906	2220	2568	6000	5000	1	1	1	1	1	1
8	24	0	5	1000	138020	138021.985	138	973.985	1	3	2	5	4	13254	0	1000	1530	328	0	1	3	2	5	4	1332	1644	1972	2258	2548	6000	5000	1	1	1	1	1	1
8	25	0	5	1000	143020	143021.987	143	971.95	3	5	1	2	4	35124	0	1000	1562	336	0	3	5	1	2	4	1340	1636	1942	2248	2578	6000	5000	1	1	1	1	1	1
8	26	1	5	1000	148020	148020.003	148	968.005	1	3	2	5	4	13254	0	1000	1522	174	0	1	3	2	5	4	1178	1488	1820	2112	2406	6000	5000	1	1	1	1	1	1
8	27	1	5	1000	153020	153021.984	153	968.022	1	4	5	2	3	14523	0	1000	1604	284	0	1	4	5	2	3	1288	1664	2014	2342	2660	6000	5000	1	1	1	1	1	1
8	28	0	5	1000	158020	158020.013	158	964.012	3	2	4	5	1	32451	0	1000	1522	368	0	3	2	4	5	1	1372	1668	1988	2312	2652	6000	5000	1	1	1	1	1	1
8	29	1	5	1000	163020	163021.998	163	965.986	3	2	4	5	1	32451	0	1000	1542	350	0	3	2	4	5	1	1354	1678	2020	2344	2652	6000	5000	1	1	1	1	1	1
8	30	0	5	1000	168020	168020.015	168	962.027	3	5	1	2	4	35124	0	1000	1550	376	0	3	5	1	2	4	1380	1694	1984	2290	2612	6000	5000	1	1	1	1	1	1
8	31	1	5	1000	173020	173020.032	173	960.044	3	2	4	5	1	32451	0	1000	1510	386	0	3	2	4	5	1	1390	1680	1996	2324	2620	6000	5000	1	1	1	1	1	1
8	32	0	5	1000	178020	178020.001	178	958.001	3	2	4	5	1	32451	0	1000	1584	364	0	3	2	4	5	1	1368	1672	2004	2330	2662	6000	5000	1	1	1	1	1	1
8	33	0	5	1000	183020	183021.986	183	957.999	1	3	2	5	4	13254	0	1000	1696	238	0	1	3	2	5	4	1242	1564	1904	2272	2592	6000	5000	1	1	1	1	1	1
8	34	1	5	1000	188020	188020.097	188	954.098	1	3	2	5	4	13254	0	16000	1552	332	0	1	3	2	5	4	1336	1656	1970	2272	2572	6000	5000	1	1	1	1	1	1
8	35	1	5	1000	208020	208020.012	208	948.01	1	3	2	5	4	13254	0	1000	1564	412	0	1	3	2	5	4	1416	1774	2098	2376	2678	6000	5000	1	1	1	1	1	1
8	36	1	5	1000	213020	213020.002	213	946.001	3	2	4	5	1	32451	0	1000	1542	332	0	3	2	4	5	1	1336	1630	1954	2290	2592	6000	5000	1	1	1	1	1	1
8	37	1	5	1000	218020	218022.001	218	946.012	3	2	4	5	1	32451	0	1000	1444	342	0	3	2	4	5	1	1346	1610	1938	2254	2542	6000	5000	1	1	1	1	1	1
8	38	1	5	1000	223020	223020.011	223	942.022	1	3	2	5	4	13254	0	1000	1594	324	0	1	3	2	5	4	1328	1652	1958	2258	2548	6000	5000	1	1	1	1	1	1
8	39	1	5	1000	228020	228020.015	228	939.997	3	5	1	2	4	35124	0	1000	1522	230	0	3	5	1	2	4	1234	1518	1814	2110	2418	6000	5000	1	1	1	1	1	1
8	40	0	5	1000	233020	233021.99	233	942.003	3	2	4	5	1	32451	0	1000	1422	304	0	3	2	4	5	1	1308	1586	1880	2176	2482	6000	5000	1	1	1	1	1	1
8	41	1	5	1000	238020	238021.979	238	940.002	3	5	1	2	4	35124	0	1000	1392	342	0	3	5	1	2	4	1346	1620	1898	2162	2478	6000	5000	1	1	1	1	1	1
8	42	1	5	1000	243020	243022.008	243	938.027	1	4	5	2	3	14523	0	1000	1462	88	0	1	4	5	2	3	1092	1386	1696	1976	2306	6000	5000	1	1	1	1	1	1
8	43	1	5	1000	248020	248021.99	248	936.015	3	2	4	5	1	32451	0	1000	1394	290	0	3	2	4	5	1	1294	1572	1868	2168	2456	6000	5000	1	1	1	1	1	1
8	44	1	5	1000	253020	253021.987	253	934.002	3	5	1	2	4	35124	0	1000	1420	332	0	3	5	1	2	4	1336	1590	1874	2154	2430	6000	5000	1	1	1	1	1	1
8	45	1	5	1000	258020	258021.987	258	932.009	3	5	1	2	4	35124	0	1000	1448	306	0	3	5	1	2	4	1310	1584	1862	2150	2448	6000	5000	1	1	1	1	1	1
8	46	1	5	1000	263020	263021.975	263	929.998	3	2	4	5	1	32451	0	1000	1442	100	0	3	2	4	5	1	1104	1386	1686	1990	2260	6000	5000	1	1	1	1	1	1
8	47	0	5	1000	268020	268021.979	268	930.001	1	4	5	2	3	14523	0	1000	1524	338	0	1	4	5	2	3	1342	1628	1942	2252	2570	6000	5000	1	1	1	1	1	1
8	48	0	5	1000	273020	273021.986	273	928.008	3	5	1	2	4	35124	0	1000	1508	370	0	3	5	1	2	4	1374	1658	1914	2232	2564	6000	5000	1	1	1	1	1	1
8	49	0	5	1000	278020	278021.966	278	925.988	3	2	4	5	1	32451	0	1000	1462	382	0	3	2	4	5	1	1386	1662	1968	2266	2584	6000	5000	1	1	1	1	1	1
8	50	0	5	1000	283020	283021.973	283	923.974	3	2	4	5	1	32451	0	1000	1456	338	0	3	2	4	5	1	1342	1624	1922	2226	2544	6000	5000	1	1	1	1	1	1
8	51	1	5	1000	288020	288021.988	288	922.024	1	3	2	5	4	13254	0	16000	1632	406	0	1	3	2	5	4	1410	1736	2078	2394	2736	6000	5000	1	1	1	1	1	1
8	52	1	5	1000	308020	308022.01	308	916.033	1	3	2	5	4	13254	0	1000	1568	422	0	1	3	2	5	4	1426	1764	2070	2370	2674	6000	5000	1	1	1	1	1	1
8	53	0	5	1000	313020	313021.969	313	913.984	3	5	1	2	4	35124	0	1000	1496	356	0	3	5	1	2	4	1360	1682	1974	2292	2590	6000	5000	1	1	1	1	1	1
8	54	1	5	1000	318020	318021.975	318	911.999	1	4	5	2	3	14523	0	1000	1472	302	0	1	4	5	2	3	1306	1588	1900	2218	2532	6000	5000	1	1	1	1	1	1
8	55	1	5	1000	323020	323021.979	323	910.004	1	4	5	2	3	14523	0	1000	1520	190	0	1	4	5	2	3	1194	1514	1822	2140	2458	6000	5000	1	1	1	1	1	1
8	56	0	5	1000	328020	328020.007	328	906.026	1	4	5	2	3	14523	0	1000	1504	340	0	1	4	5	2	3	1344	1630	1934	2260	2556	6000	5000	1	1	1	1	1	1
8	57	1	5	1000	333020	333021.977	333	906.001	3	5	1	2	4	35124	0	1000	1446	342	0	3	5	1	2	4	1346	1622	1894	2182	2490	6000	5000	1	1	1	1	1	1
8	58	1	5	1000	338020	338021.956	338	905.976	1	3	2	5	4	13254	0	1000	1502	356	0	1	3	2	5	4	1360	1638	1962	2262	2544	6000	5000	1	1	1	1	1	1
8	59	1	5	1000	343020	343021.956	343	903.977	1	3	2	5	4	13254	0	1000	1414	240	0	1	3	2	5	4	1244	1522	1824	2096	2376	6000	5000	1	1	1	1	1	1
8	60	0	5	1000	348020	348020.046	348	900.071	1	3	2	5	4	13254	0	1000	1554	338	0	1	3	2	5	4	1342	1638	1944	2254	2538	6000	5000	1	1	1	1	1	1
8	61	1	5	1000	353020	353021.979	353	900.001	3	5	1	2	4	35124	0	1000	1440	348	0	3	5	1	2	4	1352	1618	1908	2204	2502	6000	5000	1	1	1	1	1	1
8	62	0	5	1000	358020	358021.981	358	898.007	3	5	1	2	4	35124	0	1000	1474	386	0	3	5	1	2	4	1390	1680	1966	2262	2562	6000	5000	1	1	1	1	1	1
8	63	0	5	1000	363020	363022.006	363	896.029	1	4	5	2	3	14523	0	1000	1416	336	0	1	4	5	2	3	1340	1604	1892	2190	2498	6000	5000	1	1	1	1	1	1
8	64	0	5	1000	368020	368021.979	368	894.002	1	3	2	5	4	13254	0	1000	1516	320	0	1	3	2	5	4	1324	1616	1910	2202	2518	6000	5000	1	1	1	1	1	1
8	65	0	5	1000	373020	373021.975	373	893.998	3	2	4	5	1	32451	0	1000	1496	328	0	3	2	4	5	1	1332	1656	1986	2300	2614	6000	5000	1	1	1	1	1	1
8	66	0	5	1000	378020	378021.975	378	891.999	1	4	5	2	3	14523	0	1000	1434	352	0	1	4	5	2	3	1356	1626	1912	2204	2526	6000	5000	1	1	1	1	1	1
8	67	0	5	1000	383020	383021.98	383	890.001	3	2	4	5	1	32451	0	1000	1496	420	0	3	2	4	5	1	1424	1698	2004	2290	2606	6000	5000	1	1	1	1	1	1
8	68	0	5	1000	388020	388021.99	388	888.007	3	5	1	2	4	35124	0	16000	1416	278	0	3	5	1	2	4	1282	1552	1812	2092	2400	6000	5000	1	1	1	1	1	1