BN	TN	seqType	Horizon	PrepTime	startTime	startTimeReal	startTRReal	startTRtime	press0	press1	press2	press3	press4	cueP	complete	iti	MT	RT	isError	response0	response1	response2	response3	response4	pressTime0	pressTime1	pressTime2	pressTime3	pressTime4	timeThreshold	timeThresholdSuper	points	Gain1	Gain2	Gain3	Gain4	Gain5
1	1	0	5	1000	8020	8021.878	9	17.998	3	5	1	2	4	35124	0	1000	1254	1054	0	3	5	1	2	4	2058	2312	2586	2840	3144	6000	5000	1	1	1	1	1	1
1	2	1	5	1000	13020	13021.879	14	16.002	1	3	2	5	4	13254	0	1000	1346	706	0	1	3	2	5	4	1710	2032	2306	2588	2894	6000	5000	1	1	1	1	1	1
1	3	1	5	1000	18020	18021.995	19	14.107	3	2	4	5	1	32451	0	1000	1190	648	0	3	2	4	5	1	1652	1890	2182	2426	2686	6000	5000	1	1	1	1	1	1
1	4	1	5	1000	23020	23021.879	24	12.001	3	2	4	5	1	32451	0	1000	1214	650	0	3	2	4	5	1	1654	1906	2176	2418	2700	6000	5000	1	1	1	1	1	1
1	5	0	5	1000	28020	28021.879	29	12.001	3	5	1	2	4	35124	0	1000	1220	342	0	3	5	1	2	4	1346	1606	1870	2136	2412	6000	5000	1	1	1	1	1	1
1	6	0	5	1000	33020	33021.906	34	10.017	1	4	5	2	3	14523	0	1000	1298	582	0	1	4	5	2	3	1586	1878	2132	2404	2730	6000	5000	1	1	1	1	1	1
1	7	1	5	1000	38020	38021.866	39	7.997	3	2	4	5	1	32451	0	1000	1266	630	0	3	2	4	5	1	1634	1880	2184	2446	2714	6000	5000	1	1	1	1	1	1
1	8	0	5	1000	43020	43021.886	44	6.009	1	3	2	5	4	13254	0	1000	1336	570	0	1	3	2	5	4	1574	1856	2128	2420	2742	6000	5000	1	1	1	1	1	1
1	9	1	5	1000	48020	48021.876	49	3.999	1	3	2	5	4	13254	0	1000	1256	698	0	1	3	2	5	4	1702	1994	2240	2504	2802	6000	5000	1	1	1	1	1	1
1	10	0	5	1000	53020	53021.877	54	1.998	3	2	4	5	1	32451	0	1000	1238	718	0	3	2	4	5	1	1722	1978	2254	2520	2802	6000	5000	1	1	1	1	1	1
1	11	1	5	1000	58020	58021.89	59	0	3	5	1	2	4	35124	0	1000	1288	562	0	3	5	1	2	4	1566	1802	2076	2356	2624	6000	5000	1	1	1	1	1	1
1	12	0	5	1000	63020	63021.903	64	0	3	2	4	5	1	32451	0	1000	1324	580	0	3	2	4	5	1	1584	1844	2166	2444	2730	6000	5000	1	1	1	1	1	1
1	13	1	5	1000	68020	68021.879	68	997.97	1	4	5	2	3	14523	0	1000	1284	684	0	1	4	5	2	3	1688	1988	2222	2508	2796	6000	5000	1	1	1	1	1	1
1	14	1	5	1000	73020	73021.881	73	995.984	3	2	4	5	1	32451	0	1000	1244	550	0	3	2	4	5	1	1554	1806	2092	2342	2610	6000	5000	1	1	1	1	1	1
1	15	0	5	1000	78020	78021.892	78	993.991	3	2	4	5	1	32451	0	1000	1212	572	0	3	2	4	5	1	1576	1832	2094	2338	2616	6000	5000	1	1	1	1	1	1
1	16	0	5	1000	83020	83021.881	83	992.015	1	3	2	5	4	13254	0	1000	1244	556	0	1	3	2	5	4	1560	1836	2092	2354	2654	6000	5000	1	1	1	1	1	1
1	17	0	5	1000	88020	88021.878	88	990	1	4	5	2	3	14523	0	16000	1292	636	0	1	4	5	2	3	1640	1916	2210	2458	2794	6000	5000	1	1	1	1	1	1
1	18	0	5	1000	108020	108021.901	108	984.02	1	4	5	2	3	14523	0	1000	1262	696	0	1	4	5	2	3	1700	1976	2246	2510	2828	6000	5000	1	1	1	1	1	1
1	19	0	5	1000	113020	113021.881	113	981.991	3	2	4	5	1	32451	0	1000	1242	624	0	3	2	4	5	1	1628	1876	2152	2412	2698	6000	5000	1	1	1	1	1	1
1	20	0	5	1000	118020	118021.883	118	980.002	3	2	4	5	1	32451	0	1000	1246	618	0	3	2	4	5	1	1622	1872	2150	2398	2718	6000	5000	1	1	1	1	1	1
1	21	1	5	1000	123020	123021.865	123	977.988	1	3	2	5	4	13254	0	1000	1280	876	0	1	3	2	5	4	1880	2170	2454	2718	3010	6000	5000	1	1	1	1	1	1
1	22	0	5	1000	128020	128021.863	128	977.956	1	3	2	5	4	13254	0	1000	1264	564	0	1	3	2	5	4	1568	1850	2098	2370	2680	6000	5000	1	1	1	1	1	1
1	23	1	5	1000	133020	133021.88	133	975.971	3	2	4	5	1	32451	0	1000	1230	682	0	3	2	4	5	1	1686	1920	2208	2472	2760	6000	5000	1	1	1	1	1	1
1	24	0	5	1000	138020	138021.89	138	973.998	1	4	5	2	3	14523	0	1000	1250	544	0	1	4	5	2	3	1548	1820	2084	2340	2656	6000	5000	1	1	1	1	1	1
1	25	0	5	1000	143020	143021.869	143	971.99	1	3	2	5	4	13254	0	1000	1732	856	0	1	3	2	5	4	1860	2152	2876	3150	3462	6000	5000	1	1	1	1	1	1
1	26	1	5	1000	148020	148021.894	148	969.996	3	5	1	2	4	35124	0	1000	1214	618	0	3	5	1	2	4	1622	1894	2156	2414	2700	6000	5000	1	1	1	1	1	1
1	27	1	5	1000	153020	153021.971	153	968.079	1	3	2	5	4	13254	0	1000	1398	536	0	1	3	2	5	4	1540	1848	2164	2468	2774	6000	5000	1	1	1	1	1	1
1	28	0	5	1000	158020	158021.892	158	966.004	3	5	1	2	4	35124	0	1000	1192	546	0	3	5	1	2	4	1550	1798	2046	2306	2592	6000	5000	1	1	1	1	1	1
1	29	1	5	1000	163020	163021.89	163	965.997	1	4	5	2	3	14523	0	1000	1200	872	0	1	4	5	2	3	1876	2146	2400	2658	2948	6000	5000	1	1	1	1	1	1
1	30	1	5	1000	168020	168021.886	168	964.003	3	5	1	2	4	35124	0	1000	1200	582	0	3	5	1	2	4	1586	1864	2108	2374	2656	6000	5000	1	1	1	1	1	1
1	31	0	5	1000	173020	173021.892	173	962.013	1	3	2	5	4	13254	0	1000	1206	628	0	1	3	2	5	4	1632	1916	2156	2426	2708	6000	5000	1	1	1	1	1	1
1	32	0	5	1000	178020	178021.891	178	959.983	1	3	2	5	4	13254	0	1000	1268	590	0	1	3	2	5	4	1594	1850	2152	2426	2718	6000	5000	1	1	1	1	1	1
1	33	0	5	1000	183020	183021.889	183	957.993	3	5	1	2	4	35124	0	1000	1244	544	0	3	5	1	2	4	1548	1798	2050	2326	2634	6000	5000	1	1	1	1	1	1
1	34	1	5	1000	188020	188021.955	188	956.087	3	2	4	5	1	32451	0	16000	1306	690	0	3	2	4	5	1	1694	1944	2228	2534	2836	6000	5000	1	1	1	1	1	1
1	35	1	5	1000	208020	208021.893	208	950.001	3	2	4	5	1	32451	0	1000	1242	718	0	3	2	4	5	1	1722	1974	2252	2514	2760	6000	5000	1	1	1	1	1	1
1	36	1	5	1000	213020	213021.893	213	948.013	1	4	5	2	3	14523	0	1000	1236	580	0	1	4	5	2	3	1584	1862	2114	2378	2654	6000	5000	1	1	1	1	1	1
1	37	0	5	1000	218020	218021.873	218	945.997	3	5	1	2	4	35124	0	1000	1210	560	0	3	5	1	2	4	1564	1784	2056	2320	2622	6000	5000	1	1	1	1	1	1
1	38	0	5	1000	223020	223021.892	223	944.011	3	5	1	2	4	35124	0	1000	1210	560	0	3	5	1	2	4	1564	1812	2072	2326	2626	6000	5000	1	1	1	1	1	1
1	39	0	5	1000	228020	228021.891	228	942.01	1	3	2	5	4	13254	0	1000	1210	600	0	1	3	2	5	4	1604	1874	2116	2402	2686	6000	5000	1	1	1	1	1	1
1	40	1	5	1000	233020	233021.848	233	939.958	1	4	5	2	3	14523	0	1000	1222	730	0	1	4	5	2	3	1734	2024	2286	2530	2828	6000	5000	1	1	1	1	1	1
1	41	1	5	1000	238020	238021.89	238	940.039	1	3	2	5	4	13254	0	1000	1228	564	0	1	3	2	5	4	1568	1860	2104	2366	2626	6000	5000	1	1	1	1	1	1
1	42	1	5	1000	243020	243021.879	243	937.993	1	4	5	2	3	14523	0	1000	1214	612	0	1	4	5	2	3	1616	1896	2160	2402	2692	6000	5000	1	1	1	1	1	1
1	43	0	5	1000	248020	248021.879	248	936.001	1	4	5	2	3	14523	0	1000	1194	632	0	1	4	5	2	3	1636	1898	2154	2410	2698	6000	5000	1	1	1	1	1	1
1	44	1	5	1000	253020	253021.866	253	933.989	1	3	2	5	4	13254	0	1000	1198	656	0	1	3	2	5	4	1660	1956	2188	2460	2714	6000	5000	1	1	1	1	1	1
1	45	1	5	1000	258020	258021.879	258	932.014	1	3	2	5	4	13254	0	1000	1178	586	0	1	3	2	5	4	1590	1882	2114	2358	2608	6000	5000	1	1	1	1	1	1
1	46	0	5	1000	263020	263021.873	263	930.007	1	4	5	2	3	14523	0	1000	1228	560	0	1	4	5	2	3	1564	1836	2084	2362	2662	6000	5000	1	1	1	1	1	1
1	47	1	5	1000	268020	268021.869	268	927.997	3	5	1	2	4	35124	0	1000	1184	602	0	3	5	1	2	4	1606	1836	2098	2374	2652	6000	5000	1	1	1	1	1	1
1	48	1	5	1000	273020	273021.854	273	927.986	3	5	1	2	4	35124	0	1000	1128	734	0	3	5	1	2	4	1738	1990	2226	2482	2744	6000	5000	1	1	1	1	1	1
1	49	1	5	1000	278020	278021.858	278	925.97	3	2	4	5	1	32451	0	1000	1182	600	0	3	2	4	5	1	1604	1852	2118	2362	2600	6000	5000	1	1	1	1	1	1
1	50	1	5	1000	283020	283021.869	283	923.991	1	3	2	5	4	13254	0	1000	1170	534	0	1	3	2	5	4	1538	1814	2058	2304	2578	6000	5000	1	1	1	1	1	1
1	51	1	5	1000	288020	288021.899	288	921.974	3	5	1	2	4	35124	0	16000	1132	578	0	3	5	1	2	4	1582	1812	2060	2302	2560	6000	5000	1	1	1	1	1	1
1	52	1	5	1000	308020	308021.885	308	915.995	3	5	1	2	4	35124	0	1000	1184	682	0	3	5	1	2	4	1686	1924	2188	2444	2742	6000	5000	1	1	1	1	1	1
1	53	1	5	1000	313020	313021.879	313	914.011	1	4	5	2	3	14523	0	1000	1166	858	0	1	4	5	2	3	1862	2140	2356	2628	2908	6000	5000	1	1	1	1	1	1
1	54	1	5	1000	318020	318021.887	318	912.01	1	4	5	2	3	14523	0	1000	1186	852	0	1	4	5	2	3	1856	2126	2378	2624	2904	6000	5000	1	1	1	1	1	1
1	55	0	5	1000	323020	323021.891	323	910.014	1	3	2	5	4	13254	0	1000	1228	646	0	1	3	2	5	4	1650	1932	2204	2464	2754	6000	5000	1	1	1	1	1	1
1	56	0	5	1000	328020	328021.88	328	908.003	3	2	4	5	1	32451	0	1000	1172	676	0	3	2	4	5	1	1680	1918	2196	2428	2700	6000	5000	1	1	1	1	1	1
1	57	1	5	1000	333020	333021.882	333	905.993	3	2	4	5	1	32451	0	1000	1228	574	0	3	2	4	5	1	1578	1802	2094	2346	2622	6000	5000	1	1	1	1	1	1
1	58	1	5	1000	338020	338021.979	338	904.114	3	5	1	2	4	35124	0	1000	0	632	0	3	0	0	0	0	3952	0	0	0	0	6000	5000	0	1	1	1	1	1
1	59	0	5	1000	343020	343021.871	343	903.968	3	5	1	2	4	35124	0	1000	1166	900	0	3	5	1	2	4	1904	2150	2406	2662	2942	6000	5000	1	1	1	1	1	1
1	60	0	5	1000	348020	348021.878	348	901.999	3	2	4	5	1	32451	0	1000	1186	786	0	3	2	4	5	1	1790	2028	2302	2552	2812	6000	5000	1	1	1	1	1	1
1	61	0	5	1000	353020	353021.895	353	900.007	1	4	5	2	3	14523	0	1000	1250	676	0	1	4	5	2	3	1680	1966	2252	2514	2798	6000	5000	1	1	1	1	1	1
1	62	0	5	1000	358020	358021.996	358	898.118	3	5	1	2	4	35124	0	1000	1168	636	0	3	5	1	2	4	1640	1878	2140	2388	2678	6000	5000	1	1	1	1	1	1
1	63	1	5	1000	363020	363021.878	363	895.98	3	5	1	2	4	35124	0	1000	1166	628	0	3	5	1	2	4	1632	1864	2118	2370	2652	6000	5000	1	1	1	1	1	1
1	64	0	5	1000	368020	368021.879	368	893.989	1	4	5	2	3	14523	0	1000	1180	576	0	1	4	5	2	3	1580	1850	2076	2340	2646	6000	5000	1	1	1	1	1	1
1	65	0	5	1000	373020	373021.876	373	891.972	1	4	5	2	3	14523	0	1000	1190	826	0	1	4	5	2	3	1830	2110	2358	2602	2890	6000	5000	1	1	1	1	1	1
1	66	1	5	1000	378020	378021.891	378	892.012	1	4	5	2	3	14523	0	1000	1236	714	0	1	4	5	2	3	1718	1978	2266	2522	2828	6000	5000	1	1	1	1	1	1
1	67	0	5	1000	383020	383021.876	383	889.989	3	2	4	5	1	32451	0	1000	1182	602	0	3	2	4	5	1	1606	1866	2124	2372	2638	6000	5000	1	1	1	1	1	1
1	68	0	5	1000	388020	388021.989	388	888.111	3	5	1	2	4	35124	0	16000	1174	622	0	3	5	1	2	4	1626	1868	2128	2380	2672	6000	5000	1	1	1	1	1	1
2	1	0	5	1000	8020	8021.987	9	17.997	1	3	2	5	4	13254	0	1000	1338	812	0	1	3	2	5	4	1816	2128	2402	2676	3018	6000	5000	1	1	1	1	1	1
2	2	0	5	1000	13020	13022.006	14	16.025	1	4	5	2	3	14523	0	1000	1216	582	0	1	4	5	2	3	1586	1850	2084	2356	2666	6000	5000	1	1	1	1	1	1
2	3	1	5	1000	18020	18021.987	19	13.918	3	5	1	2	4	35124	0	1000	1186	602	0	3	5	1	2	4	1606	1866	2102	2388	2684	6000	5000	1	1	1	1	1	1
2	4	0	5	1000	23020	23022.009	24	12.011	1	3	2	5	4	13254	0	1000	1222	528	0	1	3	2	5	4	1532	1808	2068	2354	2640	6000	5000	1	1	1	1	1	1
2	5	1	5	1000	28020	28022.017	29	10.038	3	5	1	2	4	35124	0	1000	1184	592	0	3	5	1	2	4	1596	1826	2086	2360	2644	6000	5000	1	1	1	1	1	1
2	6	1	5	1000	33020	33021.978	34	9.998	1	3	2	5	4	13254	0	1000	1242	632	0	1	3	2	5	4	1636	1944	2206	2474	2762	6000	5000	1	1	1	1	1	1
2	7	0	5	1000	38020	38021.967	39	7.993	3	2	4	5	1	32451	0	1000	1252	174	0	3	2	4	5	1	1178	1412	1710	1974	2276	6000	5000	1	1	1	1	1	1
2	8	0	5	1000	43020	43021.987	44	5.988	3	2	4	5	1	32451	0	1000	1244	674	0	3	2	4	5	1	1678	1918	2216	2466	2750	6000	5000	1	1	1	1	1	1
2	9	1	5	1000	48020	48021.976	49	3.998	3	2	4	5	1	32451	0	1000	1174	644	0	3	2	4	5	1	1648	1890	2182	2414	2686	6000	5000	1	1	1	1	1	1
2	10	0	5	1000	53020	53021.968	54	2.021	3	5	1	2	4	35124	0	1000	1164	552	0	3	5	1	2	4	1556	1810	2060	2308	2596	6000	5000	1	1	1	1	1	1
2	11	0	5	1000	58020	58021.983	59	0	1	3	2	5	4	13254	0	1000	1180	596	0	1	3	2	5	4	1600	1862	2100	2368	2666	6000	5000	1	1	1	1	1	1
2	12	1	5	1000	63020	63021.978	63	999.91	1	4	5	2	3	14523	0	1000	1122	262	0	1	4	5	2	3	1266	1542	1778	2020	2288	6000	5000	1	1	1	1	1	1
2	13	1	5	1000	68020	68020.006	68	996.031	1	4	5	2	3	14523	0	1000	1174	664	0	1	4	5	2	3	1668	1938	2184	2436	2716	6000	5000	1	1	1	1	1	1
2	14	1	5	1000	73020	73021.991	73	995.996	3	2	4	5	1	32451	0	1000	1198	616	0	3	2	4	5	1	1620	1840	2116	2366	2690	6000	5000	1	1	1	1	1	1
2	15	1	5	1000	78020	78021.976	78	993.989	1	4	5	2	3	14523	0	1000	1196	560	0	1	4	5	2	3	1564	1834	2086	2342	2612	6000	5000	1	1	1	1	1	1
2	16	0	5	1000	83020	83021.99	83	991.984	1	3	2	5	4	13254	0	1000	1216	610	0	1	3	2	5	4	1614	1900	2156	2408	2686	6000	5000	1	1	1	1	1	1
2	17	1	5	1000	88020	88021.974	88	989.999	3	2	4	5	1	32451	0	16000	1182	584	0	3	2	4	5	1	1588	1816	2088	2316	2588	6000	5000	1	1	1	1	1	1
2	18	1	5	1000	108020	108021.977	108	983.868	3	2	4	5	1	32451	0	1000	1158	716	0	3	2	4	5	1	2722	2950	3212	3478	3724	6000	5000	1	1	1	1	1	1
2	19	0	5	1000	113020	113021.982	113	982.008	3	2	4	5	1	32451	0	1000	1104	1188	0	3	2	4	5	1	2192	2402	2672	2946	3174	6000	5000	1	1	1	1	1	1
2	20	0	5	1000	118020	118021.966	118	979.991	3	5	1	2	4	35124	0	1000	1134	644	0	3	5	1	2	4	1648	1892	2114	2372	2656	6000	5000	1	1	1	1	1	1
2	21	1	5	1000	123020	123021.991	123	978.007	1	4	5	2	3	14523	0	1000	1176	576	0	1	4	5	2	3	1580	1840	2108	2350	2644	6000	5000	1	1	1	1	1	1
2	22	1	5	1000	128020	128020.115	128	974.15	1	3	2	5	4	13254	0	1000	1210	568	0	1	3	2	5	4	1572	1846	2096	2368	2648	6000	5000	1	1	1	1	1	1
2	23	1	5	1000	133020	133021.987	133	976.013	3	2	4	5	1	32451	0	1000	1242	704	0	3	2	4	5	1	1708	1948	2246	2506	2780	6000	5000	1	1	1	1	1	1
2	24	1	5	1000	138020	138021.961	138	973.99	3	5	1	2	4	35124	0	1000	1186	594	0	3	5	1	2	4	1598	1842	2086	2352	2642	6000	5000	1	1	1	1	1	1
2	25	1	5	1000	143020	143021.975	143	971.998	3	2	4	5	1	32451	0	1000	1194	514	0	3	2	4	5	1	1518	1734	2030	2266	2548	6000	5000	1	1	1	1	1	1
2	26	0	5	1000	148020	148020.08	148	968.097	1	4	5	2	3	14523	0	1000	1208	544	0	1	4	5	2	3	1548	1826	2066	2328	2638	6000	5000	1	1	1	1	1	1
2	27	0	5	1000	153020	153020.082	153	966.116	1	4	5	2	3	14523	0	1000	1234	582	0	1	4	5	2	3	1586	1860	2124	2398	2708	6000	5000	1	1	1	1	1	1
2	28	0	5	1000	158020	158021.989	158	966.001	3	5	1	2	4	35124	0	1000	1200	812	0	3	5	1	2	4	1816	2076	2316	2600	2888	6000	5000	1	1	1	1	1	1
2	29	1	5	1000	163020	163021.98	163	964.004	3	5	1	2	4	35124	0	1000	1166	558	0	3	5	1	2	4	1562	1802	2050	2320	2592	6000	5000	1	1	1	1	1	1
2	30	1	5	1000	168020	168021.974	168	963.987	1	4	5	2	3	14523	0	1000	1180	646	0	1	4	5	2	3	1650	1918	2178	2420	2708	6000	5000	1	1	1	1	1	1
2	31	0	5	1000	173020	173021.967	173	962.002	3	2	4	5	1	32451	0	1000	1236	606	0	3	2	4	5	1	1610	1842	2136	2410	2682	6000	5000	1	1	1	1	1	1
2	32	0	5	1000	178020	178021.95	178	959.986	1	3	2	5	4	13254	0	1000	1354	578	0	1	3	2	5	4	1582	1888	2194	2486	2790	6000	5000	1	1	1	1	1	1
2	33	1	5	1000	183020	183021.966	183	958.003	1	3	2	5	4	13254	0	1000	1252	626	0	1	3	2	5	4	1630	1896	2166	2426	2730	6000	5000	1	1	1	1	1	1
2	34	0	5	1000	188020	188021.986	188	956.01	3	5	1	2	4	35124	0	16000	0	0	0	0	0	0	0	0	0	0	0	0	0	6000	5000	0	1	1	1	1	1
2	35	0	5	1000	208020	208021.965	208	949.966	3	5	1	2	4	35124	0	1000	1778	902	1	3	3	5	2	4	1906	2202	2220	3266	3562	6000	5000	0	1	1	1	1	1
2	36	0	5	1000	213020	213021.979	213	947.978	3	5	1	2	4	35124	0	1000	1238	1236	0	3	5	1	2	4	2240	2504	2762	3026	3324	6000	5000	1	1	1	1	1	1
2	37	1	5	1000	218020	218021.974	218	945.975	1	3	2	5	4	13254	0	1000	1322	792	0	1	3	2	5	4	1796	2100	2370	2652	2978	6000	5000	1	1	1	1	1	1
2	38	1	5	1000	223020	223021.954	223	943.978	3	5	1	2	4	35124	0	1000	1252	632	0	3	5	1	2	4	1636	1902	2146	2442	2750	6000	5000	1	1	1	1	1	1
2	39	1	5	1000	228020	228021.974	228	942.015	3	5	1	2	4	35124	0	1000	1194	660	0	3	5	1	2	4	1664	1922	2180	2454	2740	6000	5000	1	1	1	1	1	1
2	40	0	5	1000	233020	233021.969	233	940.02	3	2	4	5	1	32451	0	1000	1268	1000	0	3	2	4	5	1	2004	2244	2550	2810	3114	6000	5000	1	1	1	1	1	1
2	41	1	5	1000	238020	238021.955	238	940.004	3	5	1	2	4	35124	0	1000	1202	662	0	3	5	1	2	4	1666	1920	2170	2448	2738	6000	5000	1	1	1	1	1	1
2	42	0	5	1000	243020	243021.963	243	938.013	1	4	5	2	3	14523	0	1000	1272	692	0	1	4	5	2	3	1696	1982	2232	2516	2844	6000	5000	1	1	1	1	1	1
2	43	0	5	1000	248020	248021.954	248	935.995	3	2	4	5	1	32451	0	1000	1380	672	0	3	2	4	5	1	1676	1944	2244	2550	2894	6000	5000	1	1	1	1	1	1
2	44	0	5	1000	253020	253021.962	253	934.007	1	4	5	2	3	14523	0	1000	1480	678	0	1	4	5	2	3	1682	2168	2450	2722	3022	6000	5000	1	1	1	1	1	1
2	45	0	5	1000	258020	258021.956	258	932.001	1	3	2	5	4	13254	0	1000	1266	814	0	1	3	2	5	4	1818	2086	2362	2646	2952	6000	5000	1	1	1	1	1	1
2	46	0	5	1000	263020	263021.957	263	930.011	3	5	1	2	4	35124	0	1000	1240	776	0	3	5	1	2	4	1780	2040	2308	2570	2894	6000	5000	1	1	1	1	1	1
2	47	0	5	1000	268020	268021.956	268	928.002	3	2	4	5	1	32451	0	1000	1348	974	1	3	2	4	5	2	1978	2222	2520	2788	3216	6000	5000	0	1	1	1	1	1
2	48	1	5	1000	273020	273021.956	273	928.002	1	3	2	5	4	13254	0	1000	1466	684	0	1	3	2	5	4	1688	2140	2416	2714	3026	6000	5000	1	1	1	1	1	1
2	49	1	5	1000	278020	278021.956	278	926.004	1	3	2	5	4	13254	0	1000	1300	740	0	1	3	2	5	4	1744	2044	2324	2610	2894	6000	5000	1	1	1	1	1	1
2	50	0	5	1000	283020	283021.95	283	924.003	1	4	5	2	3	14523	0	1000	1240	610	0	1	4	5	2	3	1614	1900	2154	2426	2740	6000	5000	1	1	1	1	1	1
2	51	1	5	1000	288020	288021.949	288	921.989	1	3	2	5	4	13254	0	16000	1250	722	0	1	3	2	5	4	1726	2014	2286	2544	2852	6000	5000	1	1	1	1	1	1
2	52	1	5	1000	308020	308021.953	308	916	1	3	2	5	4	13254	0	1000	1322	688	0	1	3	2	5	4	1692	1996	2270	2560	2880	6000	5000	1	1	1	1	1	1
2	53	1	5	1000	313020	313021.947	313	913.999	1	4	5	2	3	14523	0	1000	1230	646	0	1	4	5	2	3	1650	1940	2200	2466	2772	6000	5000	1	1	1	1	1	1
2	54	1	5	1000	318020	318021.946	318	911.968	3	5	1	2	4	35124	0	1000	1262	742	0	3	5	1	2	4	1746	2020	2276	2586	2882	6000	5000	1	1	1	1	1	1
2	55	0	5	1000	323020	323021.946	323	909.997	3	5	1	2	4	35124	0	1000	1300	644	0	3	5	1	2	4	1648	1942	2222	2496	2800	6000	5000	1	1	1	1	1	1
2	56	1	5	1000	328020	328021.952	328	907.974	3	2	4	5	1	32451	0	1000	1364	688	0	3	2	4	5	1	1692	1940	2286	2576	2912	6000	5000	1	1	1	1	1	1
2	57	1	5	1000	333020	333021.947	333	905.996	1	3	2	5	4	13254	0	1000	1308	664	0	1	3	2	5	4	1668	1960	2222	2514	2844	6000	5000	1	1	1	1	1	1
2	58	0	5	1000	338020	338021.95	338	904	1	3	2	5	4	13254	0	1000	1478	908	0	1	3	2	5	4	1912	2210	2596	2912	3238	6000	5000	1	1	1	1	1	1
2	59	0	5	1000	343020	343021.952	343	902.001	1	3	2	5	4	13254	0	1000	1348	762	0	1	3	2	5	4	1766	2044	2358	2666	2994	6000	5000	1	1	1	1	1	1
2	60	0	5	1000	348020	348021.956	348	902	3	2	4	5	1	32451	0	1000	1406	658	0	3	2	4	5	1	1662	1924	2286	2600	2912	6000	5000	1	1	1	1	1	1
2	61	1	5	1000	353020	353022.014	353	900.046	1	4	5	2	3	14523	0	1000	1268	762	0	1	4	5	2	3	1766	2034	2330	2588	2898	6000	5000	1	1	1	1	1	1
2	62	0	5	1000	358020	358021.975	358	898.025	3	5	1	2	4	35124	0	1000	1222	596	0	3	5	1	2	4	1600	1866	2138	2396	2690	6000	5000	1	1	1	1	1	1
2	63	0	5	1000	363020	363021.952	363	895.997	1	4	5	2	3	14523	0	1000	1242	820	0	1	4	5	2	3	1824	2084	2348	2630	2948	6000	5000	1	1	1	1	1	1
2	64	1	5	1000	368020	368021.946	368	895.996	1	4	5	2	3	14523	0	1000	1262	744	0	1	4	5	2	3	1748	2010	2286	2576	2876	6000	5000	1	1	1	1	1	1
2	65	0	5	1000	373020	373020.052	373	890.097	1	4	5	2	3	14523	0	1000	1322	626	0	1	4	5	2	3	1630	1936	2204	2482	2814	6000	5000	1	1	1	1	1	1
2	66	1	5	1000	378020	378021.956	378	890.005	3	2	4	5	1	32451	0	1000	1370	614	0	3	2	4	5	1	1618	1892	2194	2512	2796	6000	5000	1	1	1	1	1	1
2	67	1	5	1000	383020	383021.953	383	890.004	3	2	4	5	1	32451	0	1000	1312	626	0	3	2	4	5	1	1630	1860	2158	2474	2752	6000	5000	1	1	1	1	1	1
2	68	0	5	1000	388020	388021.946	388	887.998	1	3	2	5	4	13254	0	16000	1246	664	0	1	3	2	5	4	1668	1932	2208	2484	2776	6000	5000	1	1	1	1	1	1
3	1	1	5	1000	8020	8020.022	9	16.022	3	5	1	2	4	35124	0	1000	1250	778	0	3	5	1	2	4	1782	2070	2320	2596	2878	6000	5000	1	1	1	1	1	1
3	2	1	5	1000	13020	13020.002	14	13.988	1	4	5	2	3	14523	0	1000	1200	580	0	1	4	5	2	3	1584	1864	2116	2372	2670	6000	5000	1	1	1	1	1	1
3	3	1	5	1000	18020	18020.002	19	11.99	3	5	1	2	4	35124	0	1000	1164	546	0	3	5	1	2	4	1550	1788	2040	2312	2582	6000	5000	1	1	1	1	1	1
3	4	0	5	1000	23020	23020.031	24	12.029	3	5	1	2	4	35124	0	1000	1262	724	0	3	5	1	2	4	1728	2036	2290	2574	2854	6000	5000	1	1	1	1	1	1
3	5	0	5	1000	28020	28022.093	29	12.08	1	3	2	5	4	13254	0	1000	1322	556	0	1	3	2	5	4	1560	1832	2092	2370	2716	6000	5000	1	1	1	1	1	1
3	6	1	5	1000	33020	33020.01	34	8.002	1	4	5	2	3	14523	0	1000	1204	520	0	1	4	5	2	3	1524	1788	2048	2314	2622	6000	5000	1	1	1	1	1	1
3	7	0	5	1000	38020	38022.001	39	8.002	3	5	1	2	4	35124	0	1000	1222	544	0	3	5	1	2	4	1548	1796	2062	2348	2646	6000	5000	1	1	1	1	1	1
3	8	1	5	1000	43020	43021.989	44	5.992	3	2	4	5	1	32451	0	1000	1204	618	0	3	2	4	5	1	1622	1854	2124	2422	2694	6000	5000	1	1	1	1	1	1
3	9	0	5	1000	48020	48020.018	49	2	3	2	4	5	1	32451	0	1000	1276	634	0	3	2	4	5	1	1638	1934	2206	2472	2746	6000	5000	1	1	1	1	1	1
3	10	1	5	1000	53020	53020.002	54	0	3	5	1	2	4	35124	0	1000	1158	658	0	3	5	1	2	4	1662	1904	2138	2416	2698	6000	5000	1	1	1	1	1	1
3	11	1	5	1000	58020	58022.01	59	2.019	3	5	1	2	4	35124	0	1000	1182	562	0	3	5	1	2	4	1566	1810	2074	2338	2616	6000	5000	1	1	1	1	1	1
3	12	0	5	1000	63020	63022	64	0	3	2	4	5	1	32451	0	1000	1226	640	0	3	2	4	5	1	1644	1890	2176	2436	2720	6000	5000	1	1	1	1	1	1
3	13	0	5	1000	68020	68020.013	68	996.024	3	2	4	5	1	32451	0	1000	1242	614	0	3	2	4	5	1	1618	1860	2146	2386	2688	6000	5000	1	1	1	1	1	1
3	14	0	5	1000	73020	73022.003	73	996.002	3	5	1	2	4	35124	0	1000	1152	602	0	3	5	1	2	4	1606	1858	2104	2366	2638	6000	5000	1	1	1	1	1	1
3	15	0	5	1000	78020	78020.055	78	992.045	3	5	1	2	4	35124	0	1000	1160	604	0	3	5	1	2	4	1608	1854	2098	2352	2628	6000	5000	1	1	1	1	1	1
3	16	1	5	1000	83020	83020.01	83	990.008	1	3	2	5	4	13254	0	1000	1218	640	0	1	3	2	5	4	1644	1932	2180	2458	2740	6000	5000	1	1	1	1	1	1
3	17	1	5	1000	88020	88020	88	989.989	3	2	4	5	1	32451	0	16000	1246	646	0	3	2	4	5	1	1650	1874	2176	2476	2742	6000	5000	1	1	1	1	1	1
3	18	1	5	1000	108020	108022	108	983.985	3	2	4	5	1	32451	0	1000	1192	742	0	3	2	4	5	1	1746	1992	2264	2492	2754	6000	5000	1	1	1	1	1	1
3	19	1	5	1000	113020	113020.025	113	980.023	3	5	1	2	4	35124	0	1000	1148	584	0	3	5	1	2	4	1588	1816	2064	2342	2600	6000	5000	1	1	1	1	1	1
3	20	0	5	1000	118020	118021.985	118	979.974	1	4	5	2	3	14523	0	1000	1144	616	0	1	4	5	2	3	1620	1872	2116	2368	2654	6000	5000	1	1	1	1	1	1
3	21	0	5	1000	123020	123020.011	123	978.034	1	3	2	5	4	13254	0	1000	1152	596	0	1	3	2	5	4	1600	1866	2110	2364	2618	6000	5000	1	1	1	1	1	1
3	22	1	5	1000	128020	128021.984	128	977.969	3	5	1	2	4	35124	0	1000	1088	588	0	3	5	1	2	4	1592	1826	2074	2326	2546	6000	5000	1	1	1	1	1	1
3	23	1	5	1000	133020	133020.056	133	974.053	3	2	4	5	1	32451	0	1000	1156	792	0	3	2	4	5	1	1796	2016	2292	2526	2794	6000	5000	1	1	1	1	1	1
3	24	1	5	1000	138020	138021.998	138	973.918	1	4	5	2	3	14523	0	1000	1164	644	0	1	4	5	2	3	1648	1912	2152	2418	2706	6000	5000	1	1	1	1	1	1
3	25	0	5	1000	143020	143020.009	143	970.009	1	3	2	5	4	13254	0	1000	1170	574	0	1	3	2	5	4	1578	1858	2110	2376	2628	6000	5000	1	1	1	1	1	1
3	26	1	5	1000	148020	148020.025	148	968.023	1	3	2	5	4	13254	0	1000	1162	644	0	1	3	2	5	4	1648	1906	2168	2412	2686	6000	5000	1	1	1	1	1	1
3	27	1	5	1000	153020	153022.001	153	968.004	1	3	2	5	4	13254	0	1000	1158	642	0	1	3	2	5	4	1646	1906	2140	2390	2662	6000	5000	1	1	1	1	1	1
3	28	0	5	1000	158020	158020	158	965.987	1	4	5	2	3	14523	0	1000	1156	622	0	1	4	5	2	3	1626	1890	2140	2398	2682	6000	5000	1	1	1	1	1	1
3	29	0	5	1000	163020	163020.022	163	964.023	1	4	5	2	3	14523	0	1000	1188	680	0	1	4	5	2	3	1684	1972	2226	2490	2770	6000	5000	1	1	1	1	1	1
3	30	1	5	1000	168020	168022.021	168	964.021	3	2	4	5	1	32451	0	1000	1174	594	0	3	2	4	5	1	1598	1842	2134	2360	2630	6000	5000	1	1	1	1	1	1
3	31	0	5	1000	173020	173020.016	173	960.005	1	4	5	2	3	14523	0	1000	1204	672	0	1	4	5	2	3	1676	1970	2214	2474	2750	6000	5000	1	1	1	1	1	1
3	32	0	5	1000	178020	178022.02	178	959.907	3	2	4	5	1	32451	0	1000	1208	1036	0	3	2	4	5	1	2040	2268	2546	2794	3076	6000	5000	1	1	1	1	1	1
3	33	0	5	1000	183020	183021.998	183	957.985	1	4	5	2	3	14523	0	1000	1216	624	0	1	4	5	2	3	1628	1894	2128	2420	2718	6000	5000	1	1	1	1	1	1
3	34	0	5	1000	188020	188021.998	188	956.002	3	5	1	2	4	35124	0	16000	1140	490	0	3	5	1	2	4	1494	1734	1992	2242	2506	6000	5000	1	1	1	1	1	1
3	35	0	5	1000	208020	208020.016	208	948.013	3	5	1	2	4	35124	0	1000	1130	572	0	3	5	1	2	4	1576	1820	2070	2332	2600	6000	5000	1	1	1	1	1	1
3	36	1	5	1000	213020	213020.014	213	946.025	3	5	1	2	4	35124	0	1000	1100	684	0	3	5	1	2	4	1688	1928	2164	2414	2656	6000	5000	1	1	1	1	1	1
3	37	0	5	1000	218020	218020.009	218	944.01	1	3	2	5	4	13254	0	1000	1150	596	0	1	3	2	5	4	1600	1860	2096	2366	2638	6000	5000	1	1	1	1	1	1
3	38	1	5	1000	223020	223020.012	223	942.012	3	2	4	5	1	32451	0	1000	1188	554	0	3	2	4	5	1	1558	1790	2074	2316	2604	6000	5000	1	1	1	1	1	1
3	39	1	5	1000	228020	228021.998	228	942.034	1	3	2	5	4	13254	0	1000	1172	584	0	1	3	2	5	4	1588	1838	2098	2350	2642	6000	5000	1	1	1	1	1	1
3	40	1	5	1000	233020	233022.004	233	942.016	1	4	5	2	3	14523	0	1000	1154	670	0	1	4	5	2	3	1674	1944	2184	2424	2712	6000	5000	1	1	1	1	1	1
3	41	0	5	1000	238020	238022.012	238	940.018	3	2	4	5	1	32451	0	1000	1194	680	0	3	2	4	5	1	1684	1920	2210	2448	2732	6000	5000	1	1	1	1	1	1
3	42	0	5	1000	243020	243021.967	243	937.965	1	3	2	5	4	13254	0	1000	1356	656	0	1	3	2	5	4	1660	1950	2252	2564	2882	6000	5000	1	1	1	1	1	1
3	43	0	5	1000	248020	248021.977	248	935.954	1	3	2	5	4	13254	0	1000	1248	674	0	1	3	2	5	4	1678	1974	2230	2524	2812	6000	5000	1	1	1	1	1	1
3	44	0	5	1000	253020	253021.972	253	934.001	3	2	4	5	1	32451	0	1000	1262	574	0	3	2	4	5	1	1578	1828	2124	2388	2704	6000	5000	1	1	1	1	1	1
3	45	1	5	1000	258020	258021.973	258	932.003	1	4	5	2	3	14523	0	1000	1254	584	0	1	4	5	2	3	1588	1898	2152	2420	2722	6000	5000	1	1	1	1	1	1
3	46	1	5	1000	263020	263021.97	263	930	3	2	4	5	1	32451	0	1000	1278	674	0	3	2	4	5	1	1678	1938	2226	2486	2760	6000	5000	1	1	1	1	1	1
3	47	1	5	1000	268020	268021.973	268	930.002	3	2	4	5	1	32451	0	1000	1268	610	0	3	2	4	5	1	1858	2096	2396	2644	2912	6000	5000	1	1	1	1	1	1
3	48	0	5	1000	273020	273021.971	273	927.998	3	5	1	2	4	35124	0	1000	1222	642	0	3	5	1	2	4	1646	1894	2164	2434	2736	6000	5000	1	1	1	1	1	1
3	49	1	5	1000	278020	278021.983	278	926.014	1	4	5	2	3	14523	0	1000	1236	692	0	1	4	5	2	3	1696	1986	2246	2504	2810	6000	5000	1	1	1	1	1	1
3	50	1	5	1000	283020	283021.97	283	924	1	3	2	5	4	13254	0	1000	1160	628	0	1	3	2	5	4	1632	1904	2144	2386	2662	6000	5000	1	1	1	1	1	1
3	51	0	5	1000	288020	288021.975	288	922.005	1	3	2	5	4	13254	0	16000	1270	670	0	1	3	2	5	4	1674	1982	2252	2532	2822	6000	5000	1	1	1	1	1	1
3	52	0	5	1000	308020	308021.988	308	916.016	1	3	2	5	4	13254	0	1000	1210	790	0	1	3	2	5	4	1794	2038	2312	2574	2854	6000	5000	1	1	1	1	1	1
3	53	0	5	1000	313020	313021.988	313	914.015	3	5	1	2	4	35124	0	1000	1160	602	0	3	5	1	2	4	1606	1858	2106	2376	2644	6000	5000	1	1	1	1	1	1
3	54	0	5	1000	318020	318020.005	318	910.032	1	4	5	2	3	14523	0	1000	1220	674	0	1	4	5	2	3	1678	1954	2204	2480	2782	6000	5000	1	1	1	1	1	1
3	55	1	5	1000	323020	323021.983	323	910.016	1	3	2	5	4	13254	0	1000	1208	678	0	1	3	2	5	4	1682	1976	2232	2490	2762	6000	5000	1	1	1	1	1	1
3	56	0	5	1000	328020	328021.969	328	907.992	3	2	4	5	1	32451	0	1000	1230	612	0	3	2	4	5	1	1616	1852	2132	2374	2690	6000	5000	1	1	1	1	1	1
3	57	1	5	1000	333020	333021.993	333	906.003	1	3	2	5	4	13254	0	1000	1188	752	0	1	3	2	5	4	1936	2206	2468	2716	3002	6000	5000	1	1	1	1	1	1
3	58	1	5	1000	338020	338020.001	338	904	3	5	1	2	4	35124	0	1000	1176	590	0	3	5	1	2	4	1594	1850	2100	2376	2650	6000	5000	1	1	1	1	1	1
3	59	1	5	1000	343020	343021.99	343	904.011	1	3	2	5	4	13254	0	1000	1158	748	0	1	3	2	5	4	1752	2026	2260	2502	2788	6000	5000	1	1	1	1	1	1
3	60	0	5	1000	348020	348020.001	348	900.014	3	5	1	2	4	35124	0	1000	1170	592	0	3	5	1	2	4	1596	1842	2096	2362	2646	6000	5000	1	1	1	1	1	1
3	61	0	5	1000	353020	353022	353	900.012	3	2	4	5	1	32451	0	1000	1242	648	0	3	2	4	5	1	1652	1906	2188	2438	2774	6000	5000	1	1	1	1	1	1
3	62	1	5	1000	358020	358021.991	358	897.994	3	2	4	5	1	32451	0	1000	1228	658	0	3	2	4	5	1	1662	1902	2180	2428	2692	6000	5000	1	1	1	1	1	1
3	63	0	5	1000	363020	363020.002	363	894.011	1	3	2	5	4	13254	0	1000	1174	568	0	1	3	2	5	4	1572	1838	2088	2348	2616	6000	5000	1	1	1	1	1	1
3	64	0	5	1000	368020	368021.97	368	893.981	1	4	5	2	3	14523	0	1000	1590	774	0	1	4	5	2	3	1778	2420	2696	2970	3266	6000	5000	1	1	1	1	1	1
3	65	1	5	1000	373020	373020.002	373	892.003	1	4	5	2	3	14523	0	1000	1252	934	0	1	4	5	2	3	1938	2226	2518	2766	3070	6000	5000	1	1	1	1	1	1
3	66	1	5	1000	378020	378020.001	378	889.997	1	4	5	2	3	14523	0	1000	1176	662	0	1	4	5	2	3	1666	1930	2184	2438	2720	6000	5000	1	1	1	1	1	1
3	67	0	5	1000	383020	383020	383	888.015	1	4	5	2	3	14523	0	1000	1122	668	0	1	4	5	2	3	1672	1916	2166	2418	2692	6000	5000	1	1	1	1	1	1
3	68	1	5	1000	388020	388021.993	388	888.003	3	5	1	2	4	35124	0	16000	1078	582	0	3	5	1	2	4	1586	1830	2066	2298	2532	6000	5000	1	1	1	1	1	1
4	1	1	5	1000	8020	8022.013	9	17.989	3	2	4	5	1	32451	0	1000	1250	846	0	3	2	4	5	1	1850	2120	2392	2646	2914	6000	5000	1	1	1	1	1	1
4	2	1	5	1000	13020	13020	14	14.001	3	2	4	5	1	32451	0	1000	1156	588	0	3	2	4	5	1	1592	1822	2086	2304	2572	6000	5000	1	1	1	1	1	1
4	3	0	5	1000	18020	18020.002	19	12	3	5	1	2	4	35124	0	1000	1100	530	0	3	5	1	2	4	1534	1770	2002	2248	2502	6000	5000	1	1	1	1	1	1
4	4	1	5	1000	23020	23020.008	24	11.994	3	5	1	2	4	35124	0	1000	1104	516	0	3	5	1	2	4	1520	1748	1972	2230	2488	6000	5000	1	1	1	1	1	1
4	5	0	5	1000	28020	28020.012	29	10.002	1	3	2	5	4	13254	0	1000	1166	522	0	1	3	2	5	4	1526	1782	2032	2290	2554	6000	5000	1	1	1	1	1	1
4	6	1	5	1000	33020	33020.004	34	8.034	1	4	5	2	3	14523	0	1000	1148	566	0	1	4	5	2	3	1570	1830	2070	2320	2598	6000	5000	1	1	1	1	1	1
4	7	1	5	1000	38020	38020.013	39	5.999	3	2	4	5	1	32451	0	1000	1204	684	0	3	2	4	5	1	1688	1924	2198	2480	2748	6000	5000	1	1	1	1	1	1
4	8	0	5	1000	43020	43020.001	44	4.003	3	2	4	5	1	32451	0	1000	1232	584	0	3	2	4	5	1	1588	1816	2100	2392	2668	6000	5000	1	1	1	1	1	1
4	9	0	5	1000	48020	48020.001	49	2.001	1	3	2	5	4	13254	0	1000	1220	598	0	1	3	2	5	4	2688	2980	3264	3516	3780	6000	5000	1	1	1	1	1	1
4	10	0	5	1000	53020	53020.002	54	0	1	4	5	2	3	14523	0	1000	1158	518	0	1	4	5	2	3	1522	1768	2026	2276	2556	6000	5000	1	1	1	1	1	1
4	11	1	5	1000	58020	58020.012	59	0	1	4	5	2	3	14523	0	1000	1220	616	0	1	4	5	2	3	1620	1872	2142	2434	2728	6000	5000	1	1	1	1	1	1
4	12	0	5	1000	63020	63020.016	63	998.015	3	2	4	5	1	32451	0	1000	1278	566	0	3	2	4	5	1	1570	1832	2090	2330	2624	6000	5000	1	1	1	1	1	1
4	13	1	5	1000	68020	68020.024	68	996.024	1	3	2	5	4	13254	0	1000	0	0	0	0	0	0	0	0	0	0	0	0	0	6000	5000	0	1	1	1	1	1
4	14	0	5	1000	73020	73020.015	73	994.011	1	4	5	2	3	14523	0	1000	1144	150	0	1	4	5	2	3	1154	1416	1640	1918	2190	6000	5000	1	1	1	1	1	1
4	15	0	5	1000	78020	78020.004	78	991.988	1	4	5	2	3	14523	0	1000	1118	590	0	1	4	5	2	3	1594	1848	2076	2320	2596	6000	5000	1	1	1	1	1	1
4	16	1	5	1000	83020	83020.003	83	990.002	1	3	2	5	4	13254	0	1000	1108	856	0	1	3	2	5	4	1860	2102	2362	2568	2836	6000	5000	1	1	1	1	1	1
4	17	1	5	1000	88020	88020.019	88	989.997	3	5	1	2	4	35124	0	16000	1176	554	0	3	5	1	2	4	1558	1800	2044	2346	2612	6000	5000	1	1	1	1	1	1
4	18	1	5	1000	108020	108020	108	981.988	3	5	1	2	4	35124	0	1000	1158	726	0	3	5	1	2	4	1730	1974	2240	2498	2774	6000	5000	1	1	1	1	1	1
4	19	0	5	1000	113020	113020.08	113	982.078	3	2	4	5	1	32451	0	1000	1196	836	0	3	2	4	5	1	1840	2100	2378	2620	2896	6000	5000	1	1	1	1	1	1
4	20	0	5	1000	118020	118020.016	118	980.002	1	4	5	2	3	14523	0	1000	1256	576	0	1	4	5	2	3	1580	1858	2100	2388	2744	6000	5000	1	1	1	1	1	1
4	21	1	5	1000	123020	123020.049	123	978.009	3	5	1	2	4	35124	0	1000	1142	868	0	3	5	1	2	4	1872	2110	2366	2630	2890	6000	5000	1	1	1	1	1	1
4	22	1	5	1000	128020	128020.004	128	976.008	3	2	4	5	1	32451	0	1000	1194	720	0	3	2	4	5	1	1724	1984	2250	2488	2760	6000	5000	1	1	1	1	1	1
4	23	1	5	1000	133020	133020.002	133	974.002	3	5	1	2	4	35124	0	1000	1136	492	0	3	5	1	2	4	1496	1718	1974	2246	2510	6000	5000	1	1	1	1	1	1
4	24	0	5	1000	138020	138021.989	138	973.99	1	4	5	2	3	14523	0	1000	1100	534	0	1	4	5	2	3	1538	1800	2014	2272	2534	6000	5000	1	1	1	1	1	1
4	25	1	5	1000	143020	143020	143	969.954	3	2	4	5	1	32451	0	1000	1212	478	0	3	2	4	5	1	1482	1706	1986	2250	2516	6000	5000	1	1	1	1	1	1
4	26	1	5	1000	148020	148020.012	148	967.998	1	3	2	5	4	13254	0	1000	1168	628	0	1	3	2	5	4	1632	1900	2142	2396	2674	6000	5000	1	1	1	1	1	1
4	27	0	5	1000	153020	153020.005	153	965.957	1	3	2	5	4	13254	0	1000	1186	500	0	1	3	2	5	4	1504	1788	2046	2304	2578	6000	5000	1	1	1	1	1	1
4	28	0	5	1000	158020	158020.002	158	966.014	3	2	4	5	1	32451	0	1000	1156	624	0	3	2	4	5	1	1628	1864	2134	2352	2636	6000	5000	1	1	1	1	1	1
4	29	1	5	1000	163020	163020.022	163	964.019	3	5	1	2	4	35124	0	1000	1106	466	0	3	5	1	2	4	1470	1710	1936	2188	2446	6000	5000	1	1	1	1	1	1
4	30	1	5	1000	168020	168021.998	168	963.961	3	5	1	2	4	35124	0	1000	1118	616	0	3	5	1	2	4	1620	1864	2108	2356	2606	6000	5000	1	1	1	1	1	1
4	31	1	5	1000	173020	173020.015	173	959.947	1	4	5	2	3	14523	0	1000	1170	648	0	1	4	5	2	3	1652	1910	2164	2426	2714	6000	5000	1	1	1	1	1	1
4	32	0	5	1000	178020	178020.003	178	958.001	1	3	2	5	4	13254	0	1000	1140	538	0	1	3	2	5	4	1542	1792	2038	2282	2548	6000	5000	1	1	1	1	1	1
4	33	0	5	1000	183020	183020.014	183	956.015	3	5	1	2	4	35124	0	1000	1140	506	0	3	5	1	2	4	1510	1754	2010	2272	2530	6000	5000	1	1	1	1	1	1
4	34	0	5	1000	188020	188020.004	188	953.983	1	4	5	2	3	14523	0	16000	1124	558	0	1	4	5	2	3	1562	1818	2044	2296	2574	6000	5000	1	1	1	1	1	1
4	35	0	5	1000	208020	208020.038	208	948.036	1	4	5	2	3	14523	0	1000	1102	612	0	1	4	5	2	3	1616	1876	2096	2348	2622	6000	5000	1	1	1	1	1	1
4	36	0	5	1000	213020	213022.026	213	947.921	1	3	2	5	4	13254	0	1000	1132	572	0	1	3	2	5	4	1576	1820	2062	2318	2612	6000	5000	1	1	1	1	1	1
4	37	1	5	1000	218020	218020.014	218	944.001	3	2	4	5	1	32451	0	1000	1244	650	0	3	2	4	5	1	1654	1904	2174	2426	2714	6000	5000	1	1	1	1	1	1
4	38	0	5	1000	223020	223020.002	223	941.99	1	3	2	5	4	13254	0	1000	0	634	0	1	0	0	0	0	3906	0	0	0	0	6000	5000	0	1	1	1	1	1
4	39	0	5	1000	228020	228021.969	228	941.966	1	3	2	5	4	13254	0	1000	1814	142	1	1	3	2	3	4	1146	1432	1686	2006	2856	6000	5000	0	1	1	1	1	1
4	40	1	5	1000	233020	233021.992	233	942.005	3	5	1	2	4	35124	0	1000	1192	766	0	3	5	1	2	4	1770	2010	2260	2556	2828	6000	5000	1	1	1	1	1	1
4	41	1	5	1000	238020	238020.003	238	938.032	1	3	2	5	4	13254	0	1000	1216	658	0	1	3	2	5	4	1662	1934	2192	2464	2766	6000	5000	1	1	1	1	1	1
4	42	1	5	1000	243020	243020.005	243	936.015	1	3	2	5	4	13254	0	1000	1174	610	0	1	3	2	5	4	1614	1884	2148	2402	2678	6000	5000	1	1	1	1	1	1
4	43	1	5	1000	248020	248021.997	248	936.008	3	2	4	5	1	32451	0	1000	1254	628	0	3	2	4	5	1	1632	1866	2154	2440	2728	6000	5000	1	1	1	1	1	1
4	44	0	5	1000	253020	253020.004	253	932.015	1	4	5	2	3	14523	0	1000	1214	680	0	1	4	5	2	3	1684	1950	2218	2480	2796	6000	5000	1	1	1	1	1	1
4	45	0	5	1000	258020	258021.968	258	931.996	3	2	4	5	1	32451	0	1000	1270	608	0	3	2	4	5	1	1612	1866	2152	2412	2710	6000	5000	1	1	1	1	1	1
4	46	0	5	1000	263020	263021.991	263	930.001	3	5	1	2	4	35124	0	1000	1224	664	0	3	5	1	2	4	1668	1936	2190	2482	2768	6000	5000	1	1	1	1	1	1
4	47	0	5	1000	268020	268021.99	268	929.999	1	3	2	5	4	13254	0	1000	1436	598	0	1	3	2	5	4	1602	1906	2280	2600	2918	6000	5000	1	1	1	1	1	1
4	48	1	5	1000	273020	273020.006	273	926.003	1	3	2	5	4	13254	0	1000	1212	666	0	1	3	2	5	4	1670	1958	2222	2498	2746	6000	5000	1	1	1	1	1	1
4	49	0	5	1000	278020	278020.001	278	924.009	3	2	4	5	1	32451	0	1000	1236	622	0	3	2	4	5	1	1626	1888	2170	2424	2704	6000	5000	1	1	1	1	1	1
4	50	0	5	1000	283020	283021.988	283	923.997	3	2	4	5	1	32451	0	1000	1228	576	0	3	2	4	5	1	1580	1828	2120	2380	2644	6000	5000	1	1	1	1	1	1
4	51	1	5	1000	288020	288022.021	288	922.019	1	4	5	2	3	14523	0	16000	1182	660	0	1	4	5	2	3	1664	1946	2202	2466	2744	6000	5000	1	1	1	1	1	1
4	52	1	5	1000	308020	308020.003	308	914.013	1	4	5	2	3	14523	0	1000	1164	710	0	1	4	5	2	3	1714	1980	2222	2486	2772	6000	5000	1	1	1	1	1	1
4	53	1	5	1000	313020	313021.992	313	913.988	1	3	2	5	4	13254	0	1000	1252	644	0	1	3	2	5	4	1648	1932	2206	2472	2758	6000	5000	1	1	1	1	1	1
4	54	1	5	1000	318020	318020.002	318	910.032	1	4	5	2	3	14523	0	1000	1168	598	0	1	4	5	2	3	1602	1872	2132	2378	2650	6000	5000	1	1	1	1	1	1
4	55	0	5	1000	323020	323020.025	323	908.033	1	4	5	2	3	14523	0	1000	1174	542	0	1	4	5	2	3	1546	1822	2078	2342	2608	6000	5000	1	1	1	1	1	1
4	56	0	5	1000	328020	328022.004	328	908.01	3	5	1	2	4	35124	0	1000	1154	656	0	3	5	1	2	4	1660	1906	2164	2424	2696	6000	5000	1	1	1	1	1	1
4	57	0	5	1000	333020	333020.003	333	904.003	3	2	4	5	1	32451	0	1000	1158	656	0	3	2	4	5	1	1660	1876	2154	2376	2650	6000	5000	1	1	1	1	1	1
4	58	1	5	1000	338020	338021.973	338	905.984	3	2	4	5	1	32451	0	1000	1188	606	0	3	2	4	5	1	1610	1858	2134	2364	2640	6000	5000	1	1	1	1	1	1
4	59	1	5	1000	343020	343021.989	343	903.987	1	4	5	2	3	14523	0	1000	1186	668	0	1	4	5	2	3	1672	1956	2220	2478	2742	6000	5000	1	1	1	1	1	1
4	60	0	5	1000	348020	348022.017	348	902.017	3	5	1	2	4	35124	0	1000	1238	652	0	3	5	1	2	4	1656	1918	2182	2464	2744	6000	5000	1	1	1	1	1	1
4	61	0	5	1000	353020	353021.968	353	899.98	3	5	1	2	4	35124	0	1000	1212	478	0	3	5	1	2	4	1482	1762	2006	2274	2564	6000	5000	1	1	1	1	1	1
4	62	1	5	1000	358020	358021.992	358	897.983	1	4	5	2	3	14523	0	1000	1148	586	0	1	4	5	2	3	1590	1848	2090	2358	2642	6000	5000	1	1	1	1	1	1
4	63	1	5	1000	363020	363020.001	363	894.007	1	4	5	2	3	14523	0	1000	1122	582	0	1	4	5	2	3	1586	1850	2090	2342	2602	6000	5000	1	1	1	1	1	1
4	64	1	5	1000	368020	368022.01	368	894.021	3	5	1	2	4	35124	0	1000	1130	668	0	3	5	1	2	4	1672	1906	2150	2406	2672	6000	5000	1	1	1	1	1	1
4	65	0	5	1000	373020	373020.002	373	892.001	3	5	1	2	4	35124	0	1000	1128	518	0	3	5	1	2	4	1522	1746	1998	2258	2542	6000	5000	1	1	1	1	1	1
4	66	1	5	1000	378020	378020	378	890.009	1	3	2	5	4	13254	0	1000	1470	612	0	1	3	2	5	4	1616	1912	2412	2694	2974	6000	5000	1	1	1	1	1	1
4	67	0	5	1000	383020	383020.011	383	888.005	3	5	1	2	4	35124	0	1000	1154	612	0	3	5	1	2	4	1616	1858	2112	2368	2640	6000	5000	1	1	1	1	1	1
4	68	1	5	1000	388020	388022.002	388	888.008	3	2	4	5	1	32451	0	16000	1166	698	0	3	2	4	5	1	1702	1940	2224	2456	2710	6000	5000	1	1	1	1	1	1
5	1	1	5	1000	8020	8020.001	9	16.007	1	3	2	5	4	13254	0	1000	1514	750	0	1	3	2	5	4	1754	2056	2360	2658	3160	6000	5000	1	1	1	1	1	1
5	2	0	5	1000	13020	13021.989	14	15.985	1	4	5	2	3	14523	0	1000	1264	1020	0	1	4	5	2	3	2024	2312	2586	2848	3144	6000	5000	1	1	1	1	1	1
5	3	0	5	1000	18020	18021.988	19	13.993	3	2	4	5	1	32451	0	1000	1552	682	0	3	2	4	5	1	1686	2170	2468	2760	3052	6000	5000	1	1	1	1	1	1
5	4	1	5	1000	23020	23020.01	24	10.018	1	3	2	5	4	13254	0	1000	1440	570	0	1	3	2	5	4	1574	1940	2248	2570	2882	6000	5000	1	1	1	1	1	1
5	5	0	5	1000	28020	28021.984	29	9.993	3	5	1	2	4	35124	0	1000	1230	518	0	3	5	1	2	4	1522	1780	2060	2340	2646	6000	5000	1	1	1	1	1	1
5	6	0	5	1000	33020	33021.973	34	7.995	3	5	1	2	4	35124	0	1000	1252	584	0	3	5	1	2	4	1588	1834	2134	2426	2730	6000	5000	1	1	1	1	1	1
5	7	1	5	1000	38020	38021.979	39	7.999	3	5	1	2	4	35124	0	1000	1150	620	0	3	5	1	2	4	1624	1860	2122	2382	2654	6000	5000	1	1	1	1	1	1
5	8	0	5	1000	43020	43021.995	44	6.007	3	2	4	5	1	32451	0	1000	1318	978	0	3	2	4	5	1	1982	2274	2594	2868	3160	6000	5000	1	1	1	1	1	1
5	9	1	5	1000	48020	48020.012	49	2.01	1	4	5	2	3	14523	0	1000	1196	606	0	1	4	5	2	3	1610	1898	2150	2408	2710	6000	5000	1	1	1	1	1	1
5	10	0	5	1000	53020	53021.989	54	1.998	3	5	1	2	4	35124	0	1000	1202	540	0	3	5	1	2	4	1544	1798	2086	2350	2654	6000	5000	1	1	1	1	1	1
5	11	1	5	1000	58020	58021.961	59	0	1	3	2	5	4	13254	0	1000	1496	1030	0	1	3	2	5	4	2034	2374	2842	3128	3420	6000	5000	1	1	1	1	1	1
5	12	0	5	1000	63020	63020.093	63	996.093	1	3	2	5	4	13254	0	1000	1440	666	0	1	3	2	5	4	1670	1984	2268	2556	2988	6000	5000	1	1	1	1	1	1
5	13	0	5	1000	68020	68021.989	68	997.994	1	4	5	2	3	14523	0	1000	1696	660	0	1	4	5	2	3	1664	2192	2670	2968	3258	6000	5000	1	1	1	1	1	1
5	14	1	5	1000	73020	73020.006	73	994.013	1	4	5	2	3	14523	0	1000	1314	594	0	1	4	5	2	3	1598	1882	2192	2484	2796	6000	5000	1	1	1	1	1	1
5	15	0	5	1000	78020	78020.01	78	991.988	1	3	2	5	4	13254	0	1000	1690	690	0	1	3	2	5	4	1694	2008	2482	2878	3244	6000	5000	1	1	1	1	1	1
5	16	0	5	1000	83020	83021.992	83	992.003	1	3	2	5	4	13254	0	1000	1916	588	0	1	3	2	5	4	1592	1886	2348	2902	3360	6000	5000	1	1	1	1	1	1
5	17	0	5	1000	88020	88020	88	988.013	3	2	4	5	1	32451	0	16000	1350	928	0	3	2	4	5	1	1932	2192	2516	2810	3126	6000	5000	1	1	1	1	1	1
5	18	0	5	1000	108020	108021.992	108	983.993	3	2	4	5	1	32451	0	1000	1334	734	0	3	2	4	5	1	1738	2008	2308	2588	2894	6000	5000	1	1	1	1	1	1
5	19	1	5	1000	113020	113022.08	113	982.069	3	5	1	2	4	35124	0	1000	1206	622	0	3	5	1	2	4	1626	1880	2144	2422	2694	6000	5000	1	1	1	1	1	1
5	20	0	5	1000	118020	118020.005	118	978.001	3	5	1	2	4	35124	0	1000	1184	534	0	3	5	1	2	4	1538	1786	2058	2318	2598	6000	5000	1	1	1	1	1	1
5	21	0	5	1000	123020	123020.005	123	975.986	1	3	2	5	4	13254	0	1000	1440	836	0	1	3	2	5	4	1840	2162	2488	2818	3160	6000	5000	1	1	1	1	1	1
5	22	1	5	1000	128020	128021.972	128	975.85	1	4	5	2	3	14523	0	1000	1174	576	0	1	4	5	2	3	1580	1850	2098	2372	2662	6000	5000	1	1	1	1	1	1
5	23	0	5	1000	133020	133020.003	133	972.011	3	2	4	5	1	32451	0	1000	1260	574	0	3	2	4	5	1	1578	1822	2110	2368	2668	6000	5000	1	1	1	1	1	1
5	24	0	5	1000	138020	138020.005	138	972.001	3	5	1	2	4	35124	0	1000	1178	588	0	3	5	1	2	4	1592	1832	2108	2364	2646	6000	5000	1	1	1	1	1	1
5	25	1	5	1000	143020	143020.032	143	970.029	1	4	5	2	3	14523	0	1000	1108	894	0	1	4	5	2	3	1898	2152	2392	2640	2894	6000	5000	1	1	1	1	1	1
5	26	1	5	1000	148020	148020.016	148	968.026	3	2	4	5	1	32451	0	1000	1212	672	0	3	2	4	5	1	1676	1926	2206	2458	2734	6000	5000	1	1	1	1	1	1
5	27	1	5	1000	153020	153021.992	153	968	3	2	4	5	1	32451	0	1000	1244	572	0	3	2	4	5	1	1576	1838	2102	2348	2626	6000	5000	1	1	1	1	1	1
5	28	0	5	1000	158020	158021.978	158	965.99	3	5	1	2	4	35124	0	1000	1158	570	0	3	5	1	2	4	1580	1820	2084	2348	2638	6000	5000	1	1	1	1	1	1
5	29	0	5	1000	163020	163021.988	163	963.999	1	4	5	2	3	14523	0	1000	1138	548	0	1	4	5	2	3	1552	1814	2052	2316	2584	6000	5000	1	1	1	1	1	1
5	30	1	5	1000	168020	168020.004	168	960.024	3	5	1	2	4	35124	0	1000	1102	572	0	3	5	1	2	4	1576	1848	2098	2334	2576	6000	5000	1	1	1	1	1	1
5	31	1	5	1000	173020	173021.992	173	962.001	3	2	4	5	1	32451	0	1000	1156	538	0	3	2	4	5	1	1542	1780	2052	2280	2554	6000	5000	1	1	1	1	1	1
5	32	1	5	1000	178020	178020.127	178	958.078	1	3	2	5	4	13254	0	1000	1228	664	0	1	3	2	5	4	1668	1970	2240	2502	2768	6000	5000	1	1	1	1	1	1
5	33	1	5	1000	183020	183020.004	183	956.001	3	5	1	2	4	35124	0	1000	1148	560	0	3	5	1	2	4	1564	1810	2044	2312	2586	6000	5000	1	1	1	1	1	1
5	34	0	5	1000	188020	188021.99	188	955.991	1	3	2	5	4	13254	0	16000	1196	580	0	1	3	2	5	4	1584	1854	2112	2380	2656	6000	5000	1	1	1	1	1	1
5	35	0	5	1000	208020	208021.978	208	949.988	1	3	2	5	4	13254	0	1000	1214	636	0	1	3	2	5	4	1640	1898	2170	2436	2730	6000	5000	1	1	1	1	1	1
5	36	1	5	1000	213020	213022.013	213	948.022	3	5	1	2	4	35124	0	1000	1112	842	0	3	5	1	2	4	1846	2060	2308	2572	2838	6000	5000	1	1	1	1	1	1
5	37	1	5	1000	218020	218021.979	218	945.943	3	5	1	2	4	35124	0	1000	1140	730	0	3	5	1	2	4	1734	1976	2208	2468	2750	6000	5000	1	1	1	1	1	1
5	38	1	5	1000	223020	223020.001	223	941.998	1	4	5	2	3	14523	0	1000	1118	616	0	1	4	5	2	3	1620	1892	2126	2376	2636	6000	5000	1	1	1	1	1	1
5	39	0	5	1000	228020	228020.016	228	939.999	1	4	5	2	3	14523	0	1000	1174	588	0	1	4	5	2	3	1592	1846	2090	2346	2652	6000	5000	1	1	1	1	1	1
5	40	0	5	1000	233020	233021.992	233	939.964	1	4	5	2	3	14523	0	1000	1192	632	0	1	4	5	2	3	1636	1918	2168	2430	2720	6000	5000	1	1	1	1	1	1
5	41	0	5	1000	238020	238022.033	238	938.046	3	5	1	2	4	35124	0	1000	1144	574	0	3	5	1	2	4	1578	1824	2070	2326	2588	6000	5000	1	1	1	1	1	1
5	42	1	5	1000	243020	243021.993	243	938.032	3	2	4	5	1	32451	0	1000	1196	688	0	3	2	4	5	1	1692	1946	2196	2436	2718	6000	5000	1	1	1	1	1	1
5	43	1	5	1000	248020	248021.981	248	936.002	1	4	5	2	3	14523	0	1000	1132	568	0	1	4	5	2	3	1572	1832	2074	2328	2598	6000	5000	1	1	1	1	1	1
5	44	1	5	1000	253020	253020.017	253	932.036	3	5	1	2	4	35124	0	1000	1088	590	0	3	5	1	2	4	1594	1816	2058	2310	2558	6000	5000	1	1	1	1	1	1
5	45	1	5	1000	258020	258021.978	258	932.001	1	3	2	5	4	13254	0	1000	1132	622	0	1	3	2	5	4	1626	1896	2132	2372	2632	6000	5000	1	1	1	1	1	1
5	46	1	5	1000	263020	263021.956	263	929.967	1	4	5	2	3	14523	0	1000	1168	656	0	1	4	5	2	3	1660	1906	2182	2432	2720	6000	5000	1	1	1	1	1	1
5	47	1	5	1000	268020	268021.978	268	928.001	1	4	5	2	3	14523	0	1000	1094	688	0	1	4	5	2	3	1692	1974	2174	2422	2668	6000	5000	1	1	1	1	1	1
5	48	1	5	1000	273020	273021.962	273	925.968	1	3	2	5	4	13254	0	1000	1262	716	0	1	3	2	5	4	1720	2004	2304	2582	2864	6000	5000	1	1	1	1	1	1
5	49	1	5	1000	278020	278021.98	278	926.001	1	3	2	5	4	13254	0	1000	1226	694	0	1	3	2	5	4	1698	1990	2250	2506	2806	6000	5000	1	1	1	1	1	1
5	50	1	5	1000	283020	283021.989	283	924.006	3	2	4	5	1	32451	0	1000	1238	692	0	3	2	4	5	1	1696	1980	2264	2510	2794	6000	5000	1	1	1	1	1	1
5	51	0	5	1000	288020	288021.999	288	922.019	1	3	2	5	4	13254	0	16000	1250	710	0	1	3	2	5	4	1714	2012	2276	2556	2842	6000	5000	1	1	1	1	1	1
5	52	0	5	1000	308020	308021.99	308	914.011	1	3	2	5	4	13254	0	1000	1520	660	0	1	3	2	5	4	1664	1950	2314	2710	3050	6000	5000	1	1	1	1	1	1
5	53	1	5	1000	313020	313021.978	313	914.018	1	3	2	5	4	13254	0	1000	1214	698	0	1	3	2	5	4	1702	2020	2244	2522	2804	6000	5000	1	1	1	1	1	1
5	54	0	5	1000	318020	318021.978	318	911.993	3	2	4	5	1	32451	0	1000	1262	628	0	3	2	4	5	1	1632	1888	2176	2462	2740	6000	5000	1	1	1	1	1	1
5	55	0	5	1000	323020	323021.978	323	909.999	3	2	4	5	1	32451	0	1000	1218	666	0	3	2	4	5	1	1670	1924	2200	2452	2732	6000	5000	1	1	1	1	1	1
5	56	0	5	1000	328020	328021.956	328	907.976	1	4	5	2	3	14523	0	1000	1176	570	0	1	4	5	2	3	1574	1838	2078	2350	2660	6000	5000	1	1	1	1	1	1
5	57	0	5	1000	333020	333021.98	333	906.021	1	3	2	5	4	13254	0	1000	1708	890	0	1	3	2	5	4	1894	2230	2838	3150	3470	6000	5000	1	1	1	1	1	1
5	58	1	5	1000	338020	338021.98	338	904	3	2	4	5	1	32451	0	1000	1240	652	0	3	2	4	5	1	1656	1920	2202	2452	2750	6000	5000	1	1	1	1	1	1
5	59	0	5	1000	343020	343022.01	343	902.027	3	2	4	5	1	32451	0	1000	1306	622	0	3	2	4	5	1	1636	1892	2188	2464	2772	6000	5000	1	1	1	1	1	1
5	60	0	5	1000	348020	348020.004	348	900.001	1	3	2	5	4	13254	0	1000	0	0	0	0	0	0	0	0	0	0	0	0	0	6000	5000	0	1	1	1	1	1
5	61	0	5	1000	353020	353021.99	353	899.973	3	5	1	2	4	35124	0	1000	0	0	0	0	0	0	0	0	0	0	0	0	0	6000	5000	0	1	1	1	1	1
5	62	0	5	1000	358020	358021.992	358	898.002	3	2	4	5	1	32451	0	1000	0	0	0	0	0	0	0	0	0	0	0	0	0	6000	5000	0	1	1	1	1	1
5	63	1	5	1000	363020	363021.957	363	895.963	3	2	4	5	1	32451	0	1000	0	0	0	0	0	0	0	0	0	0	0	0	0	6000	5000	0	1	1	1	1	1
5	64	0	5	1000	368020	368021.99	368	894.002	1	4	5	2	3	14523	0	1000	0	0	0	0	0	0	0	0	0	0	0	0	0	6000	5000	0	1	1	1	1	1
5	65	1	5	1000	373020	373021.978	373	892.017	3	2	4	5	1	32451	0	1000	0	0	0	0	0	0	0	0	0	0	0	0	0	6000	5000	0	1	1	1	1	1
5	66	1	5	1000	378020	378020.004	378	888	3	5	1	2	4	35124	0	1000	0	0	0	0	0	0	0	0	0	0	0	0	0	6000	5000	0	1	1	1	1	1
5	67	0	5	1000	383020	383022.004	383	888.013	1	4	5	2	3	14523	0	1000	0	0	0	0	0	0	0	0	0	0	0	0	0	6000	5000	0	1	1	1	1	1
5	68	1	5	1000	388020	388020.04	388	886.061	1	3	2	5	4	13254	0	16000	0	0	0	0	0	0	0	0	0	0	0	0	0	6000	5000	0	1	1	1	1	1
6	1	0	5	1000	8020	8021.998	9	18	1	4	5	2	3	14523	0	1000	1570	1122	0	1	4	5	2	3	2126	2462	2920	3232	3560	6000	5000	1	1	1	1	1	1
6	2	0	5	1000	13020	13020.094	14	14.103	1	4	5	2	3	14523	0	1000	1308	984	0	1	4	5	2	3	1988	2308	2604	2868	3160	6000	5000	1	1	1	1	1	1
6	3	1	5	1000	18020	18020.009	19	11.989	1	3	2	5	4	13254	0	1000	1242	684	0	1	3	2	5	4	1688	1948	2234	2490	2794	6000	5000	1	1	1	1	1	1
6	4	1	5	1000	23020	23020.015	24	9.978	3	2	4	5	1	32451	0	1000	1306	732	0	3	2	4	5	1	1736	2050	2330	2588	2882	6000	5000	1	1	1	1	1	1
6	5	0	5	1000	28020	28020.022	29	8.024	3	5	1	2	4	35124	0	1000	1264	620	0	3	5	1	2	4	1624	1908	2188	2468	2776	6000	5000	1	1	1	1	1	1
6	6	0	5	1000	33020	33022	34	8.015	3	5	1	2	4	35124	0	1000	1154	582	0	3	5	1	2	4	1586	1836	2088	2334	2614	6000	5000	1	1	1	1	1	1
6	7	0	5	1000	38020	38020.001	39	5.959	1	3	2	5	4	13254	0	1000	1196	606	0	1	3	2	5	4	1610	1848	2134	2398	2690	6000	5000	1	1	1	1	1	1
6	8	0	5	1000	43020	43020.01	44	4.022	1	3	2	5	4	13254	0	1000	1298	600	0	1	3	2	5	4	1604	1862	2146	2468	2782	6000	5000	1	1	1	1	1	1
6	9	1	5	1000	48020	48020.013	49	2.004	3	5	1	2	4	35124	0	1000	1276	664	0	3	5	1	2	4	1668	1928	2228	2530	2806	6000	5000	1	1	1	1	1	1
6	10	1	5	1000	53020	53021.995	54	1.998	3	5	1	2	4	35124	0	1000	1220	556	0	3	5	1	2	4	1560	1798	2098	2358	2656	6000	5000	1	1	1	1	1	1
6	11	0	5	1000	58020	58020.001	58	997.992	3	2	4	5	1	32451	0	1000	1366	608	0	3	2	4	5	1	1612	1892	2186	2470	2780	6000	5000	1	1	1	1	1	1
6	12	1	5	1000	63020	63021.997	63	997.999	3	2	4	5	1	32451	0	1000	1250	580	0	3	2	4	5	1	1584	1838	2118	2370	2676	6000	5000	1	1	1	1	1	1
6	13	1	5	1000	68020	68020.028	68	996.041	1	4	5	2	3	14523	0	1000	1194	610	0	1	4	5	2	3	1614	1892	2138	2410	2694	6000	5000	1	1	1	1	1	1
6	14	0	5	1000	73020	73020.002	73	993.992	1	3	2	5	4	13254	0	1000	1414	558	0	1	3	2	5	4	1562	1840	2210	2528	2836	6000	5000	1	1	1	1	1	1
6	15	0	5	1000	78020	78020	78	991.989	3	5	1	2	4	35124	0	1000	1260	560	0	3	5	1	2	4	1564	1834	2130	2408	2702	6000	5000	1	1	1	1	1	1
6	16	1	5	1000	83020	83022.023	83	992.003	3	5	1	2	4	35124	0	1000	1206	590	0	3	5	1	2	4	1594	1840	2106	2378	2658	6000	5000	1	1	1	1	1	1
6	17	1	5	1000	88020	88020.031	88	988.018	3	2	4	5	1	32451	0	16000	1374	782	0	3	2	4	5	1	1786	2046	2328	2582	2946	6000	5000	1	1	1	1	1	1
6	18	1	5	1000	108020	108020.002	108	982.005	3	2	4	5	1	32451	0	1000	922	740	1	3	2	4	5	4	1744	1988	2276	2532	2548	6000	5000	0	1	1	1	1	1
6	19	1	5	1000	113020	113020.023	113	980.013	3	2	4	5	1	32451	0	1000	1242	784	0	3	2	4	5	1	1788	2046	2310	2596	2882	6000	5000	1	1	1	1	1	1
6	20	0	5	1000	118020	118022.047	118	980.024	1	3	2	5	4	13254	0	1000	1236	610	0	1	3	2	5	4	1614	1882	2176	2440	2714	6000	5000	1	1	1	1	1	1
6	21	1	5	1000	123020	123022.002	123	978.003	1	3	2	5	4	13254	0	1000	1210	732	0	1	3	2	5	4	1736	2022	2292	2538	2828	6000	5000	1	1	1	1	1	1
6	22	0	5	1000	128020	128021.984	128	975.985	3	5	1	2	4	35124	0	1000	1516	280	0	3	5	1	2	4	1284	1786	2102	2392	2670	6000	5000	1	1	1	1	1	1
6	23	1	5	1000	133020	133020.015	133	972.017	1	4	5	2	3	14523	0	1000	1154	640	0	1	4	5	2	3	1644	1906	2154	2406	2684	6000	5000	1	1	1	1	1	1
6	24	1	5	1000	138020	138021.998	138	973.931	3	2	4	5	1	32451	0	1000	1252	648	0	3	2	4	5	1	1652	1906	2186	2436	2730	6000	5000	1	1	1	1	1	1
6	25	1	5	1000	143020	143020.012	143	970.014	3	5	1	2	4	35124	0	1000	1110	580	0	3	5	1	2	4	1584	1812	2068	2312	2558	6000	5000	1	1	1	1	1	1
6	26	1	5	1000	148020	148020.009	148	968.009	1	4	5	2	3	14523	0	1000	1126	578	0	1	4	5	2	3	1582	1832	2080	2318	2602	6000	5000	1	1	1	1	1	1
6	27	1	5	1000	153020	153020.008	153	965.996	1	4	5	2	3	14523	0	1000	1282	678	0	1	4	5	2	3	1682	2046	2320	2594	2860	6000	5000	1	1	1	1	1	1
6	28	0	5	1000	158020	158021.997	158	965.882	1	4	5	2	3	14523	0	1000	1178	658	0	1	4	5	2	3	1662	1936	2182	2422	2708	6000	5000	1	1	1	1	1	1
6	29	1	5	1000	163020	163022.008	163	963.897	3	2	4	5	1	32451	0	1000	1230	680	0	3	2	4	5	1	1684	1914	2190	2452	2752	6000	5000	1	1	1	1	1	1
6	30	1	5	1000	168020	168020.014	168	960.028	1	3	2	5	4	13254	0	1000	1154	628	0	1	3	2	5	4	1632	1898	2142	2402	2650	6000	5000	1	1	1	1	1	1
6	31	0	5	1000	173020	173022.008	173	961.973	1	3	2	5	4	13254	0	1000	1442	704	0	1	3	2	5	4	1708	1964	2274	2710	2998	6000	5000	1	1	1	1	1	1
6	32	0	5	1000	178020	178020.01	178	957.985	3	2	4	5	1	32451	0	1000	1280	588	0	3	2	4	5	1	1592	1886	2168	2436	2718	6000	5000	1	1	1	1	1	1
6	33	1	5	1000	183020	183022.112	183	958.127	1	3	2	5	4	13254	0	1000	1206	600	0	1	3	2	5	4	1604	1862	2140	2390	2662	6000	5000	1	1	1	1	1	1
6	34	0	5	1000	188020	188020.066	188	954.067	3	2	4	5	1	32451	0	16000	1232	572	0	3	2	4	5	1	1576	1852	2124	2386	2672	6000	5000	1	1	1	1	1	1
6	35	0	5	1000	208020	208021.997	208	949.997	3	2	4	5	1	32451	0	1000	1226	724	0	3	2	4	5	1	1728	1978	2254	2518	2794	6000	5000	1	1	1	1	1	1
6	36	0	5	1000	213020	213020.087	213	946.075	3	5	1	2	4	35124	0	1000	1130	582	0	3	5	1	2	4	1586	1828	2088	2348	2610	6000	5000	1	1	1	1	1	1
6	37	1	5	1000	218020	218022.011	218	946.017	1	3	2	5	4	13254	0	1000	1126	770	0	1	3	2	5	4	1774	2046	2278	2534	2778	6000	5000	1	1	1	1	1	1
6	38	1	5	1000	223020	223020.015	223	942.016	1	3	2	5	4	13254	0	1000	1118	578	0	1	3	2	5	4	1582	1842	2068	2318	2574	6000	5000	1	1	1	1	1	1
6	39	1	5	1000	228020	228021.997	228	942.009	3	5	1	2	4	35124	0	1000	1034	634	0	3	5	1	2	4	1638	1838	2084	2316	2570	6000	5000	1	1	1	1	1	1
6	40	0	5	1000	233020	233021.986	233	939.998	1	3	2	5	4	13254	0	1000	1192	670	0	1	3	2	5	4	1674	1974	2232	2482	2744	6000	5000	1	1	1	1	1	1
6	41	1	5	1000	238020	238020.003	238	936.002	1	4	5	2	3	14523	0	1000	1284	696	0	1	4	5	2	3	1700	2120	2346	2622	2892	6000	5000	1	1	1	1	1	1
6	42	1	5	1000	243020	243021.987	243	936	1	3	2	5	4	13254	0	1000	1182	636	0	1	3	2	5	4	1640	1904	2178	2426	2700	6000	5000	1	1	1	1	1	1
6	43	1	5	1000	248020	248022.01	248	936.021	1	4	5	2	3	14523	0	1000	1196	658	0	1	4	5	2	3	1662	1944	2184	2452	2758	6000	5000	1	1	1	1	1	1
6	44	0	5	1000	253020	253021.997	253	934.009	3	5	1	2	4	35124	0	1000	1164	680	0	3	5	1	2	4	1684	1934	2210	2468	2734	6000	5000	1	1	1	1	1	1
6	45	0	5	1000	258020	258021.969	258	931.963	1	4	5	2	3	14523	0	1000	1136	602	0	1	4	5	2	3	1606	1862	2098	2362	2646	6000	5000	1	1	1	1	1	1
6	46	1	5	1000	263020	263021.998	263	930.01	3	5	1	2	4	35124	0	1000	1128	636	0	3	5	1	2	4	1640	1858	2120	2386	2644	6000	5000	1	1	1	1	1	1
6	47	0	5	1000	268020	268021.99	268	927.996	1	4	5	2	3	14523	0	1000	844	504	1	1	4	4	5	2	1508	1746	1932	1978	2252	6000	5000	0	1	1	1	1	1
6	48	1	5	1000	273020	273021.986	273	925.993	1	4	5	2	3	14523	0	1000	1202	744	0	1	4	5	2	3	1748	2014	2282	2522	2826	6000	5000	1	1	1	1	1	1
6	49	1	5	1000	278020	278021.989	278	924.021	3	5	1	2	4	35124	0	1000	1220	576	0	3	5	1	2	4	1580	1842	2108	2406	2668	6000	5000	1	1	1	1	1	1
6	50	1	5	1000	283020	283022.007	283	924.018	1	3	2	5	4	13254	0	1000	1262	704	0	1	3	2	5	4	1708	2020	2300	2556	2846	6000	5000	1	1	1	1	1	1
6	51	0	5	1000	288020	288021.988	288	921.985	1	4	5	2	3	14523	0	16000	1242	708	0	1	4	5	2	3	1712	1986	2252	2540	2850	6000	5000	1	1	1	1	1	1
6	52	0	5	1000	308020	308021.992	308	914.001	1	4	5	2	3	14523	0	1000	1218	808	0	1	4	5	2	3	1812	2092	2360	2628	2926	6000	5000	1	1	1	1	1	1
6	53	0	5	1000	313020	313021.966	313	911.977	1	3	2	5	4	13254	0	1000	1234	734	0	1	3	2	5	4	1738	2010	2266	2546	2826	6000	5000	1	1	1	1	1	1
6	54	1	5	1000	318020	318020	318	909.983	3	2	4	5	1	32451	0	1000	1242	648	0	3	2	4	5	1	1652	1908	2188	2458	2750	6000	5000	1	1	1	1	1	1
6	55	0	5	1000	323020	323020.008	323	908.008	3	2	4	5	1	32451	0	1000	1246	614	0	3	2	4	5	1	1618	1872	2156	2430	2738	6000	5000	1	1	1	1	1	1
6	56	0	5	1000	328020	328021.999	328	908.011	1	3	2	5	4	13254	0	1000	1298	596	0	1	3	2	5	4	1600	1878	2178	2480	2774	6000	5000	1	1	1	1	1	1
6	57	0	5	1000	333020	333020.001	333	903.988	1	4	5	2	3	14523	0	1000	1230	646	0	1	4	5	2	3	1650	1908	2190	2488	2796	6000	5000	1	1	1	1	1	1
6	58	0	5	1000	338020	338020.012	338	902.014	3	2	4	5	1	32451	0	1000	1292	586	0	3	2	4	5	1	1590	1890	2164	2422	2730	6000	5000	1	1	1	1	1	1
6	59	1	5	1000	343020	343021.992	343	902	3	5	1	2	4	35124	0	1000	1208	652	0	3	5	1	2	4	1656	1902	2178	2456	2728	6000	5000	1	1	1	1	1	1
6	60	0	5	1000	348020	348021.989	348	900.001	3	5	1	2	4	35124	0	1000	1188	568	0	3	5	1	2	4	1572	1814	2104	2368	2640	6000	5000	1	1	1	1	1	1
6	61	0	5	1000	353020	353021.99	353	899.973	3	2	4	5	1	32451	0	1000	1214	634	0	3	2	4	5	1	1638	1868	2144	2420	2706	6000	5000	1	1	1	1	1	1
6	62	1	5	1000	358020	358021.967	358	897.98	1	4	5	2	3	14523	0	1000	1192	528	0	1	4	5	2	3	1532	1808	2056	2330	2626	6000	5000	1	1	1	1	1	1
6	63	0	5	1000	363020	363020.022	363	894.024	3	2	4	5	1	32451	0	1000	1318	626	0	3	2	4	5	1	1630	1894	2188	2490	2786	6000	5000	1	1	1	1	1	1
6	64	0	5	1000	368020	368020.013	368	892.021	3	2	4	5	1	32451	0	1000	1230	576	0	3	2	4	5	1	1580	1848	2122	2376	2662	6000	5000	1	1	1	1	1	1
6	65	0	5	1000	373020	373020.006	373	889.994	1	4	5	2	3	14523	0	1000	1468	600	0	1	4	5	2	3	1604	2162	2414	2688	2968	6000	5000	1	1	1	1	1	1
6	66	0	5	1000	378020	378021.991	378	890.002	3	5	1	2	4	35124	0	1000	1306	638	0	3	5	1	2	4	1642	1902	2170	2514	2826	6000	5000	1	1	1	1	1	1
6	67	1	5	1000	383020	383021.969	383	887.98	3	2	4	5	1	32451	0	1000	1264	710	0	3	2	4	5	1	1714	1994	2274	2546	2832	6000	5000	1	1	1	1	1	1
6	68	0	5	1000	388020	388021.987	388	887.998	1	4	5	2	3	14523	0	16000	1286	574	0	1	4	5	2	3	1578	1872	2190	2454	2748	6000	5000	1	1	1	1	1	1
7	1	1	5	1000	8020	8020.178	9	16.168	1	4	5	2	3	14523	0	1000	1320	1430	0	1	4	5	2	3	2434	2818	3114	3350	3636	6000	5000	1	1	1	1	1	1
7	2	0	5	1000	13020	13020.007	14	13.999	3	5	1	2	4	35124	0	1000	1196	916	0	3	5	1	2	4	1920	2184	2440	2708	2980	6000	5000	1	1	1	1	1	1
7	3	0	5	1000	18020	18020.019	19	12.012	3	5	1	2	4	35124	0	1000	1180	684	0	3	5	1	2	4	1688	1920	2190	2464	2734	6000	5000	1	1	1	1	1	1
7	4	0	5	1000	23020	23020.009	24	9.994	1	3	2	5	4	13254	0	1000	1472	486	0	1	3	2	5	4	1490	1790	2224	2516	2810	6000	5000	1	1	1	1	1	1
7	5	1	5	1000	28020	28020.02	29	8.001	3	5	1	2	4	35124	0	1000	1184	544	0	3	5	1	2	4	1548	1800	2058	2334	2592	6000	5000	1	1	1	1	1	1
7	6	0	5	1000	33020	33020.032	34	8.004	1	3	2	5	4	13254	0	1000	1300	546	0	1	3	2	5	4	1550	1848	2144	2420	2710	6000	5000	1	1	1	1	1	1
7	7	0	5	1000	38020	38020.03	39	5.999	3	2	4	5	1	32451	0	1000	1234	658	0	3	2	4	5	1	1662	1916	2192	2474	2764	6000	5000	1	1	1	1	1	1
7	8	0	5	1000	43020	43020.007	44	3.998	3	2	4	5	1	32451	0	1000	1298	614	0	3	2	4	5	1	1618	1872	2172	2466	2760	6000	5000	1	1	1	1	1	1
7	9	1	5	1000	48020	48020.02	49	2.013	3	5	1	2	4	35124	0	1000	1240	558	0	3	5	1	2	4	1562	1824	2106	2390	2670	6000	5000	1	1	1	1	1	1
7	10	1	5	1000	53020	53020.005	54	0	3	5	1	2	4	35124	0	1000	1174	484	0	3	5	1	2	4	1488	1736	1982	2260	2540	6000	5000	1	1	1	1	1	1
7	11	0	5	1000	58020	58020.1	58	998.08	1	4	5	2	3	14523	0	1000	1248	556	0	1	4	5	2	3	1560	1846	2118	2396	2718	6000	5000	1	1	1	1	1	1
7	12	0	5	1000	63020	63020.096	63	998.084	1	3	2	5	4	13254	0	1000	1276	278	0	1	3	2	5	4	1282	1578	1826	2100	2436	6000	5000	1	1	1	1	1	1
7	13	1	5	1000	68020	68020.01	68	995.984	3	2	4	5	1	32451	0	1000	1664	578	0	3	2	4	5	1	1582	1834	2106	2370	2648	6000	5000	1	1	1	1	1	1
7	14	0	5	1000	73020	73020.016	73	993.987	1	3	2	5	4	13254	0	1000	1388	180	0	1	3	2	5	4	1280	1546	1858	2218	2526	6000	5000	1	1	1	1	1	1
7	15	0	5	1000	78020	78020.008	78	991.974	1	3	2	5	4	13254	0	1000	1264	574	0	1	3	2	5	4	1578	1856	2136	2406	2706	6000	5000	1	1	1	1	1	1
7	16	1	5	1000	83020	83021.996	83	991.988	1	3	2	5	4	13254	0	1000	1274	586	0	1	3	2	5	4	1590	1862	2156	2420	2712	6000	5000	1	1	1	1	1	1
7	17	1	5	1000	88020	88020.01	88	988.016	3	5	1	2	4	35124	0	16000	1194	562	0	3	5	1	2	4	1566	1816	2104	2362	2630	6000	5000	1	1	1	1	1	1
7	18	1	5	1000	108020	108020.027	108	982.018	3	5	1	2	4	35124	0	1000	1158	596	0	3	5	1	2	4	1600	1848	2104	2382	2638	6000	5000	1	1	1	1	1	1
7	19	1	5	1000	113020	113020.017	113	980.002	1	4	5	2	3	14523	0	1000	1160	650	0	1	4	5	2	3	1654	1946	2186	2432	2708	6000	5000	1	1	1	1	1	1
7	20	1	5	1000	118020	118020.021	118	977.992	3	2	4	5	1	32451	0	1000	1176	472	0	3	2	4	5	1	1476	1718	1984	2220	2480	6000	5000	1	1	1	1	1	1
7	21	1	5	1000	123020	123020.003	123	975.974	1	3	2	5	4	13254	0	1000	1196	498	0	1	3	2	5	4	1502	1782	2040	2288	2552	6000	5000	1	1	1	1	1	1
7	22	1	5	1000	128020	128020.023	128	974.015	3	2	4	5	1	32451	0	1000	1214	540	0	3	2	4	5	1	1544	1782	2054	2300	2586	6000	5000	1	1	1	1	1	1
7	23	1	5	1000	133020	133020.02	133	973.925	3	5	1	2	4	35124	0	1000	1132	558	0	3	5	1	2	4	1562	1786	2040	2296	2564	6000	5000	1	1	1	1	1	1
7	24	1	5	1000	138020	138020.129	138	972.039	3	2	4	5	1	32451	0	1000	1202	522	0	3	2	4	5	1	1526	1752	2032	2258	2526	6000	5000	1	1	1	1	1	1
7	25	0	5	1000	143020	143020.021	143	969.987	3	5	1	2	4	35124	0	1000	1136	592	0	3	5	1	2	4	1596	1850	2102	2366	2626	6000	5000	1	1	1	1	1	1
7	26	1	5	1000	148020	148020.012	148	968.007	3	5	1	2	4	35124	0	1000	1138	522	0	3	5	1	2	4	1526	1762	2014	2266	2522	6000	5000	1	1	1	1	1	1
7	27	0	5	1000	153020	153020.006	153	965.983	3	2	4	5	1	32451	0	1000	1228	568	0	3	2	4	5	1	1572	1824	2100	2358	2638	6000	5000	1	1	1	1	1	1
7	28	1	5	1000	158020	158020.012	158	963.981	3	2	4	5	1	32451	0	1000	1206	576	0	3	2	4	5	1	1580	1826	2098	2338	2620	6000	5000	1	1	1	1	1	1
7	29	1	5	1000	163020	163020.006	163	962	3	2	4	5	1	32451	0	1000	1210	598	0	3	2	4	5	1	1602	1850	2128	2364	2622	6000	5000	1	1	1	1	1	1
7	30	1	5	1000	168020	168020.02	168	960.009	1	4	5	2	3	14523	0	1000	1106	576	0	1	4	5	2	3	1580	1836	2058	2300	2574	6000	5000	1	1	1	1	1	1
7	31	1	5	1000	173020	173022.02	173	962	1	3	2	5	4	13254	0	1000	1186	586	0	1	3	2	5	4	1590	1866	2104	2356	2608	6000	5000	1	1	1	1	1	1
7	32	1	5	1000	178020	178020.008	178	958.001	1	3	2	5	4	13254	0	1000	1142	654	0	1	3	2	5	4	1658	1922	2156	2384	2660	6000	5000	1	1	1	1	1	1
7	33	0	5	1000	183020	183020.006	183	955.85	3	2	4	5	1	32451	0	1000	1198	578	0	3	2	4	5	1	1582	1816	2092	2336	2612	6000	5000	1	1	1	1	1	1
7	34	0	5	1000	188020	188020.024	188	954.005	1	3	2	5	4	13254	0	16000	1242	544	0	1	3	2	5	4	1548	1830	2098	2364	2670	6000	5000	1	1	1	1	1	1
7	35	0	5	1000	208020	208020.007	208	947.985	1	3	2	5	4	13254	0	1000	1230	700	0	1	3	2	5	4	1704	1974	2230	2502	2782	6000	5000	1	1	1	1	1	1
7	36	0	5	1000	213020	213021.995	213	948.007	3	5	1	2	4	35124	0	1000	1162	550	0	3	5	1	2	4	1554	1792	2032	2314	2582	6000	5000	1	1	1	1	1	1
7	37	1	5	1000	218020	218020.005	218	943.985	3	2	4	5	1	32451	0	1000	1194	448	0	3	2	4	5	1	1452	1682	1952	2200	2464	6000	5000	1	1	1	1	1	1
7	38	0	5	1000	223020	223021.987	223	943.99	1	4	5	2	3	14523	0	1000	1168	518	0	1	4	5	2	3	1522	1790	2044	2288	2578	6000	5000	1	1	1	1	1	1
7	39	0	5	1000	228020	228020.007	228	940.013	3	5	1	2	4	35124	0	1000	1056	536	0	3	5	1	2	4	1540	1762	1990	2228	2482	6000	5000	1	1	1	1	1	1
7	40	1	5	1000	233020	233021.996	233	939.995	1	4	5	2	3	14523	0	1000	1192	508	0	1	4	5	2	3	1512	1778	2026	2288	2590	6000	5000	1	1	1	1	1	1
7	41	0	5	1000	238020	238020.014	238	938.016	3	2	4	5	1	32451	0	1000	1148	618	0	3	2	4	5	1	1622	1846	2126	2372	2650	6000	5000	1	1	1	1	1	1
7	42	0	5	1000	243020	243020.025	243	936.032	1	4	5	2	3	14523	0	1000	1118	456	0	1	4	5	2	3	1460	1730	1946	2194	2470	6000	5000	1	1	1	1	1	1
7	43	1	5	1000	248020	248020.01	248	933.985	3	5	1	2	4	35124	0	1000	1114	482	0	3	5	1	2	4	1486	1708	1942	2198	2446	6000	5000	1	1	1	1	1	1
7	44	1	5	1000	253020	253021.992	253	933.996	1	3	2	5	4	13254	0	1000	1058	608	0	1	3	2	5	4	1612	1856	2092	2318	2544	6000	5000	1	1	1	1	1	1
7	45	0	5	1000	258020	258021.995	258	931.985	3	5	1	2	4	35124	0	1000	1102	594	0	3	5	1	2	4	1598	1816	2056	2320	2594	6000	5000	1	1	1	1	1	1
7	46	0	5	1000	263020	263021.996	263	930.019	3	2	4	5	1	32451	0	1000	1170	560	0	3	2	4	5	1	1564	1792	2066	2306	2574	6000	5000	1	1	1	1	1	1
7	47	1	5	1000	268020	268020.001	268	926.015	1	4	5	2	3	14523	0	1000	1154	594	0	1	4	5	2	3	1598	1870	2102	2354	2628	6000	5000	1	1	1	1	1	1
7	48	1	5	1000	273020	273021.992	273	925.811	3	5	1	2	4	35124	0	1000	1220	632	0	3	5	1	2	4	1636	1968	2216	2478	2712	6000	5000	1	1	1	1	1	1
7	49	0	5	1000	278020	285830.605	278	8734.612	3	5	1	2	4	35124	0	1000	1120	604	0	3	5	1	2	4	1608	1852	2078	2336	2614	6000	5000	1	1	1	1	1	1
7	50	1	5	1000	283020	283020.001	283	922.005	1	3	2	5	4	13254	0	1000	1130	572	0	1	3	2	5	4	1576	1824	2068	2318	2592	6000	5000	1	1	1	1	1	1
7	51	0	5	1000	288020	288020.002	288	920.007	1	3	2	5	4	13254	0	16000	1430	490	0	1	3	2	5	4	1494	1884	2218	2506	2808	6000	5000	1	1	1	1	1	1
7	52	0	5	1000	308020	308021.995	308	914	1	3	2	5	4	13254	0	1000	1218	750	0	1	3	2	5	4	1754	2040	2314	2574	2854	6000	5000	1	1	1	1	1	1
7	53	0	5	1000	313020	313022.001	313	913.99	1	4	5	2	3	14523	0	1000	1152	628	0	1	4	5	2	3	1632	1900	2130	2392	2682	6000	5000	1	1	1	1	1	1
7	54	1	5	1000	318020	318022.003	318	912.002	1	3	2	5	4	13254	0	1000	1224	634	0	1	3	2	5	4	1638	1920	2182	2436	2734	6000	5000	1	1	1	1	1	1
7	55	0	5	1000	323020	323020.008	323	908.014	1	4	5	2	3	14523	0	1000	1098	492	0	1	4	5	2	3	1496	1760	1990	2228	2500	6000	5000	1	1	1	1	1	1
7	56	0	5	1000	328020	328021.978	328	907.968	1	4	5	2	3	14523	0	1000	1162	486	0	1	4	5	2	3	1490	1764	2006	2258	2548	6000	5000	1	1	1	1	1	1
7	57	1	5	1000	333020	333021.999	333	906	1	4	5	2	3	14523	0	1000	1150	534	0	1	4	5	2	3	1538	1816	2044	2306	2590	6000	5000	1	1	1	1	1	1
7	58	0	5	1000	338020	338021.995	338	903.988	1	3	2	5	4	13254	0	1000	1160	498	0	1	3	2	5	4	1502	1762	2012	2272	2532	6000	5000	1	1	1	1	1	1
7	59	1	5	1000	343020	343021.999	343	901.981	1	4	5	2	3	14523	0	1000	1126	554	0	1	4	5	2	3	1558	1832	2072	2318	2578	6000	5000	1	1	1	1	1	1
7	60	0	5	1000	348020	348021.996	348	901.987	1	4	5	2	3	14523	0	1000	1198	540	0	1	4	5	2	3	1544	1832	2098	2354	2636	6000	5000	1	1	1	1	1	1
7	61	1	5	1000	353020	353021.994	353	900.011	3	2	4	5	1	32451	0	1000	1192	556	0	3	2	4	5	1	1560	1774	2050	2302	2560	6000	5000	1	1	1	1	1	1
7	62	0	5	1000	358020	358022	358	897.981	3	2	4	5	1	32451	0	1000	1238	516	0	3	2	4	5	1	1520	1780	2054	2318	2592	6000	5000	1	1	1	1	1	1
7	63	0	5	1000	363020	363020.007	363	894.005	3	5	1	2	4	35124	0	1000	1158	836	0	3	5	1	2	4	1840	2098	2354	2626	2882	6000	5000	1	1	1	1	1	1
7	64	0	5	1000	368020	368020.025	368	892.029	1	4	5	2	3	14523	0	1000	1104	526	0	1	4	5	2	3	1530	1794	2012	2248	2534	6000	5000	1	1	1	1	1	1
7	65	0	5	1000	373020	373021.998	373	892.003	3	2	4	5	1	32451	0	1000	1254	710	0	3	2	4	5	1	1714	1964	2282	2544	2822	6000	5000	1	1	1	1	1	1
7	66	1	5	1000	378020	378022.01	378	890.013	1	3	2	5	4	13254	0	1000	1160	684	0	1	3	2	5	4	1688	1974	2214	2470	2730	6000	5000	1	1	1	1	1	1
7	67	1	5	1000	383020	383020.009	383	888.004	1	4	5	2	3	14523	0	1000	1104	566	0	1	4	5	2	3	1570	1818	2054	2294	2568	6000	5000	1	1	1	1	1	1
7	68	1	5	1000	388020	388020.004	388	886.009	1	4	5	2	3	14523	0	16000	1120	566	0	1	4	5	2	3	1570	1830	2058	2298	2564	6000	5000	1	1	1	1	1	1
8	1	0	5	1000	8020	8021.985	9	17.977	3	2	4	5	1	32451	0	1000	1272	966	0	3	2	4	5	1	1970	2228	2522	2786	3060	6000	5000	1	1	1	1	1	1
8	2	1	5	1000	13020	13020.326	14	14.315	1	3	2	5	4	13254	0	1000	1286	692	0	1	3	2	5	4	1696	2030	2292	2552	2870	6000	5000	1	1	1	1	1	1
8	3	1	5	1000	18020	18021.965	19	13.981	3	2	4	5	1	32451	0	1000	1172	520	0	3	2	4	5	1	1524	1762	2024	2248	2508	6000	5000	1	1	1	1	1	1
8	4	1	5	1000	23020	23020.01	24	9.995	3	5	1	2	4	35124	0	1000	1132	496	0	3	5	1	2	4	1500	1736	1972	2254	2514	6000	5000	1	1	1	1	1	1
8	5	0	5	1000	28020	28022.005	29	10.01	1	4	5	2	3	14523	0	1000	1108	538	0	1	4	5	2	3	1542	1802	2032	2276	2540	6000	5000	1	1	1	1	1	1
8	6	1	5	1000	33020	33020.01	34	6	3	5	1	2	4	35124	0	1000	1172	556	0	3	5	1	2	4	1560	1812	2042	2336	2612	6000	5000	1	1	1	1	1	1
8	7	0	5	1000	38020	38021.997	39	5.964	1	3	2	5	4	13254	0	1000	1206	626	0	1	3	2	5	4	1630	1902	2162	2432	2716	6000	5000	1	1	1	1	1	1
8	8	0	5	1000	43020	43022.109	44	6.102	1	3	2	5	4	13254	0	1000	1348	558	0	1	3	2	5	4	1562	1850	2148	2426	2770	6000	5000	1	1	1	1	1	1
8	9	1	5	1000	48020	48020.01	49	2.012	3	5	1	2	4	35124	0	1000	1150	588	0	3	5	1	2	4	1592	1840	2062	2322	2586	6000	5000	1	1	1	1	1	1
8	10	1	5	1000	53020	53021.996	54	2.002	3	5	1	2	4	35124	0	1000	1166	582	0	3	5	1	2	4	1586	1858	2086	2360	2622	6000	5000	1	1	1	1	1	1
8	11	1	5	1000	58020	58022.089	59	0	1	3	2	5	4	13254	0	1000	1464	542	0	1	3	2	5	4	1546	2044	2332	2610	2902	6000	5000	1	1	1	1	1	1
8	12	0	5	1000	63020	63020.025	63	996.024	1	4	5	2	3	14523	0	1000	1398	696	0	1	4	5	2	3	1700	2014	2364	2672	2998	6000	5000	1	1	1	1	1	1
8	13	1	5	1000	68020	68020.024	68	996.038	3	2	4	5	1	32451	0	1000	1208	502	0	3	2	4	5	1	1506	1750	2028	2290	2562	6000	5000	1	1	1	1	1	1
8	14	0	5	1000	73020	73020	73	993.882	1	4	5	2	3	14523	0	1000	1256	442	0	1	4	5	2	3	1446	1884	2100	2356	2610	6000	5000	1	1	1	1	1	1
8	15	0	5	1000	78020	78020.011	78	991.997	1	3	2	5	4	13254	0	1000	1618	632	0	1	3	2	5	4	1636	1944	2324	2780	3130	6000	5000	1	1	1	1	1	1
8	16	0	5	1000	83020	83020.008	83	990.011	3	2	4	5	1	32451	0	1000	1150	568	0	3	2	4	5	1	1572	1806	2076	2306	2560	6000	5000	1	1	1	1	1	1
8	17	1	5	1000	88020	88020.012	88	987.994	3	2	4	5	1	32451	0	16000	1180	596	0	3	2	4	5	1	1600	1834	2116	2362	2616	6000	5000	1	1	1	1	1	1
8	18	1	5	1000	108020	108020.005	108	981.936	3	2	4	5	1	32451	0	1000	1194	666	0	3	2	4	5	1	1670	1914	2194	2452	2706	6000	5000	1	1	1	1	1	1
8	19	0	5	1000	113020	113020.021	113	980.021	3	2	4	5	1	32451	0	1000	1184	548	0	3	2	4	5	1	1552	1792	2074	2330	2568	6000	5000	1	1	1	1	1	1
8	20	1	5	1000	118020	118021.998	118	980.013	1	4	5	2	3	14523	0	1000	1158	548	0	1	4	5	2	3	1552	1824	2072	2318	2604	6000	5000	1	1	1	1	1	1
8	21	1	5	1000	123020	123021.996	123	977.93	1	3	2	5	4	13254	0	1000	1188	524	0	1	3	2	5	4	1528	1808	2058	2318	2584	6000	5000	1	1	1	1	1	1
8	22	0	5	1000	128020	128022.004	128	976.008	3	2	4	5	1	32451	0	1000	1170	542	0	3	2	4	5	1	1546	1784	2060	2296	2550	6000	5000	1	1	1	1	1	1
8	23	0	5	1000	133020	133020.018	133	972.009	3	5	1	2	4	35124	0	1000	1174	560	0	3	5	1	2	4	1564	1792	2040	2340	2604	6000	5000	1	1	1	1	1	1
8	24	1	5	1000	138020	138020.043	138	970.033	1	3	2	5	4	13254	0	1000	1202	518	0	1	3	2	5	4	1522	1800	2060	2312	2592	6000	5000	1	1	1	1	1	1
8	25	1	5	1000	143020	143022.11	143	972.086	1	3	2	5	4	13254	0	1000	1156	746	0	1	3	2	5	4	1750	2022	2284	2528	2780	6000	5000	1	1	1	1	1	1
8	26	0	5	1000	148020	148022.098	148	970.101	3	5	1	2	4	35124	0	1000	1082	526	0	3	5	1	2	4	1530	1758	1992	2242	2494	6000	5000	1	1	1	1	1	1
8	27	0	5	1000	153020	153020.014	153	966.016	3	5	1	2	4	35124	0	1000	1140	484	0	3	5	1	2	4	1488	1734	1996	2248	2514	6000	5000	1	1	1	1	1	1
8	28	0	5	1000	158020	158021.996	158	966.012	1	3	2	5	4	13254	0	1000	1172	532	0	1	3	2	5	4	1536	1814	2062	2330	2588	6000	5000	1	1	1	1	1	1
8	29	1	5	1000	163020	163022.013	163	964.009	1	4	5	2	3	14523	0	1000	1102	610	0	1	4	5	2	3	1614	1888	2118	2352	2604	6000	5000	1	1	1	1	1	1
8	30	1	5	1000	168020	168021.997	168	961.999	3	5	1	2	4	35124	0	1000	1156	426	0	3	5	1	2	4	1430	1670	1904	2168	2472	6000	5000	1	1	1	1	1	1
8	31	0	5	1000	173020	173021.999	173	960.001	3	2	4	5	1	32451	0	1000	1248	548	0	3	2	4	5	1	1552	1812	2086	2374	2638	6000	5000	1	1	1	1	1	1
8	32	0	5	1000	178020	178021.997	178	959.956	1	3	2	5	4	13254	0	1000	1172	566	0	1	3	2	5	4	1570	1830	2090	2350	2630	6000	5000	1	1	1	1	1	1
8	33	0	5	1000	183020	183020.008	183	955.999	1	4	5	2	3	14523	0	1000	1264	514	0	1	4	5	2	3	1518	1788	2054	2350	2682	6000	5000	1	1	1	1	1	1
8	34	1	5	1000	188020	188022.001	188	955.976	1	4	5	2	3	14523	0	16000	1170	508	0	1	4	5	2	3	1512	1776	2024	2274	2580	6000	5000	1	1	1	1	1	1
8	35	1	5	1000	208020	208020.019	208	945.982	1	4	5	2	3	14523	0	1000	1154	648	0	1	4	5	2	3	1652	1920	2178	2416	2688	6000	5000	1	1	1	1	1	1
8	36	0	5	1000	213020	213021.984	213	947.974	1	4	5	2	3	14523	0	1000	1114	726	0	1	4	5	2	3	1730	1990	2214	2468	2740	6000	5000	1	1	1	1	1	1
8	37	0	5	1000	218020	218021.998	218	945.99	1	4	5	2	3	14523	0	1000	1296	524	0	1	4	5	2	3	1528	1892	2180	2448	2724	6000	5000	1	1	1	1	1	1
8	38	0	5	1000	223020	223020.008	223	942.013	3	5	1	2	4	35124	0	1000	1144	596	0	3	5	1	2	4	1600	1844	2090	2352	2624	6000	5000	1	1	1	1	1	1
8	39	1	5	1000	228020	228021.986	228	941.999	1	4	5	2	3	14523	0	1000	1114	616	0	1	4	5	2	3	1620	1854	2118	2350	2630	6000	5000	1	1	1	1	1	1
8	40	1	5	1000	233020	233021.97	233	939.971	3	2	4	5	1	32451	0	1000	1158	556	0	3	2	4	5	1	1560	1774	2026	2272	2532	6000	5000	1	1	1	1	1	1
8	41	0	5	1000	238020	238021.964	238	937.968	3	5	1	2	4	35124	0	1000	1170	596	0	3	5	1	2	4	1600	1862	2116	2384	2640	6000	5000	1	1	1	1	1	1
8	42	1	5	1000	243020	243021.998	243	935.982	3	2	4	5	1	32451	0	1000	1158	616	0	3	2	4	5	1	1620	1848	2116	2338	2620	6000	5000	1	1	1	1	1	1
8	43	1	5	1000	248020	248020.001	248	934.034	1	4	5	2	3	14523	0	1000	1072	528	0	1	4	5	2	3	1532	1788	1996	2232	2496	6000	5000	1	1	1	1	1	1
8	44	0	5	1000	253020	253021.985	253	933.961	1	3	2	5	4	13254	0	1000	1316	574	0	1	3	2	5	4	1578	1862	2172	2470	2762	6000	5000	1	1	1	1	1	1
8	45	1	5	1000	258020	258020.005	258	929.986	3	2	4	5	1	32451	0	1000	1170	610	0	3	2	4	5	1	1614	1848	2130	2386	2650	6000	5000	1	1	1	1	1	1
8	46	0	5	1000	263020	263021.963	263	929.968	1	3	2	5	4	13254	0	1000	1296	500	0	1	3	2	5	4	1504	1792	2092	2384	2676	6000	5000	1	1	1	1	1	1
8	47	0	5	1000	268020	268021.99	268	927.992	3	5	1	2	4	35124	0	1000	1138	608	0	3	5	1	2	4	1612	1852	2112	2374	2628	6000	5000	1	1	1	1	1	1
8	48	1	5	1000	273020	273020.001	273	924.013	3	5	1	2	4	35124	0	1000	1140	558	0	3	5	1	2	4	1562	1806	2050	2314	2572	6000	5000	1	1	1	1	1	1
8	49	0	5	1000	278020	278020.001	278	921.993	3	5	1	2	4	35124	0	1000	1094	466	0	3	5	1	2	4	1470	1706	1968	2216	2468	6000	5000	1	1	1	1	1	1
8	50	0	5	1000	283020	283021.986	283	924.002	3	2	4	5	1	32451	0	1000	1218	588	0	3	2	4	5	1	1592	1820	2098	2340	2640	6000	5000	1	1	1	1	1	1
8	51	0	5	1000	288020	288021.965	288	921.974	1	4	5	2	3	14523	0	16000	1098	490	0	1	4	5	2	3	1494	1754	1982	2230	2486	6000	5000	1	1	1	1	1	1
8	52	0	5	1000	308020	308021.983	308	913.971	1	4	5	2	3	14523	0	1000	1276	688	0	1	4	5	2	3	1692	2000	2268	2540	2828	6000	5000	1	1	1	1	1	1
8	53	0	5	1000	313020	313022.008	313	912.025	3	2	4	5	1	32451	0	1000	1222	566	0	3	2	4	5	1	1570	1812	2086	2340	2624	6000	5000	1	1	1	1	1	1
8	54	0	5	1000	318020	318021.986	318	911.999	3	2	4	5	1	32451	0	1000	1180	502	0	3	2	4	5	1	1506	1738	2018	2254	2522	6000	5000	1	1	1	1	1	1
8	55	1	5	1000	323020	323022.01	323	910.021	3	5	1	2	4	35124	0	1000	1154	558	0	3	5	1	2	4	1562	1802	2042	2318	2566	6000	5000	1	1	1	1	1	1
8	56	1	5	1000	328020	328021.98	328	907.996	3	2	4	5	1	32451	0	1000	1178	520	0	3	2	4	5	1	1524	1780	2034	2248	2494	6000	5000	1	1	1	1	1	1
8	57	1	5	1000	333020	333021.982	333	905.996	3	2	4	5	1	32451	0	1000	1226	616	0	3	2	4	5	1	1620	1884	2154	2394	2678	6000	5000	1	1	1	1	1	1
8	58	1	5	1000	338020	338021.987	338	904.001	1	3	2	5	4	13254	0	1000	1188	618	0	1	3	2	5	4	1622	1900	2142	2398	2684	6000	5000	1	1	1	1	1	1
8	59	0	5	1000	343020	343021.998	343	901.993	1	3	2	5	4	13254	0	1000	1932	606	1	4	1	2	5	4	1610	1652	2918	3180	3442	6000	5000	0	1	1	1	1	1
8	60	1	5	1000	348020	348021.989	348	900.003	1	3	2	5	4	13254	0	1000	1182	598	0	1	3	2	5	4	1602	1880	2128	2384	2688	6000	5000	1	1	1	1	1	1
8	61	1	5	1000	353020	353021.987	353	899.989	1	4	5	2	3	14523	0	1000	1140	564	0	1	4	5	2	3	1568	1842	2080	2328	2610	6000	5000	1	1	1	1	1	1
8	62	1	5	1000	358020	358022.001	358	898.005	1	4	5	2	3	14523	0	1000	1182	604	0	1	4	5	2	3	1608	1890	2148	2404	2678	6000	5000	1	1	1	1	1	1
8	63	0	5	1000	363020	363021.998	363	896.014	3	5	1	2	4	35124	0	1000	1190	572	0	3	5	1	2	4	1576	1860	2118	2398	2656	6000	5000	1	1	1	1	1	1
8	64	0	5	1000	368020	368021.987	368	894.003	1	4	5	2	3	14523	0	1000	1170	496	0	1	4	5	2	3	1500	1792	2026	2258	2554	6000	5000	1	1	1	1	1	1
8	65	1	5	1000	373020	373022.001	373	892.007	1	3	2	5	4	13254	0	1000	1146	526	0	1	3	2	5	4	1530	1810	2078	2314	2580	6000	5000	1	1	1	1	1	1
8	66	1	5	1000	378020	378021.97	378	890.002	3	5	1	2	4	35124	0	1000	1132	522	0	3	5	1	2	4	1526	1756	1998	2276	2538	6000	5000	1	1	1	1	1	1
8	67	1	5	1000	383020	383022.002	383	890.019	1	4	5	2	3	14523	0	1000	1218	640	0	1	4	5	2	3	1644	1944	2214	2468	2742	6000	5000	1	1	1	1	1	1
8	68	0	5	1000	388020	388020.04	388	886.051	3	2	4	5	1	32451	0	16000	1208	480	0	3	2	4	5	1	1484	1702	1996	2252	2508	6000	5000	1	1	1	1	1	1
9	1	0	5	1000	8020	8021.989	9	15.99	3	2	4	5	1	32451	0	15000	1280	740	0	3	2	4	5	1	1744	2014	2300	2562	2836	6000	5000	1	1	1	1	1	1
9	2	1	5	1000	27020	27020.017	28	8.047	3	5	1	2	4	35124	0	12000	1194	558	0	3	5	1	2	4	1562	1830	2052	2350	2646	6000	5000	1	1	1	1	1	1
9	3	0	5	1000	43020	43020.025	44	1.994	1	3	2	5	4	13254	0	30000	1216	584	0	1	3	2	5	4	1588	1858	2142	2428	2706	6000	5000	1	1	1	1	1	1
9	4	1	5	1000	77020	77020.008	77	991.997	1	4	5	2	3	14523	0	24000	1200	634	0	1	4	5	2	3	1638	1918	2178	2426	2706	6000	5000	1	1	1	1	1	1
9	5	0	5	1000	105020	105020.008	105	981.998	3	5	1	2	4	35124	0	27000	1114	676	0	3	5	1	2	4	1680	1928	2168	2432	2698	6000	5000	1	1	1	1	1	1
9	6	1	5	1000	136020	136020.018	136	972.001	3	2	4	5	1	32451	0	21000	1198	602	0	3	2	4	5	1	1606	1854	2122	2368	2630	6000	5000	1	1	1	1	1	1
9	7	0	5	1000	161020	161020.026	161	962.026	1	4	5	2	3	14523	0	9000	1152	642	0	1	4	5	2	3	1646	1934	2184	2436	2720	6000	5000	1	1	1	1	1	1
9	8	1	5	1000	174020	174020.024	174	958.031	1	3	2	5	4	13254	0	18000	1190	580	0	1	3	2	5	4	1584	1858	2128	2390	2664	6000	5000	1	1	1	1	1	1
9	9	0	5	1000	196020	196020.003	196	949.995	3	2	4	5	1	32451	0	12000	1154	880	0	3	2	4	5	1	1884	2110	2388	2618	2866	6000	5000	1	1	1	1	1	1
9	10	1	5	1000	212020	212022.009	212	947.895	3	5	1	2	4	35124	0	15000	1020	674	0	3	5	1	2	4	1678	1896	2104	2354	2612	6000	5000	1	1	1	1	1	1
9	11	0	5	1000	231020	231021.999	231	940	1	3	2	5	4	13254	0	27000	1328	646	0	1	3	2	5	4	1650	1948	2242	2570	2880	6000	5000	1	1	1	1	1	1
9	12	1	5	1000	262020	262021.988	262	930.008	1	4	5	2	3	14523	0	18000	1126	682	0	1	4	5	2	3	1686	1956	2190	2434	2702	6000	5000	1	1	1	1	1	1
9	13	0	5	1000	284020	284021.99	284	922.002	3	5	1	2	4	35124	0	21000	1226	728	0	3	5	1	2	4	1732	1996	2290	2570	2858	6000	5000	1	1	1	1	1	1
9	14	1	5	1000	309020	309021.99	309	913.989	3	2	4	5	1	32451	0	24000	1138	624	0	3	2	4	5	1	1628	1880	2144	2360	2592	6000	5000	1	1	1	1	1	1
9	15	0	5	1000	337020	337020.002	337	902.011	1	4	5	2	3	14523	0	30000	1198	590	0	1	4	5	2	3	1594	1896	2144	2406	2670	6000	5000	1	1	1	1	1	1
9	16	1	5	1000	371020	371021.991	371	892.003	1	3	2	5	4	13254	0	9000	1324	670	0	1	3	2	5	4	1674	2024	2326	2586	2882	6000	5000	1	1	1	1	1	1