BN	TN	seqType	Horizon	PrepTime	startTime	startTimeReal	startTRReal	startTRtime	press0	press1	press2	press3	press4	cueP	complete	iti	MT	RT	isError	response0	response1	response2	response3	response4	pressTime0	pressTime1	pressTime2	pressTime3	pressTime4	timeThreshold	timeThresholdSuper	points	Gain1	Gain2	Gain3	Gain4	Gain5
1	1	0	5	1000	8020	8021.989	9	18.002	3	5	1	2	4	35124	0	1000	1156	810	0	3	5	1	2	4	1816	2098	2348	2614	2850	6000	5000	1	1	1	1	1	1
1	2	0	5	1000	13020	13020.013	14	14.021	1	4	5	2	3	14523	0	1000	1144	380	0	1	4	5	2	3	1384	1652	1872	2168	2404	6000	5000	1	1	1	1	1	1
1	3	0	5	1000	18020	18020.023	19	12.023	3	5	1	2	4	35124	0	1000	1176	368	0	3	5	1	2	4	1372	1588	1870	2140	2422	6000	5000	1	1	1	1	1	1
1	4	0	5	1000	23020	23020.004	24	11.926	3	2	4	5	1	32451	0	1000	1212	384	0	3	2	4	5	1	1388	1656	1878	2104	2372	6000	5000	1	1	1	1	1	1
1	5	1	5	1000	28020	28020.002	29	10.002	3	2	4	5	1	32451	0	1000	1110	422	0	3	2	4	5	1	1426	1662	1892	2110	2346	6000	5000	1	1	1	1	1	1
1	6	1	5	1000	33020	33020.012	34	7.903	3	2	4	5	1	32451	0	1000	1092	392	0	3	2	4	5	1	1396	1662	1882	2082	2312	6000	5000	1	1	1	1	1	1
1	7	1	5	1000	38020	38020.024	39	6.038	1	4	5	2	3	14523	0	1000	1106	580	0	1	4	5	2	3	1584	1864	2058	2314	2580	6000	5000	1	1	1	1	1	1
1	8	0	5	1000	43020	43020.011	44	3.997	1	4	5	2	3	14523	0	1000	1026	348	0	1	4	5	2	3	1352	1598	1802	2050	2266	6000	5000	1	1	1	1	1	1
1	9	1	5	1000	48020	48022	49	3.998	3	2	4	5	1	32451	0	1000	1178	412	0	3	2	4	5	1	1416	1682	1916	2136	2416	6000	5000	1	1	1	1	1	1
1	10	1	5	1000	53020	53020.028	54	0	1	3	2	5	4	13254	0	1000	1058	382	0	1	3	2	5	4	1386	1652	1858	2068	2318	6000	5000	1	1	1	1	1	1
1	11	0	5	1000	58020	58020.012	58	1000.014	1	4	5	2	3	14523	0	1000	1004	388	0	1	4	5	2	3	1392	1622	1820	2072	2288	6000	5000	1	1	1	1	1	1
1	12	0	5	1000	63020	63020.113	63	998.115	1	4	5	2	3	14523	0	1000	994	420	0	1	4	5	2	3	1424	1708	1874	2140	2338	6000	5000	1	1	1	1	1	1
1	13	1	5	1000	68020	68020.001	68	996.013	1	4	5	2	3	14523	0	1000	962	470	0	1	4	5	2	3	1474	1724	1910	2142	2342	6000	5000	1	1	1	1	1	1
1	14	1	5	1000	73020	73021.998	73	996	3	5	1	2	4	35124	0	1000	1176	384	0	3	5	1	2	4	1388	1602	1892	2156	2440	6000	5000	1	1	1	1	1	1
1	15	1	5	1000	78020	78020.001	78	991.846	3	2	4	5	1	32451	0	1000	1192	404	0	3	2	4	5	1	1408	1644	1908	2160	2410	6000	5000	1	1	1	1	1	1
1	16	0	5	1000	83020	83020.011	83	990.022	3	2	4	5	1	32451	0	1000	1178	404	0	3	2	4	5	1	1408	1660	1912	2178	2440	6000	5000	1	1	1	1	1	1
1	17	1	5	1000	88020	88021.998	88	991.997	3	5	1	2	4	35124	0	16000	1106	388	0	3	5	1	2	4	1392	1634	1904	2154	2370	6000	5000	1	1	1	1	1	1
1	18	1	5	1000	108020	108020.004	108	982	3	5	1	2	4	35124	0	1000	1708	574	0	3	5	1	2	4	1578	1846	2128	2394	3088	6000	5000	1	1	1	1	1	1
1	19	0	5	1000	113020	113021.988	113	981.986	1	4	5	2	3	14523	0	1000	1378	370	0	1	4	5	2	3	1374	1686	1974	2306	2594	6000	5000	1	1	1	1	1	1
1	20	1	5	1000	118020	118020.022	118	977.909	1	3	2	5	4	13254	0	1000	1348	472	0	1	3	2	5	4	1476	1776	2074	2344	2660	6000	5000	1	1	1	1	1	1
1	21	1	5	1000	123020	123020.002	123	976.002	3	5	1	2	4	35124	0	1000	1240	494	0	3	5	1	2	4	1498	1728	2028	2328	2628	6000	5000	1	1	1	1	1	1
1	22	1	5	1000	128020	128021.999	128	977.998	1	3	2	5	4	13254	0	1000	1364	906	0	1	3	2	5	4	1910	2222	2514	2846	3128	6000	5000	1	1	1	1	1	1
1	23	0	5	1000	133020	133020.008	133	974.01	3	5	1	2	4	35124	0	1000	1312	472	0	3	5	1	2	4	1476	1760	2064	2362	2660	6000	5000	1	1	1	1	1	1
1	24	0	5	1000	138020	138020.132	138	972.133	3	5	1	2	4	35124	0	1000	1260	388	0	3	5	1	2	4	1392	1646	1946	2240	2524	6000	5000	1	1	1	1	1	1
1	25	1	5	1000	143020	143020.002	143	969.99	1	3	2	5	4	13254	0	1000	1264	372	0	1	3	2	5	4	1376	1666	1964	2214	2500	6000	5000	1	1	1	1	1	1
1	26	0	5	1000	148020	148020.002	148	967.999	3	2	4	5	1	32451	0	1000	1328	392	0	3	2	4	5	1	1396	1682	1964	2210	2492	6000	5000	1	1	1	1	1	1
1	27	0	5	1000	153020	153022.001	153	968.014	3	2	4	5	1	32451	0	1000	1280	402	0	3	2	4	5	1	1406	1678	1958	2212	2476	6000	5000	1	1	1	1	1	1
1	28	1	5	1000	158020	158020.012	158	964.015	1	3	2	5	4	13254	0	1000	1158	526	0	1	3	2	5	4	1530	1792	2046	2276	2524	6000	5000	1	1	1	1	1	1
1	29	1	5	1000	163020	163020.052	163	964.051	1	3	2	5	4	13254	0	1000	1154	374	0	1	3	2	5	4	1378	1646	1908	2126	2374	6000	5000	1	1	1	1	1	1
1	30	1	5	1000	168020	168022.002	168	964.002	1	4	5	2	3	14523	0	1000	1146	438	0	1	4	5	2	3	1442	1726	1954	2228	2474	6000	5000	1	1	1	1	1	1
1	31	0	5	1000	173020	173022.014	173	962.013	1	3	2	5	4	13254	0	1000	1140	404	0	1	3	2	5	4	1408	1678	1940	2156	2410	6000	5000	1	1	1	1	1	1
1	32	1	5	1000	178020	178020.001	178	957.986	1	3	2	5	4	13254	0	1000	1166	412	0	1	3	2	5	4	1416	1692	1950	2196	2446	6000	5000	1	1	1	1	1	1
1	33	1	5	1000	183020	183020.012	183	955.957	3	2	4	5	1	32451	0	1000	1138	510	0	3	2	4	5	1	1514	1780	2030	2242	2478	6000	5000	1	1	1	1	1	1
1	34	0	5	1000	188020	188022.032	188	956.028	1	4	5	2	3	14523	0	16000	1154	456	0	1	4	5	2	3	1460	1738	1964	2262	2510	6000	5000	1	1	1	1	1	1
1	35	0	5	1000	208020	208022.005	208	950.032	1	4	5	2	3	14523	0	1000	1228	392	0	1	4	5	2	3	1396	1712	1980	2246	2532	6000	5000	1	1	1	1	1	1
1	36	0	5	1000	213020	213020.002	213	946.002	3	2	4	5	1	32451	0	1000	1316	556	0	3	2	4	5	1	1560	1862	2146	2382	2678	6000	5000	1	1	1	1	1	1
1	37	0	5	1000	218020	218020.01	218	944.021	1	3	2	5	4	13254	0	1000	1292	376	0	1	3	2	5	4	1380	1686	1998	2248	2512	6000	5000	1	1	1	1	1	1
1	38	1	5	1000	223020	223021.985	223	944.003	3	5	1	2	4	35124	0	1000	1278	476	0	3	5	1	2	4	1480	1746	2016	2294	2564	6000	5000	1	1	1	1	1	1
1	39	0	5	1000	228020	228021.981	228	942.002	1	3	2	5	4	13254	0	1000	1198	558	0	1	3	2	5	4	1562	1830	2098	2328	2616	6000	5000	1	1	1	1	1	1
1	40	0	5	1000	233020	233021.98	233	942.007	3	5	1	2	4	35124	0	1000	1224	446	0	3	5	1	2	4	1450	1694	1966	2258	2528	6000	5000	1	1	1	1	1	1
1	41	1	5	1000	238020	238021.976	238	939.996	1	4	5	2	3	14523	0	1000	1148	376	0	1	4	5	2	3	1380	1666	1886	2148	2380	6000	5000	1	1	1	1	1	1
1	42	0	5	1000	243020	243021.984	243	938.007	3	5	1	2	4	35124	0	1000	1188	432	0	3	5	1	2	4	1436	1666	1932	2198	2464	6000	5000	1	1	1	1	1	1
1	43	1	5	1000	248020	248021.988	248	936.008	3	5	1	2	4	35124	0	1000	1176	364	0	3	5	1	2	4	1368	1618	1868	2118	2352	6000	5000	1	1	1	1	1	1
1	44	1	5	1000	253020	253021.979	253	934.002	3	5	1	2	4	35124	0	1000	1212	378	0	3	5	1	2	4	1382	1616	1882	2150	2420	6000	5000	1	1	1	1	1	1
1	45	0	5	1000	258020	258021.99	258	931.995	3	5	1	2	4	35124	0	1000	1232	426	0	3	5	1	2	4	1430	1670	1948	2230	2486	6000	5000	1	1	1	1	1	1
1	46	1	5	1000	263020	263021.978	263	930.003	3	2	4	5	1	32451	0	1000	1144	498	0	3	2	4	5	1	1502	1754	2014	2224	2450	6000	5000	1	1	1	1	1	1
1	47	1	5	1000	268020	268021.991	268	929.998	3	5	1	2	4	35124	0	1000	1192	430	0	3	5	1	2	4	1434	1650	1904	2168	2434	6000	5000	1	1	1	1	1	1
1	48	0	5	1000	273020	273020.002	273	926.024	3	2	4	5	1	32451	0	1000	1228	516	0	3	2	4	5	1	1520	1788	2038	2266	2502	6000	5000	1	1	1	1	1	1
1	49	1	5	1000	278020	278021.998	278	926.013	1	4	5	2	3	14523	0	1000	1240	498	0	1	4	5	2	3	1502	1770	1986	2254	2538	6000	5000	1	1	1	1	1	1
1	50	1	5	1000	283020	283021.977	283	924.005	3	2	4	5	1	32451	0	1000	1230	416	0	3	2	4	5	1	1420	1684	1952	2186	2420	6000	5000	1	1	1	1	1	1
1	51	0	5	1000	288020	288021.977	288	922.005	3	5	1	2	4	35124	0	16000	1184	396	0	3	5	1	2	4	1400	1638	1886	2154	2418	6000	5000	1	1	1	1	1	1
1	52	0	5	1000	308020	308021.997	308	916.006	3	5	1	2	4	35124	0	1000	1216	350	0	3	5	1	2	4	1354	1594	1876	2148	2396	6000	5000	1	1	1	1	1	1
1	53	0	5	1000	313020	313021.973	313	913.999	1	3	2	5	4	13254	0	1000	1244	356	0	1	3	2	5	4	1360	1676	1964	2194	2446	6000	5000	1	1	1	1	1	1
1	54	0	5	1000	318020	318021.98	318	911.996	3	2	4	5	1	32451	0	1000	1178	424	0	3	2	4	5	1	1428	1678	1950	2178	2398	6000	5000	1	1	1	1	1	1
1	55	0	5	1000	323020	323021.988	323	912.012	1	4	5	2	3	14523	0	1000	1110	360	0	1	4	5	2	3	1364	1630	1846	2082	2314	6000	5000	1	1	1	1	1	1
1	56	0	5	1000	328020	328022	328	908.02	1	3	2	5	4	13254	0	1000	1328	330	0	1	3	2	5	4	1334	1600	1914	2300	2520	6000	5000	1	1	1	1	1	1
1	57	1	5	1000	333020	333021.987	333	906.014	1	4	5	2	3	14523	0	1000	1138	418	0	1	4	5	2	3	1422	1706	1920	2164	2406	6000	5000	1	1	1	1	1	1
1	58	1	5	1000	338020	338022.021	338	906.034	1	4	5	2	3	14523	0	1000	1130	366	0	1	4	5	2	3	1370	1640	1852	2090	2352	6000	5000	1	1	1	1	1	1
1	59	1	5	1000	343020	343021.994	343	904.021	1	3	2	5	4	13254	0	1000	1146	514	0	1	3	2	5	4	1518	1786	2022	2272	2488	6000	5000	1	1	1	1	1	1
1	60	0	5	1000	348020	348021.981	348	902.013	1	3	2	5	4	13254	0	1000	1146	382	0	1	3	2	5	4	1386	1638	1908	2134	2374	6000	5000	1	1	1	1	1	1
1	61	0	5	1000	353020	353021.985	353	899.992	1	3	2	5	4	13254	0	1000	1160	416	0	1	3	2	5	4	1420	1690	1968	2174	2426	6000	5000	1	1	1	1	1	1
1	62	1	5	1000	358020	358021.974	358	898.004	3	2	4	5	1	32451	0	1000	1178	534	0	3	2	4	5	1	1538	1806	2052	2242	2486	6000	5000	1	1	1	1	1	1
1	63	0	5	1000	363020	363021.988	363	896	1	3	2	5	4	13254	0	1000	1264	418	0	1	3	2	5	4	1422	1712	1984	2238	2490	6000	5000	1	1	1	1	1	1
1	64	0	5	1000	368020	368021.984	368	893.985	1	4	5	2	3	14523	0	1000	1226	454	0	1	4	5	2	3	1458	1790	2090	2352	2548	6000	5000	1	1	1	1	1	1
1	65	1	5	1000	373020	373021.983	373	893.999	3	5	1	2	4	35124	0	1000	1112	484	0	3	5	1	2	4	1488	1712	1978	2240	2462	6000	5000	1	1	1	1	1	1
1	66	1	5	1000	378020	378022.002	378	892.019	1	4	5	2	3	14523	0	1000	1146	424	0	1	4	5	2	3	1428	1680	1910	2162	2426	6000	5000	1	1	1	1	1	1
1	67	0	5	1000	383020	383021.973	383	889.96	3	2	4	5	1	32451	0	1000	1176	392	0	3	2	4	5	1	1396	1646	1908	2118	2378	6000	5000	1	1	1	1	1	1
1	68	0	5	1000	388020	388021.977	388	887.998	3	5	1	2	4	35124	0	16000	1190	396	0	3	5	1	2	4	1400	1632	1896	2198	2434	6000	5000	1	1	1	1	1	1
2	1	1	5	1000	8020	8020.011	9	14.012	1	3	2	5	4	13254	0	1000	1240	672	0	1	3	2	5	4	1676	1974	2270	2492	2760	6000	5000	1	1	1	1	1	1
2	2	1	5	1000	13020	13021.99	14	14	3	5	1	2	4	35124	0	1000	1098	368	0	3	5	1	2	4	1372	1592	1842	2106	2324	6000	5000	1	1	1	1	1	1
2	3	1	5	1000	18020	18021.989	19	13.99	3	2	4	5	1	32451	0	1000	1110	424	0	3	2	4	5	1	1428	1674	1940	2124	2326	6000	5000	1	1	1	1	1	1
2	4	0	5	1000	23020	23021.99	24	11.998	3	2	4	5	1	32451	0	1000	1198	440	0	3	2	4	5	1	1444	1694	1964	2176	2396	6000	5000	1	1	1	1	1	1
2	5	1	5	1000	28020	28022.009	29	10.038	3	2	4	5	1	32451	0	1000	1166	388	0	3	2	4	5	1	1392	1630	1898	2128	2330	6000	5000	1	1	1	1	1	1
2	6	0	5	1000	33020	33020.014	34	6.013	1	3	2	5	4	13254	0	1000	1226	412	0	1	3	2	5	4	1416	1702	2002	2232	2466	6000	5000	1	1	1	1	1	1
2	7	1	5	1000	38020	38021.997	39	5.997	1	3	2	5	4	13254	0	1000	1064	410	0	1	3	2	5	4	1414	1660	1884	2096	2314	6000	5000	1	1	1	1	1	1
2	8	1	5	1000	43020	43021.99	44	3.999	3	2	4	5	1	32451	0	1000	1160	378	0	3	2	4	5	1	1382	1586	1862	2052	2286	6000	5000	1	1	1	1	1	1
2	9	1	5	1000	48020	48021.986	49	3.971	1	3	2	5	4	13254	0	1000	1142	352	0	1	3	2	5	4	1356	1614	1836	2064	2322	6000	5000	1	1	1	1	1	1
2	10	0	5	1000	53020	53020.013	54	0	1	3	2	5	4	13254	0	1000	1130	416	0	1	3	2	5	4	1420	1688	1942	2168	2422	6000	5000	1	1	1	1	1	1
2	11	1	5	1000	58020	58021.999	59	0	3	2	4	5	1	32451	0	1000	1246	346	0	3	2	4	5	1	1350	1588	1866	2082	2322	6000	5000	1	1	1	1	1	1
2	12	0	5	1000	63020	63021.99	63	997.975	3	5	1	2	4	35124	0	1000	1132	414	0	3	5	1	2	4	1418	1620	1858	2136	2382	6000	5000	1	1	1	1	1	1
2	13	1	5	1000	68020	68021.989	68	995.991	3	2	4	5	1	32451	0	1000	1218	380	0	3	2	4	5	1	1384	1610	1888	2090	2340	6000	5000	1	1	1	1	1	1
2	14	0	5	1000	73020	73022.031	73	994.031	1	4	5	2	3	14523	0	1000	1158	438	0	1	4	5	2	3	1442	1724	1952	2186	2440	6000	5000	1	1	1	1	1	1
2	15	1	5	1000	78020	78020.009	78	991.891	1	4	5	2	3	14523	0	1000	1204	392	0	1	4	5	2	3	1396	1690	1912	2182	2416	6000	5000	1	1	1	1	1	1
2	16	0	5	1000	83020	83021.985	83	991.985	3	5	1	2	4	35124	0	1000	1288	432	0	3	5	1	2	4	1436	1662	1930	2246	2540	6000	5000	1	1	1	1	1	1
2	17	0	5	1000	88020	88022.021	88	990.021	1	3	2	5	4	13254	0	16000	1208	378	0	1	3	2	5	4	1382	1660	1908	2126	2362	6000	5000	1	1	1	1	1	1
2	18	0	5	1000	108020	108021.999	108	981.977	1	3	2	5	4	13254	0	1000	1214	588	0	1	3	2	5	4	1592	1890	2162	2388	2640	6000	5000	1	1	1	1	1	1
2	19	0	5	1000	113020	113021.999	113	981.867	1	3	2	5	4	13254	0	1000	840	508	1	1	3	1	1	2	1512	1814	1914	1948	2098	6000	5000	0	1	1	1	1	1
2	20	1	5	1000	118020	118020	118	977.989	3	5	1	2	4	35124	0	1000	1142	582	0	3	5	1	2	4	1586	1820	2082	2348	2584	6000	5000	1	1	1	1	1	1
2	21	0	5	1000	123020	123022	123	978.001	1	4	5	2	3	14523	0	1000	1308	432	0	1	4	5	2	3	1436	1736	2002	2366	2634	6000	5000	1	1	1	1	1	1
2	22	0	5	1000	128020	128021.988	128	975.968	3	2	4	5	1	32451	0	1000	1208	418	0	3	2	4	5	1	1422	1674	1960	2172	2422	6000	5000	1	1	1	1	1	1
2	23	0	5	1000	133020	133020.001	133	972.005	3	5	1	2	4	35124	0	1000	1196	386	0	3	5	1	2	4	1390	1626	1894	2178	2458	6000	5000	1	1	1	1	1	1
2	24	1	5	1000	138020	138020.027	138	970.015	3	5	1	2	4	35124	0	1000	1208	394	0	3	5	1	2	4	1398	1614	1864	2142	2426	6000	5000	1	1	1	1	1	1
2	25	1	5	1000	143020	143020.022	143	968.001	3	5	1	2	4	35124	0	1000	1142	392	0	3	5	1	2	4	1396	1618	1864	2116	2380	6000	5000	1	1	1	1	1	1
2	26	1	5	1000	148020	148020.056	148	966.031	1	3	2	5	4	13254	0	1000	1130	462	0	1	3	2	5	4	1466	1732	1952	2200	2466	6000	5000	1	1	1	1	1	1
2	27	0	5	1000	153020	153020.022	153	966.011	3	2	4	5	1	32451	0	1000	1298	394	0	3	2	4	5	1	1398	1652	1934	2200	2468	6000	5000	1	1	1	1	1	1
2	28	1	5	1000	158020	158020.009	158	964.037	3	5	1	2	4	35124	0	1000	1128	466	0	3	5	1	2	4	1470	1686	1938	2206	2452	6000	5000	1	1	1	1	1	1
2	29	0	5	1000	163020	163022.001	163	964	3	2	4	5	1	32451	0	1000	1232	364	0	3	2	4	5	1	1368	1604	1872	2120	2354	6000	5000	1	1	1	1	1	1
2	30	1	5	1000	168020	168020.008	168	959.995	1	4	5	2	3	14523	0	1000	1080	418	0	1	4	5	2	3	1422	1708	1924	2142	2362	6000	5000	1	1	1	1	1	1
2	31	1	5	1000	173020	173022.007	173	960.005	1	4	5	2	3	14523	0	1000	1164	452	0	1	4	5	2	3	1456	1740	1940	2224	2442	6000	5000	1	1	1	1	1	1
2	32	1	5	1000	178020	178020.013	178	956.016	3	5	1	2	4	35124	0	1000	1210	406	0	3	5	1	2	4	1410	1640	1878	2178	2444	6000	5000	1	1	1	1	1	1
2	33	0	5	1000	183020	183022.002	183	956.002	1	3	2	5	4	13254	0	1000	746	420	1	1	3	1	1	2	1424	1682	1780	1898	1958	6000	5000	0	1	1	1	1	1
2	34	0	5	1000	188020	188020.009	188	954.009	1	4	5	2	3	14523	0	16000	1108	562	0	1	4	5	2	3	1566	1864	2096	2346	2564	6000	5000	1	1	1	1	1	1
2	35	0	5	1000	208020	208020.037	208	946.027	1	4	5	2	3	14523	0	1000	1260	434	0	1	4	5	2	3	1438	1754	2032	2290	2554	6000	5000	1	1	1	1	1	1
2	36	0	5	1000	213020	213021.999	213	945.987	1	4	5	2	3	14523	0	1000	1212	402	0	1	4	5	2	3	1406	1694	1938	2208	2488	6000	5000	1	1	1	1	1	1
2	37	0	5	1000	218020	218021.999	218	943.984	3	5	1	2	4	35124	0	1000	1182	400	0	3	5	1	2	4	1404	1640	1890	2190	2458	6000	5000	1	1	1	1	1	1
2	38	0	5	1000	223020	223020.009	223	941.895	3	2	4	5	1	32451	0	1000	1310	408	0	3	2	4	5	1	1412	1646	1930	2210	2464	6000	5000	1	1	1	1	1	1
2	39	0	5	1000	228020	228021.975	228	941.995	3	2	4	5	1	32451	0	1000	1212	508	0	3	2	4	5	1	1512	1748	2026	2246	2462	6000	5000	1	1	1	1	1	1
2	40	0	5	1000	233020	233021.973	233	940.004	1	3	2	5	4	13254	0	1000	1178	346	0	1	3	2	5	4	1350	1630	1882	2102	2366	6000	5000	1	1	1	1	1	1
2	41	1	5	1000	238020	238021.976	238	937.995	1	4	5	2	3	14523	0	1000	1194	528	0	1	4	5	2	3	1532	1802	2020	2282	2550	6000	5000	1	1	1	1	1	1
2	42	0	5	1000	243020	243021.979	243	936.004	1	3	2	5	4	13254	0	1000	1230	380	0	1	3	2	5	4	1384	1668	1954	2174	2424	6000	5000	1	1	1	1	1	1
2	43	0	5	1000	248020	248021.987	248	934.007	3	2	4	5	1	32451	0	1000	1198	382	0	3	2	4	5	1	1386	1610	1876	2122	2356	6000	5000	1	1	1	1	1	1
2	44	1	5	1000	253020	253021.981	253	932.005	1	3	2	5	4	13254	0	1000	1198	368	0	1	3	2	5	4	1372	1642	1890	2106	2372	6000	5000	1	1	1	1	1	1
2	45	1	5	1000	258020	258021.972	258	931.994	1	3	2	5	4	13254	0	1000	1142	374	0	1	3	2	5	4	1378	1648	1880	2106	2330	6000	5000	1	1	1	1	1	1
2	46	0	5	1000	263020	263021.981	263	929.999	3	5	1	2	4	35124	0	1000	1202	402	0	3	5	1	2	4	1406	1644	1882	2162	2428	6000	5000	1	1	1	1	1	1
2	47	1	5	1000	268020	268021.984	268	928.006	1	4	5	2	3	14523	0	1000	1228	396	0	1	4	5	2	3	1400	1678	1894	2194	2480	6000	5000	1	1	1	1	1	1
2	48	0	5	1000	273020	273021.999	273	926.011	3	2	4	5	1	32451	0	1000	1212	362	0	3	2	4	5	1	1366	1632	1902	2148	2370	6000	5000	1	1	1	1	1	1
2	49	0	5	1000	278020	278022.014	278	924.012	1	4	5	2	3	14523	0	1000	1158	368	0	1	4	5	2	3	1372	1664	1914	2168	2416	6000	5000	1	1	1	1	1	1
2	50	0	5	1000	283020	283021.979	283	924.004	1	3	2	5	4	13254	0	1000	1314	410	0	1	3	2	5	4	1414	1698	1970	2202	2488	6000	5000	1	1	1	1	1	1
2	51	0	5	1000	288020	288021.971	288	919.991	3	5	1	2	4	35124	0	16000	1248	446	0	3	5	1	2	4	1450	1684	1936	2240	2522	6000	5000	1	1	1	1	1	1
2	52	0	5	1000	308020	308021.98	308	914.001	3	5	1	2	4	35124	0	1000	1294	488	0	3	5	1	2	4	1492	1774	2038	2340	2608	6000	5000	1	1	1	1	1	1
2	53	1	5	1000	313020	313021.977	313	912.008	1	3	2	5	4	13254	0	1000	1242	474	0	1	3	2	5	4	1478	1744	2028	2272	2514	6000	5000	1	1	1	1	1	1
2	54	1	5	1000	318020	318021.976	318	909.926	1	4	5	2	3	14523	0	1000	1194	378	0	1	4	5	2	3	1382	1674	1908	2162	2394	6000	5000	1	1	1	1	1	1
2	55	1	5	1000	323020	323021.974	323	907.997	3	2	4	5	1	32451	0	1000	1248	440	0	3	2	4	5	1	1444	1680	1948	2184	2434	6000	5000	1	1	1	1	1	1
2	56	1	5	1000	328020	328021.975	328	908.001	3	2	4	5	1	32451	0	1000	1228	442	0	3	2	4	5	1	1446	1682	1962	2182	2420	6000	5000	1	1	1	1	1	1
2	57	1	5	1000	333020	333022.002	333	906.027	3	5	1	2	4	35124	0	1000	1142	532	0	3	5	1	2	4	1536	1748	1982	2252	2498	6000	5000	1	1	1	1	1	1
2	58	0	5	1000	338020	338021.977	338	904.002	3	5	1	2	4	35124	0	1000	1074	400	0	3	5	1	2	4	1404	1604	1838	2104	2332	6000	5000	1	1	1	1	1	1
2	59	0	5	1000	343020	343021.983	343	902.014	3	5	1	2	4	35124	0	1000	1180	420	0	3	5	1	2	4	1424	1708	1928	2190	2426	6000	5000	1	1	1	1	1	1
2	60	0	5	1000	348020	348021.975	348	899.986	1	4	5	2	3	14523	0	1000	1084	410	0	1	4	5	2	3	1414	1674	1876	2094	2326	6000	5000	1	1	1	1	1	1
2	61	1	5	1000	353020	353021.972	353	897.988	3	2	4	5	1	32451	0	1000	1196	442	0	3	2	4	5	1	1446	1668	1928	2148	2378	6000	5000	1	1	1	1	1	1
2	62	1	5	1000	358020	358021.979	358	896.005	1	4	5	2	3	14523	0	1000	1162	378	0	1	4	5	2	3	1382	1636	1852	2086	2350	6000	5000	1	1	1	1	1	1
2	63	1	5	1000	363020	363021.974	363	895.999	1	3	2	5	4	13254	0	1000	1260	350	0	1	3	2	5	4	1354	1602	1836	2222	2440	6000	5000	1	1	1	1	1	1
2	64	0	5	1000	368020	368021.981	368	894.01	1	4	5	2	3	14523	0	1000	1130	434	0	1	4	5	2	3	1438	1704	1922	2174	2394	6000	5000	1	1	1	1	1	1
2	65	1	5	1000	373020	373021.988	373	892.013	3	5	1	2	4	35124	0	1000	1076	440	0	3	5	1	2	4	1444	1658	1874	2130	2360	6000	5000	1	1	1	1	1	1
2	66	1	5	1000	378020	378021.969	378	889.984	1	4	5	2	3	14523	0	1000	964	670	0	1	4	5	2	3	1674	1908	2094	2292	2466	6000	5000	1	1	1	1	1	1
2	67	0	5	1000	383020	383021.977	383	888.005	1	4	5	2	3	14523	0	1000	1044	358	0	1	4	5	2	3	1362	1614	1846	2064	2230	6000	5000	1	1	1	1	1	1
2	68	1	5	1000	388020	388021.972	388	885.998	1	3	2	5	4	13254	0	16000	1090	480	0	1	3	2	5	4	1484	1714	1946	2122	2354	6000	5000	1	1	1	1	1	1
3	1	1	5	1000	8020	8020.012	9	16.025	3	2	4	5	1	32451	0	1000	1278	476	0	3	2	4	5	1	1480	1746	2016	2242	2480	6000	5000	1	1	1	1	1	1
3	2	1	5	1000	13020	13021.995	14	15.97	1	3	2	5	4	13254	0	1000	1118	404	0	1	3	2	5	4	1408	1680	1918	2128	2346	6000	5000	1	1	1	1	1	1
3	3	0	5	1000	18020	18020.022	19	12.001	3	2	4	5	1	32451	0	1000	1210	346	0	3	2	4	5	1	1350	1584	1850	2062	2270	6000	5000	1	1	1	1	1	1
3	4	0	5	1000	23020	23020.012	24	9.962	1	4	5	2	3	14523	0	1000	1114	346	0	1	4	5	2	3	1350	1600	1786	2036	2280	6000	5000	1	1	1	1	1	1
3	5	1	5	1000	28020	28021.998	29	9.901	1	3	2	5	4	13254	0	1000	1086	384	0	1	3	2	5	4	1388	1638	1868	2080	2282	6000	5000	1	1	1	1	1	1
3	6	1	5	1000	33020	33020.008	34	6.011	3	2	4	5	1	32451	0	1000	1228	398	0	3	2	4	5	1	1402	1634	1884	2132	2370	6000	5000	1	1	1	1	1	1
3	7	0	5	1000	38020	38020.022	39	4.025	1	3	2	5	4	13254	0	1000	1140	418	0	1	3	2	5	4	1422	1684	1924	2152	2368	6000	5000	1	1	1	1	1	1
3	8	1	5	1000	43020	43020.021	44	3.999	3	5	1	2	4	35124	0	1000	1172	420	0	3	5	1	2	4	1424	1656	1902	2152	2390	6000	5000	1	1	1	1	1	1
3	9	1	5	1000	48020	48020.009	49	2	1	3	2	5	4	13254	0	1000	926	436	1	1	3	1	2	5	1440	1702	1874	1970	2190	6000	5000	0	1	1	1	1	1
3	10	0	5	1000	53020	53022.025	54	2.041	3	5	1	2	4	35124	0	1000	1766	530	1	3	1	1	2	4	1534	1806	2890	3052	3182	6000	5000	0	1	1	1	1	1
3	11	0	5	1000	58020	58020.009	58	998.012	1	3	2	5	4	13254	0	1000	1042	492	0	1	3	2	5	4	1496	1790	2072	2274	2392	6000	5000	1	1	1	1	1	1
3	12	1	5	1000	63020	63020.008	63	996.021	1	3	2	5	4	13254	0	1000	1010	420	0	1	3	2	5	4	1424	1688	1892	2108	2276	6000	5000	1	1	1	1	1	1
3	13	1	5	1000	68020	68020.011	68	994.015	1	3	2	5	4	13254	0	1000	1028	422	0	1	3	2	5	4	1426	1684	1896	2112	2306	6000	5000	1	1	1	1	1	1
3	14	1	5	1000	73020	73020.009	73	994.011	1	4	5	2	3	14523	0	1000	1058	540	0	1	4	5	2	3	1544	1792	2010	2224	2442	6000	5000	1	1	1	1	1	1
3	15	1	5	1000	78020	78020.008	78	991.991	1	3	2	5	4	13254	0	1000	1080	454	0	1	3	2	5	4	1458	1724	1924	2172	2370	6000	5000	1	1	1	1	1	1
3	16	0	5	1000	83020	83021.986	83	991.991	1	4	5	2	3	14523	0	1000	1074	340	0	1	4	5	2	3	1344	1612	1854	2068	2276	6000	5000	1	1	1	1	1	1
3	17	0	5	1000	88020	88020.011	88	988.001	3	2	4	5	1	32451	0	16000	1148	386	0	3	2	4	5	1	1390	1612	1860	2092	2302	6000	5000	1	1	1	1	1	1
3	18	0	5	1000	108020	108022.082	108	984.083	3	2	4	5	1	32451	0	1000	1246	502	0	3	2	4	5	1	1506	1792	2120	2356	2556	6000	5000	1	1	1	1	1	1
3	19	1	5	1000	113020	113020.005	113	980.01	1	4	5	2	3	14523	0	1000	1014	420	0	1	4	5	2	3	1424	1676	1890	2094	2320	6000	5000	1	1	1	1	1	1
3	20	0	5	1000	118020	118022.022	118	980.022	1	4	5	2	3	14523	0	1000	1050	364	0	1	4	5	2	3	1368	1628	1858	2088	2306	6000	5000	1	1	1	1	1	1
3	21	0	5	1000	123020	123020.009	123	976.009	1	3	2	5	4	13254	0	1000	1360	418	0	1	3	2	5	4	1422	1676	1944	2544	2654	6000	5000	1	1	1	1	1	1
3	22	0	5	1000	128020	128021.998	128	975.994	3	2	4	5	1	32451	0	1000	990	490	0	3	2	4	5	1	1494	1722	1956	2154	2308	6000	5000	1	1	1	1	1	1
3	23	0	5	1000	133020	133022	133	973.987	3	5	1	2	4	35124	0	1000	1046	388	0	3	5	1	2	4	1392	1590	1824	2074	2308	6000	5000	1	1	1	1	1	1
3	24	1	5	1000	138020	138020.109	138	970.124	1	4	5	2	3	14523	0	1000	960	504	0	1	4	5	2	3	1508	1758	1958	2174	2360	6000	5000	1	1	1	1	1	1
3	25	1	5	1000	143020	143022.006	143	971.985	3	2	4	5	1	32451	0	1000	1150	382	0	3	2	4	5	1	1386	1612	1874	2090	2296	6000	5000	1	1	1	1	1	1
3	26	0	5	1000	148020	148021.998	148	969.985	3	2	4	5	1	32451	0	1000	1098	418	0	3	2	4	5	1	1422	1642	1894	2108	2308	6000	5000	1	1	1	1	1	1
3	27	1	5	1000	153020	153020.026	153	966.029	1	3	2	5	4	13254	0	1000	1340	492	1	1	1	3	5	4	1496	1796	1828	2560	2694	6000	5000	0	1	1	1	1	1
3	28	1	5	1000	158020	158021.995	158	965.986	3	5	1	2	4	35124	0	1000	974	376	0	3	5	1	2	4	1380	1590	1804	2042	2242	6000	5000	1	1	1	1	1	1
3	29	1	5	1000	163020	163021.983	163	963.977	3	5	1	2	4	35124	0	1000	1094	390	0	3	5	1	2	4	1394	1628	1860	2128	2356	6000	5000	1	1	1	1	1	1
3	30	0	5	1000	168020	168020.009	168	960.012	3	5	1	2	4	35124	0	1000	1126	378	0	3	5	1	2	4	1382	1614	1848	2126	2362	6000	5000	1	1	1	1	1	1
3	31	0	5	1000	173020	173021.999	173	960.007	3	5	1	2	4	35124	0	1000	1280	486	0	3	5	1	2	4	1490	1724	2042	2360	2598	6000	5000	1	1	1	1	1	1
3	32	1	5	1000	178020	178022	178	960.004	1	3	2	5	4	13254	0	1000	1340	442	0	1	3	2	5	4	1446	1776	2144	2408	2628	6000	5000	1	1	1	1	1	1
3	33	0	5	1000	183020	183020.004	183	955.992	1	3	2	5	4	13254	0	1000	1312	392	0	1	3	2	5	4	1396	1794	2112	2358	2566	6000	5000	1	1	1	1	1	1
3	34	1	5	1000	188020	188020.02	188	954.025	1	4	5	2	3	14523	0	16000	1122	380	0	1	4	5	2	3	1384	1676	1896	2132	2364	6000	5000	1	1	1	1	1	1
3	35	1	5	1000	208020	208020.004	208	946.008	1	4	5	2	3	14523	0	1000	1140	568	0	1	4	5	2	3	1572	1852	2084	2316	2536	6000	5000	1	1	1	1	1	1
3	36	1	5	1000	213020	213021.987	213	947.983	1	4	5	2	3	14523	0	1000	1064	396	0	1	4	5	2	3	1400	1654	1880	2102	2322	6000	5000	1	1	1	1	1	1
3	37	0	5	1000	218020	218020.008	218	944.001	3	2	4	5	1	32451	0	1000	1260	354	0	3	2	4	5	1	1358	1590	1876	2124	2324	6000	5000	1	1	1	1	1	1
3	38	1	5	1000	223020	223022	223	943.979	3	5	1	2	4	35124	0	1000	1110	338	0	3	5	1	2	4	1342	1572	1806	2056	2274	6000	5000	1	1	1	1	1	1
3	39	0	5	1000	228020	228021.986	228	941.974	3	2	4	5	1	32451	0	1000	1176	440	0	3	2	4	5	1	1444	1644	1924	2156	2348	6000	5000	1	1	1	1	1	1
3	40	0	5	1000	233020	233020.068	233	938.06	1	3	2	5	4	13254	0	1000	1292	376	0	1	3	2	5	4	1380	1660	1982	2250	2478	6000	5000	1	1	1	1	1	1
3	41	0	5	1000	238020	238021.995	238	937.999	1	3	2	5	4	13254	0	1000	1212	326	0	1	3	2	5	4	1330	1628	1926	2148	2382	6000	5000	1	1	1	1	1	1
3	42	0	5	1000	243020	243020.006	243	934.001	1	4	5	2	3	14523	0	1000	926	362	1	1	1	4	5	2	1366	1586	1636	1904	2150	6000	5000	0	1	1	1	1	1
3	43	0	5	1000	248020	248022	248	933.996	1	4	5	2	3	14523	0	1000	1092	446	0	1	4	5	2	3	1450	1734	2002	2250	2450	6000	5000	1	1	1	1	1	1
3	44	1	5	1000	253020	253020	253	932.004	1	4	5	2	3	14523	0	1000	998	580	0	1	4	5	2	3	1584	1854	2070	2302	2474	6000	5000	1	1	1	1	1	1
3	45	1	5	1000	258020	258020.018	258	929.999	3	5	1	2	4	35124	0	1000	1092	400	0	3	5	1	2	4	1404	1620	1870	2120	2352	6000	5000	1	1	1	1	1	1
3	46	1	5	1000	263020	263020.006	263	927.997	3	2	4	5	1	32451	0	1000	1198	378	0	3	2	4	5	1	1382	1602	1872	2116	2338	6000	5000	1	1	1	1	1	1
3	47	0	5	1000	268020	268021.997	268	927.998	3	5	1	2	4	35124	0	1000	1112	362	0	3	5	1	2	4	1366	1600	1822	2086	2320	6000	5000	1	1	1	1	1	1
3	48	1	5	1000	273020	273022.025	273	926.029	3	5	1	2	4	35124	0	1000	1064	398	0	3	5	1	2	4	1402	1586	1820	2082	2318	6000	5000	1	1	1	1	1	1
3	49	1	5	1000	278020	278020.017	278	921.999	1	4	5	2	3	14523	0	1000	960	250	0	1	4	5	2	3	1254	1504	1738	1936	2104	6000	5000	1	1	1	1	1	1
3	50	0	5	1000	283020	283020.011	283	921.91	1	3	2	5	4	13254	0	1000	1040	340	0	1	3	2	5	4	1344	1574	1824	2036	2242	6000	5000	1	1	1	1	1	1
3	51	0	5	1000	288020	288020.027	288	920.03	3	5	1	2	4	35124	0	16000	1030	436	0	3	5	1	2	4	1440	1640	1876	2126	2344	6000	5000	1	1	1	1	1	1
3	52	0	5	1000	308020	308021.975	308	913.987	3	5	1	2	4	35124	0	1000	1166	486	0	3	5	1	2	4	1490	1728	1962	2258	2494	6000	5000	1	1	1	1	1	1
3	53	0	5	1000	313020	313021.988	313	911.993	3	2	4	5	1	32451	0	1000	1146	472	0	3	2	4	5	1	1476	1714	1974	2190	2364	6000	5000	1	1	1	1	1	1
3	54	0	5	1000	318020	318021.989	318	910.022	3	2	4	5	1	32451	0	1000	1210	292	0	3	2	4	5	1	1296	1494	1776	2028	2246	6000	5000	1	1	1	1	1	1
3	55	1	5	1000	323020	323021.985	323	909.988	3	2	4	5	1	32451	0	1000	1146	442	0	3	2	4	5	1	1446	1666	1918	2148	2346	6000	5000	1	1	1	1	1	1
3	56	1	5	1000	328020	328021.983	328	908.011	3	5	1	2	4	35124	0	1000	1076	414	0	3	5	1	2	4	1418	1632	1852	2112	2330	6000	5000	1	1	1	1	1	1
3	57	0	5	1000	333020	333021.974	333	906.002	1	4	5	2	3	14523	0	1000	1030	360	0	1	4	5	2	3	1364	1632	1848	2054	2240	6000	5000	1	1	1	1	1	1
3	58	1	5	1000	338020	338021.969	338	903.992	3	5	1	2	4	35124	0	1000	1076	386	0	3	5	1	2	4	1390	1606	1822	2090	2302	6000	5000	1	1	1	1	1	1
3	59	0	5	1000	343020	343021.972	343	902	1	3	2	5	4	13254	0	1000	1088	358	0	1	3	2	5	4	1362	1618	1888	2054	2274	6000	5000	1	1	1	1	1	1
3	60	1	5	1000	348020	348021.971	348	899.995	3	2	4	5	1	32451	0	1000	1162	488	0	3	2	4	5	1	1492	1710	1990	2224	2442	6000	5000	1	1	1	1	1	1
3	61	0	5	1000	353020	353021.98	353	898.01	1	4	5	2	3	14523	0	1000	1076	328	0	1	4	5	2	3	1332	1592	1812	2030	2258	6000	5000	1	1	1	1	1	1
3	62	1	5	1000	358020	358021.98	358	898.012	3	2	4	5	1	32451	0	1000	1124	366	0	3	2	4	5	1	1370	1596	1836	2048	2250	6000	5000	1	1	1	1	1	1
3	63	1	5	1000	363020	363021.975	363	895.987	3	2	4	5	1	32451	0	1000	1162	348	0	3	2	4	5	1	1352	1570	1836	2066	2272	6000	5000	1	1	1	1	1	1
3	64	1	5	1000	368020	368021.969	368	894	1	4	5	2	3	14523	0	1000	1076	334	0	1	4	5	2	3	1338	1602	1802	2036	2270	6000	5000	1	1	1	1	1	1
3	65	0	5	1000	373020	373021.977	373	891.999	3	5	1	2	4	35124	0	1000	1024	154	0	3	5	1	2	4	1158	1370	1588	1812	2026	6000	5000	1	1	1	1	1	1
3	66	0	5	1000	378020	378021.971	378	891.991	1	4	5	2	3	14523	0	1000	1078	256	0	1	4	5	2	3	1260	1508	1742	1956	2180	6000	5000	1	1	1	1	1	1
3	67	0	5	1000	383020	383021.983	383	887.996	3	5	1	2	4	35124	0	1000	1164	320	0	3	5	1	2	4	1460	1758	2014	2248	2462	6000	5000	1	1	1	1	1	1
3	68	1	5	1000	388020	388021.977	388	886.002	3	2	4	5	1	32451	0	16000	1196	642	0	3	2	4	5	1	1646	1896	2146	2378	2580	6000	5000	1	1	1	1	1	1
4	1	1	5	1000	8020	8020.019	9	16.001	3	5	1	2	4	35124	0	1000	1460	470	0	3	5	1	2	4	1474	1822	2138	2440	2736	6000	5000	1	1	1	1	1	1
4	2	0	5	1000	13020	13020.002	14	13.993	1	3	2	5	4	13254	0	1000	1444	370	0	1	3	2	5	4	1374	1678	1990	2308	2622	6000	5000	1	1	1	1	1	1
4	3	1	5	1000	18020	18020.01	19	11.971	3	2	4	5	1	32451	0	1000	1484	434	0	3	2	4	5	1	1438	1698	1990	2328	2612	6000	5000	1	1	1	1	1	1
4	4	0	5	1000	23020	23020.035	24	10.036	3	2	4	5	1	32451	0	1000	1524	362	0	3	2	4	5	1	1366	1644	1944	2212	2546	6000	5000	1	1	1	1	1	1
4	5	0	5	1000	28020	28020.01	29	10	3	5	1	2	4	35124	0	1000	1380	358	0	3	5	1	2	4	1362	1632	1884	2196	2480	6000	5000	1	1	1	1	1	1
4	6	1	5	1000	33020	33020.013	34	8.004	3	2	4	5	1	32451	0	1000	1398	394	0	3	2	4	5	1	1398	1634	1916	2218	2484	6000	5000	1	1	1	1	1	1
4	7	1	5	1000	38020	38020.009	39	5.972	1	3	2	5	4	13254	0	1000	1342	418	0	1	3	2	5	4	1422	1694	1952	2222	2498	6000	5000	1	1	1	1	1	1
4	8	1	5	1000	43020	43020.02	44	4.009	1	4	5	2	3	14523	0	1000	1312	350	0	1	4	5	2	3	1354	1654	1922	2186	2474	6000	5000	1	1	1	1	1	1
4	9	1	5	1000	48020	48020.021	49	2	1	4	5	2	3	14523	0	1000	1250	432	0	1	4	5	2	3	1436	1724	1974	2228	2496	6000	5000	1	1	1	1	1	1
4	10	1	5	1000	53020	53020.045	54	0	1	3	2	5	4	13254	0	1000	1296	372	0	1	3	2	5	4	1376	1662	1924	2190	2458	6000	5000	1	1	1	1	1	1
4	11	1	5	1000	58020	58020.054	58	1000.002	3	5	1	2	4	35124	0	1000	1228	424	0	3	5	1	2	4	1428	1682	1944	2212	2460	6000	5000	1	1	1	1	1	1
4	12	1	5	1000	63020	63020.032	63	998.023	1	3	2	5	4	13254	0	1000	1278	376	0	1	3	2	5	4	1380	1654	1898	2180	2432	6000	5000	1	1	1	1	1	1
4	13	0	5	1000	68020	68020.019	68	996.014	3	5	1	2	4	35124	0	1000	1296	362	0	3	5	1	2	4	1366	1628	1882	2164	2452	6000	5000	1	1	1	1	1	1
4	14	0	5	1000	73020	73020.008	73	993.979	1	4	5	2	3	14523	0	1000	1194	400	0	1	4	5	2	3	1404	1702	1956	2188	2420	6000	5000	1	1	1	1	1	1
4	15	1	5	1000	78020	78020.005	78	991.976	1	4	5	2	3	14523	0	1000	1330	434	0	1	4	5	2	3	1438	1738	2008	2274	2558	6000	5000	1	1	1	1	1	1
4	16	0	5	1000	83020	83020.024	83	990.014	3	2	4	5	1	32451	0	1000	1330	400	0	3	2	4	5	1	1404	1674	1956	2210	2474	6000	5000	1	1	1	1	1	1
4	17	1	5	1000	88020	88022.011	88	990.005	3	5	1	2	4	35124	0	16000	1242	524	0	3	5	1	2	4	1528	1808	2042	2308	2576	6000	5000	1	1	1	1	1	1
4	18	1	5	1000	108020	108020.014	108	981.994	3	5	1	2	4	35124	0	1000	1362	398	0	3	5	1	2	4	1402	1688	1968	2250	2518	6000	5000	1	1	1	1	1	1
4	19	1	5	1000	113020	113020.01	113	980.001	3	2	4	5	1	32451	0	1000	1412	398	0	3	2	4	5	1	1402	1716	2020	2284	2538	6000	5000	1	1	1	1	1	1
4	20	1	5	1000	118020	118021.997	118	979.966	1	4	5	2	3	14523	0	1000	1426	432	0	1	4	5	2	3	1436	1750	2040	2352	2620	6000	5000	1	1	1	1	1	1
4	21	1	5	1000	123020	123020.008	123	975.997	3	5	1	2	4	35124	0	1000	1396	484	0	3	5	1	2	4	1488	1784	2022	2320	2580	6000	5000	1	1	1	1	1	1
4	22	0	5	1000	128020	128020.019	128	976.001	3	5	1	2	4	35124	0	1000	1098	452	0	3	5	1	2	4	1456	1672	1906	2126	2358	6000	5000	1	1	1	1	1	1
4	23	0	5	1000	133020	133020.022	133	974.014	1	3	2	5	4	13254	0	1000	1176	106	0	1	3	2	5	4	1110	1374	1656	1874	2094	6000	5000	1	1	1	1	1	1
4	24	1	5	1000	138020	138022.116	138	974.118	1	3	2	5	4	13254	0	1000	1194	406	0	1	3	2	5	4	1410	1674	1910	2156	2364	6000	5000	1	1	1	1	1	1
4	25	0	5	1000	143020	143020.048	143	970.035	1	3	2	5	4	13254	0	1000	1394	508	0	1	3	2	5	4	1512	1830	2164	2430	2682	6000	5000	1	1	1	1	1	1
4	26	1	5	1000	148020	148020.017	148	967.986	1	4	5	2	3	14523	0	1000	1396	426	0	1	4	5	2	3	1430	1716	1964	2230	2534	6000	5000	1	1	1	1	1	1
4	27	0	5	1000	153020	153020.033	153	965.931	1	3	2	5	4	13254	0	1000	1326	596	0	1	3	2	5	4	1802	2134	2450	2670	2920	6000	5000	1	1	1	1	1	1
4	28	0	5	1000	158020	158022.009	158	966.002	3	2	4	5	1	32451	0	1000	1250	424	0	3	2	4	5	1	1428	1702	1964	2216	2420	6000	5000	1	1	1	1	1	1
4	29	0	5	1000	163020	163020.001	163	964.001	1	3	2	5	4	13254	0	1000	1246	398	0	1	3	2	5	4	1402	1704	1952	2202	2436	6000	5000	1	1	1	1	1	1
4	30	0	5	1000	168020	168020.025	168	962.004	1	3	2	5	4	13254	0	1000	1230	398	0	1	3	2	5	4	1402	1690	1922	2176	2422	6000	5000	1	1	1	1	1	1
4	31	1	5	1000	173020	173020.026	173	960.005	3	5	1	2	4	35124	0	1000	1246	418	0	3	5	1	2	4	1422	1692	1924	2206	2442	6000	5000	1	1	1	1	1	1
4	32	1	5	1000	178020	178020.03	178	957.968	3	5	1	2	4	35124	0	1000	1242	324	0	3	5	1	2	4	1328	1596	1842	2108	2342	6000	5000	1	1	1	1	1	1
4	33	1	5	1000	183020	183020.041	183	956.032	1	4	5	2	3	14523	0	1000	1228	456	0	1	4	5	2	3	1460	1760	1994	2230	2478	6000	5000	1	1	1	1	1	1
4	34	0	5	1000	188020	188020.021	188	954.024	3	5	1	2	4	35124	0	16000	1280	424	0	3	5	1	2	4	1428	1708	1928	2196	2430	6000	5000	1	1	1	1	1	1
4	35	0	5	1000	208020	208020.034	208	948.015	3	5	1	2	4	35124	0	1000	1304	470	0	3	5	1	2	4	1474	1768	2034	2300	2536	6000	5000	1	1	1	1	1	1
4	36	1	5	1000	213020	213020.008	213	945.975	3	5	1	2	4	35124	0	1000	1260	448	0	3	5	1	2	4	1452	1718	1966	2234	2466	6000	5000	1	1	1	1	1	1
4	37	0	5	1000	218020	218020.035	218	944.002	3	2	4	5	1	32451	0	1000	1348	396	0	3	2	4	5	1	1400	1716	1988	2238	2454	6000	5000	1	1	1	1	1	1
4	38	1	5	1000	223020	223020.009	223	941.999	3	2	4	5	1	32451	0	1000	1244	450	0	3	2	4	5	1	1454	1720	1986	2216	2438	6000	5000	1	1	1	1	1	1
4	39	1	5	1000	228020	228022.009	228	942.018	3	5	1	2	4	35124	0	1000	1214	480	0	3	5	1	2	4	1484	1702	1938	2186	2424	6000	5000	1	1	1	1	1	1
4	40	0	5	1000	233020	233021.979	233	939.999	1	4	5	2	3	14523	0	1000	1260	366	0	1	4	5	2	3	1370	1670	2006	2270	2464	6000	5000	1	1	1	1	1	1
4	41	0	5	1000	238020	238020	238	938.019	1	3	2	5	4	13254	0	1000	1294	420	0	1	3	2	5	4	1424	1770	2022	2290	2504	6000	5000	1	1	1	1	1	1
4	42	0	5	1000	243020	243020.006	243	936.01	1	4	5	2	3	14523	0	1000	1180	534	0	1	4	5	2	3	1538	1810	2058	2290	2524	6000	5000	1	1	1	1	1	1
4	43	1	5	1000	248020	248021.981	248	935.977	1	3	2	5	4	13254	0	1000	1156	990	0	1	3	2	5	4	1994	2244	2504	2704	2906	6000	5000	1	1	1	1	1	1
4	44	1	5	1000	253020	253021.991	253	934.01	1	3	2	5	4	13254	0	1000	1088	476	0	1	3	2	5	4	1480	1728	1942	2162	2372	6000	5000	1	1	1	1	1	1
4	45	0	5	1000	258020	258021.987	258	932.004	3	2	4	5	1	32451	0	1000	1162	472	0	3	2	4	5	1	1476	1724	1960	2176	2408	6000	5000	1	1	1	1	1	1
4	46	0	5	1000	263020	263021.982	263	930.002	3	2	4	5	1	32451	0	1000	1228	342	0	3	2	4	5	1	1346	1610	1896	2112	2316	6000	5000	1	1	1	1	1	1
4	47	0	5	1000	268020	268021.981	268	929.999	1	4	5	2	3	14523	0	1000	1196	360	0	1	4	5	2	3	1364	1632	1850	2110	2316	6000	5000	1	1	1	1	1	1
4	48	0	5	1000	273020	273021.982	273	928.002	3	2	4	5	1	32451	0	1000	1224	400	0	3	2	4	5	1	1404	1682	1932	2166	2384	6000	5000	1	1	1	1	1	1
4	49	1	5	1000	278020	278021.984	278	926.003	1	4	5	2	3	14523	0	1000	1124	486	0	1	4	5	2	3	1490	1754	1958	2208	2434	6000	5000	1	1	1	1	1	1
4	50	1	5	1000	283020	283021.981	283	924	3	2	4	5	1	32451	0	1000	1176	406	0	3	2	4	5	1	1410	1662	1924	2160	2376	6000	5000	1	1	1	1	1	1
4	51	0	5	1000	288020	288021.979	288	921.999	1	3	2	5	4	13254	0	16000	1224	394	0	1	3	2	5	4	1398	1696	1978	2190	2396	6000	5000	1	1	1	1	1	1
4	52	0	5	1000	308020	308022.009	308	916.025	1	3	2	5	4	13254	0	1000	1230	400	0	1	3	2	5	4	1404	1692	1976	2192	2426	6000	5000	1	1	1	1	1	1
4	53	0	5	1000	313020	313020.011	313	912.03	3	5	1	2	4	35124	0	1000	1164	404	0	3	5	1	2	4	1408	1628	1878	2128	2360	6000	5000	1	1	1	1	1	1
4	54	0	5	1000	318020	318021.981	318	911.973	3	5	1	2	4	35124	0	1000	1174	410	0	3	5	1	2	4	1414	1666	1912	2158	2384	6000	5000	1	1	1	1	1	1
4	55	1	5	1000	323020	323021.982	323	909.999	1	4	5	2	3	14523	0	1000	1130	408	0	1	4	5	2	3	1412	1666	1882	2118	2354	6000	5000	1	1	1	1	1	1
4	56	0	5	1000	328020	328021.982	328	907.97	1	4	5	2	3	14523	0	1000	1124	448	0	1	4	5	2	3	1452	1736	1986	2200	2400	6000	5000	1	1	1	1	1	1
4	57	1	5	1000	333020	333022.016	333	906.037	3	2	4	5	1	32451	0	1000	1246	366	0	3	2	4	5	1	1370	1620	1902	2150	2388	6000	5000	1	1	1	1	1	1
4	58	0	5	1000	338020	338020.003	338	902.021	3	5	1	2	4	35124	0	1000	1096	568	0	3	5	1	2	4	1572	1790	2024	2254	2474	6000	5000	1	1	1	1	1	1
4	59	0	5	1000	343020	343020.015	343	902.027	3	2	4	5	1	32451	0	1000	1294	472	0	3	2	4	5	1	1476	1746	2024	2274	2496	6000	5000	1	1	1	1	1	1
4	60	1	5	1000	348020	348020.012	348	899.967	1	3	2	5	4	13254	0	1000	1212	640	0	1	3	2	5	4	1644	1908	2164	2394	2610	6000	5000	1	1	1	1	1	1
4	61	0	5	1000	353020	353021.999	353	899.999	1	4	5	2	3	14523	0	1000	1260	392	0	1	4	5	2	3	1396	1712	1976	2208	2434	6000	5000	1	1	1	1	1	1
4	62	0	5	1000	358020	358021.984	358	897.987	1	4	5	2	3	14523	0	1000	1198	406	0	1	4	5	2	3	1410	1728	1964	2200	2402	6000	5000	1	1	1	1	1	1
4	63	0	5	1000	363020	363022	363	895.992	3	5	1	2	4	35124	0	1000	1196	392	0	3	5	1	2	4	1396	1634	1882	2132	2366	6000	5000	1	1	1	1	1	1
4	64	1	5	1000	368020	368021.996	368	893.996	1	3	2	5	4	13254	0	1000	1096	484	0	1	3	2	5	4	1488	1738	1970	2170	2386	6000	5000	1	1	1	1	1	1
4	65	1	5	1000	373020	373020.016	373	892.011	3	2	4	5	1	32451	0	1000	1162	504	0	3	2	4	5	1	1508	1760	1996	2212	2428	6000	5000	1	1	1	1	1	1
4	66	1	5	1000	378020	378020.001	378	890.003	3	2	4	5	1	32451	0	1000	1180	374	0	3	2	4	5	1	1378	1632	1884	2114	2328	6000	5000	1	1	1	1	1	1
4	67	0	5	1000	383020	383021.999	383	889.988	1	4	5	2	3	14523	0	1000	1212	426	0	1	4	5	2	3	1430	1748	1998	2246	2456	6000	5000	1	1	1	1	1	1
4	68	1	5	1000	388020	388020.003	388	885.996	3	5	1	2	4	35124	0	16000	1106	436	0	3	5	1	2	4	1440	1654	1890	2138	2372	6000	5000	1	1	1	1	1	1
5	1	0	5	1000	8020	8021.973	9	15.959	3	2	4	5	1	32451	0	1000	1384	494	0	3	2	4	5	1	1498	1804	2088	2354	2640	6000	5000	1	1	1	1	1	1
5	2	0	5	1000	13020	13022.001	14	16.002	1	4	5	2	3	14523	0	1000	1274	388	0	1	4	5	2	3	1392	1688	1924	2172	2424	6000	5000	1	1	1	1	1	1
5	3	1	5	1000	18020	18022.014	19	13.977	3	5	1	2	4	35124	0	1000	1210	406	0	3	5	1	2	4	1410	1654	1908	2144	2376	6000	5000	1	1	1	1	1	1
5	4	1	5	1000	23020	23021.999	24	11.985	3	2	4	5	1	32451	0	1000	1292	408	0	3	2	4	5	1	1412	1672	1940	2210	2440	6000	5000	1	1	1	1	1	1
5	5	1	5	1000	28020	28021.987	29	9.996	1	4	5	2	3	14523	0	1000	1212	406	1	1	4	5	2	5	1410	1684	1894	2128	2362	6000	5000	0	1	1	1	1	1
5	6	1	5	1000	33020	33020	34	6.008	1	4	5	2	3	14523	0	1000	1192	430	0	1	4	5	2	3	1434	1708	1928	2166	2414	6000	5000	1	1	1	1	1	1
5	7	1	5	1000	38020	38021.988	39	6.001	3	5	1	2	4	35124	0	1000	1194	376	0	3	5	1	2	4	1380	1628	1876	2132	2360	6000	5000	1	1	1	1	1	1
5	8	1	5	1000	43020	43020.118	44	4.127	1	3	2	5	4	13254	0	1000	1244	362	0	1	3	2	5	4	1366	1636	1900	2148	2398	6000	5000	1	1	1	1	1	1
5	9	1	5	1000	48020	48020.013	49	2.015	1	3	2	5	4	13254	0	1000	1262	396	0	1	3	2	5	4	1400	1664	1900	2150	2368	6000	5000	1	1	1	1	1	1
5	10	0	5	1000	53020	53020.011	54	0	1	3	2	5	4	13254	0	1000	1244	382	0	1	3	2	5	4	1386	1686	1938	2182	2404	6000	5000	1	1	1	1	1	1
5	11	1	5	1000	58020	58021.999	59	0	3	2	4	5	1	32451	0	1000	1442	466	0	3	2	4	5	1	1470	1750	2020	2334	2620	6000	5000	1	1	1	1	1	1
5	12	1	5	1000	63020	63020	63	996.024	3	2	4	5	1	32451	0	1000	1298	448	0	3	2	4	5	1	1452	1720	1986	2220	2438	6000	5000	1	1	1	1	1	1
5	13	0	5	1000	68020	68020.022	68	994.021	1	4	5	2	3	14523	0	1000	1028	388	1	1	4	5	2	5	1392	1678	1940	2176	2376	6000	5000	0	1	1	1	1	1
5	14	1	5	1000	73020	73020.031	73	994.033	3	2	4	5	1	32451	0	1000	1262	438	0	3	2	4	5	1	1442	1740	2024	2240	2494	6000	5000	1	1	1	1	1	1
5	15	0	5	1000	78020	78020.015	78	992.014	1	3	2	5	4	13254	0	1000	1278	340	0	1	3	2	5	4	1344	1628	1926	2180	2432	6000	5000	1	1	1	1	1	1
5	16	1	5	1000	83020	83020.02	83	990.017	1	4	5	2	3	14523	0	1000	1194	428	0	1	4	5	2	3	1432	1716	1930	2194	2432	6000	5000	1	1	1	1	1	1
5	17	0	5	1000	88020	88020.013	88	988.028	1	4	5	2	3	14523	0	16000	1276	396	0	1	4	5	2	3	1400	1702	1934	2184	2430	6000	5000	1	1	1	1	1	1
5	18	0	5	1000	108020	108021.999	108	981.988	1	4	5	2	3	14523	0	1000	1482	410	0	1	4	5	2	3	1416	1718	2006	2306	2586	6000	5000	1	1	1	1	1	1
5	19	0	5	1000	113020	113020.019	113	980.009	3	2	4	5	1	32451	0	1000	1466	416	0	3	2	4	5	1	1420	1726	2036	2354	2622	6000	5000	1	1	1	1	1	1
5	20	1	5	1000	118020	118020.067	118	978.065	3	2	4	5	1	32451	0	1000	1358	442	0	3	2	4	5	1	1446	1742	2022	2276	2526	6000	5000	1	1	1	1	1	1
5	21	1	5	1000	123020	123022.016	123	978.013	3	5	1	2	4	35124	0	1000	1330	404	0	3	5	1	2	4	1408	1640	1908	2194	2460	6000	5000	1	1	1	1	1	1
5	22	0	5	1000	128020	128020.002	128	973.956	1	3	2	5	4	13254	0	1000	1242	480	0	1	3	2	5	4	1484	1770	2032	2264	2512	6000	5000	1	1	1	1	1	1
5	23	0	5	1000	133020	133021.999	133	976.001	1	4	5	2	3	14523	0	1000	1350	408	0	1	4	5	2	3	1412	1718	1966	2296	2546	6000	5000	1	1	1	1	1	1
5	24	0	5	1000	138020	138020.02	138	970.017	3	5	1	2	4	35124	0	1000	1298	448	0	3	5	1	2	4	1452	1690	1954	2240	2504	6000	5000	1	1	1	1	1	1
5	25	0	5	1000	143020	143021.987	143	969.984	3	5	1	2	4	35124	0	1000	1374	406	0	3	5	1	2	4	1410	1690	1926	2238	2506	6000	5000	1	1	1	1	1	1
5	26	1	5	1000	148020	148022.012	148	970.012	3	5	1	2	4	35124	0	1000	1398	470	0	3	5	1	2	4	1474	1742	1990	2274	2524	6000	5000	1	1	1	1	1	1
5	27	0	5	1000	153020	153020.012	153	965.905	3	5	1	2	4	35124	0	1000	1446	426	0	3	5	1	2	4	1430	1680	1980	2264	2512	6000	5000	1	1	1	1	1	1
5	28	1	5	1000	158020	158020.001	158	963.99	1	4	5	2	3	14523	0	1000	1316	710	0	1	4	5	2	3	1714	2014	2248	2498	2744	6000	5000	1	1	1	1	1	1
5	29	1	5	1000	163020	163020.064	163	962.053	3	2	4	5	1	32451	0	1000	1264	462	0	3	2	4	5	1	1466	1734	2020	2238	2470	6000	5000	1	1	1	1	1	1
5	30	0	5	1000	168020	168021.998	168	961.996	3	2	4	5	1	32451	0	1000	1380	482	0	3	2	4	5	1	1486	1786	2084	2338	2586	6000	5000	1	1	1	1	1	1
5	31	1	5	1000	173020	173020.01	173	958.01	1	4	5	2	3	14523	0	1000	1244	754	0	1	4	5	2	3	1758	2022	2242	2474	2716	6000	5000	1	1	1	1	1	1
5	32	0	5	1000	178020	178020.011	178	955.984	3	5	1	2	4	35124	0	1000	1206	426	0	3	5	1	2	4	1430	1642	1890	2158	2410	6000	5000	1	1	1	1	1	1
5	33	1	5	1000	183020	183020.001	183	955.999	1	3	2	5	4	13254	0	1000	1344	358	0	1	3	2	5	4	1362	1644	1942	2226	2430	6000	5000	1	1	1	1	1	1
5	34	0	5	1000	188020	188020.001	188	954.002	3	5	1	2	4	35124	0	16000	1208	428	0	3	5	1	2	4	1432	1646	1896	2150	2414	6000	5000	1	1	1	1	1	1
5	35	0	5	1000	208020	208020.022	208	946.01	3	5	1	2	4	35124	0	1000	1292	500	0	3	5	1	2	4	1504	1818	2052	2334	2602	6000	5000	1	1	1	1	1	1
5	36	0	5	1000	213020	213020.02	213	944.019	3	2	4	5	1	32451	0	1000	1330	376	0	3	2	4	5	1	1382	1670	1938	2186	2452	6000	5000	1	1	1	1	1	1
5	37	0	5	1000	218020	218022.038	218	946.039	3	5	1	2	4	35124	0	1000	1390	386	0	3	5	1	2	4	1390	1636	1898	2200	2484	6000	5000	1	1	1	1	1	1
5	38	1	5	1000	223020	223020.013	223	942.014	3	2	4	5	1	32451	0	1000	1360	384	0	3	2	4	5	1	1388	1672	1968	2222	2450	6000	5000	1	1	1	1	1	1
5	39	0	5	1000	228020	228021.988	228	941.97	3	5	1	2	4	35124	0	1000	1210	732	0	3	5	1	2	4	1736	1986	2204	2466	2690	6000	5000	1	1	1	1	1	1
5	40	0	5	1000	233020	233020.001	233	937.982	1	3	2	5	4	13254	0	1000	1280	348	0	1	3	2	5	4	1352	1618	1906	2154	2390	6000	5000	1	1	1	1	1	1
5	41	0	5	1000	238020	238021.988	238	937.987	3	5	1	2	4	35124	0	1000	1310	384	0	3	5	1	2	4	1388	1638	1902	2184	2468	6000	5000	1	1	1	1	1	1
5	42	0	5	1000	243020	243022.01	243	936.007	1	4	5	2	3	14523	0	1000	1144	518	1	1	4	5	5	2	1522	1802	1990	2122	2322	6000	5000	0	1	1	1	1	1
5	43	0	5	1000	248020	248021.99	248	934	1	4	5	2	3	14523	0	1000	1178	418	0	1	4	5	2	3	1422	1720	1958	2206	2410	6000	5000	1	1	1	1	1	1
5	44	1	5	1000	253020	253022.002	253	933.982	1	3	2	5	4	13254	0	1000	1174	438	0	1	3	2	5	4	1442	1722	1972	2208	2424	6000	5000	1	1	1	1	1	1
5	45	1	5	1000	258020	258021.992	258	932.002	1	4	5	2	3	14523	0	1000	1142	354	0	1	4	5	2	3	1358	1606	1826	2056	2302	6000	5000	1	1	1	1	1	1
5	46	0	5	1000	263020	263020.001	263	928.012	1	3	2	5	4	13254	0	1000	1228	104	0	1	3	2	5	4	1108	1426	1690	1922	2144	6000	5000	1	1	1	1	1	1
5	47	0	5	1000	268020	268022.004	268	928.002	3	2	4	5	1	32451	0	1000	1228	418	0	3	2	4	5	1	1422	1676	1944	2176	2408	6000	5000	1	1	1	1	1	1
5	48	1	5	1000	273020	273020.002	273	924.016	1	3	2	5	4	13254	0	1000	1148	402	0	1	3	2	5	4	1406	1686	1912	2140	2340	6000	5000	1	1	1	1	1	1
5	49	0	5	1000	278020	278021.968	278	923.978	1	4	5	2	3	14523	0	1000	1158	354	0	1	4	5	2	3	1358	1620	1858	2102	2324	6000	5000	1	1	1	1	1	1
5	50	1	5	1000	283020	283022.003	283	922.012	1	4	5	2	3	14523	0	1000	1146	350	0	1	4	5	2	3	1354	1624	1842	2078	2308	6000	5000	1	1	1	1	1	1
5	51	1	5	1000	288020	288021.989	288	922.02	1	3	2	5	4	13254	0	16000	1214	500	0	1	3	2	5	4	1504	1776	2054	2290	2474	6000	5000	1	1	1	1	1	1
5	52	1	5	1000	308020	308021.999	308	913.996	1	3	2	5	4	13254	0	1000	1346	532	0	1	3	2	5	4	1536	1886	2206	2458	2688	6000	5000	1	1	1	1	1	1
5	53	0	5	1000	313020	313020.023	313	910.022	3	2	4	5	1	32451	0	1000	1338	394	0	3	2	4	5	1	1398	1708	1988	2242	2476	6000	5000	1	1	1	1	1	1
5	54	1	5	1000	318020	318021.998	318	909.999	3	5	1	2	4	35124	0	1000	1248	398	0	3	5	1	2	4	1402	1656	1922	2184	2438	6000	5000	1	1	1	1	1	1
5	55	0	5	1000	323020	323021.97	323	909.973	1	4	5	2	3	14523	0	1000	1208	306	0	1	4	5	2	3	1310	1602	1824	2086	2308	6000	5000	1	1	1	1	1	1
5	56	0	5	1000	328020	328021.99	328	908.001	1	3	2	5	4	13254	0	1000	1196	350	0	1	3	2	5	4	1354	1622	1876	2104	2336	6000	5000	1	1	1	1	1	1
5	57	0	5	1000	333020	333021.968	333	905.979	1	3	2	5	4	13254	0	1000	1292	372	0	1	3	2	5	4	1376	1658	1924	2174	2404	6000	5000	1	1	1	1	1	1
5	58	1	5	1000	338020	338021.988	338	904.002	1	3	2	5	4	13254	0	1000	1194	470	0	1	3	2	5	4	1474	1742	1974	2224	2424	6000	5000	1	1	1	1	1	1
5	59	1	5	1000	343020	343021.99	343	901.991	3	2	4	5	1	32451	0	1000	1310	388	0	3	2	4	5	1	1392	1642	1926	2206	2426	6000	5000	1	1	1	1	1	1
5	60	1	5	1000	348020	348021.994	348	900.011	1	3	2	5	4	13254	0	1000	1210	370	0	1	3	2	5	4	1374	1644	1894	2156	2388	6000	5000	1	1	1	1	1	1
5	61	1	5	1000	353020	353020.002	353	896.014	3	5	1	2	4	35124	0	1000	1230	438	0	3	5	1	2	4	1442	1678	1932	2210	2446	6000	5000	1	1	1	1	1	1
5	62	1	5	1000	358020	358021.998	358	896.007	3	5	1	2	4	35124	0	1000	1210	374	0	3	5	1	2	4	1378	1608	1862	2158	2394	6000	5000	1	1	1	1	1	1
5	63	1	5	1000	363020	363022.011	363	896.033	1	4	5	2	3	14523	0	1000	1258	360	0	1	4	5	2	3	1364	1642	1860	2110	2392	6000	5000	1	1	1	1	1	1
5	64	0	5	1000	368020	368022.001	368	894.002	3	2	4	5	1	32451	0	1000	1366	370	0	3	2	4	5	1	1374	1660	1964	2246	2482	6000	5000	1	1	1	1	1	1
5	65	0	5	1000	373020	373020	373	889.981	1	3	2	5	4	13254	0	1000	1228	444	0	1	3	2	5	4	1448	1720	1998	2236	2464	6000	5000	1	1	1	1	1	1
5	66	1	5	1000	378020	378021.986	378	889.995	3	5	1	2	4	35124	0	1000	1212	360	0	3	5	1	2	4	1364	1598	1848	2100	2334	6000	5000	1	1	1	1	1	1
5	67	0	5	1000	383020	383022.002	383	888.013	3	2	4	5	1	32451	0	1000	1166	458	0	3	2	4	5	1	1462	1700	1968	2198	2400	6000	5000	1	1	1	1	1	1
5	68	0	5	1000	388020	388022.022	388	886.024	3	2	4	5	1	32451	0	16000	1200	442	0	3	2	4	5	1	1446	1684	1964	2198	2418	6000	5000	1	1	1	1	1	1
6	1	1	5	1000	8020	8020.003	9	14.001	1	4	5	2	3	14523	0	1000	1406	640	0	1	4	5	2	3	1644	1996	2302	2588	2882	6000	5000	1	1	1	1	1	1
6	2	0	5	1000	13020	13021.989	14	15.997	1	3	2	5	4	13254	0	1000	1384	360	0	1	3	2	5	4	1364	1682	1994	2284	2544	6000	5000	1	1	1	1	1	1
6	3	1	5	1000	18020	18021.99	19	13.987	3	5	1	2	4	35124	0	1000	1346	440	0	3	5	1	2	4	1444	1714	1984	2278	2558	6000	5000	1	1	1	1	1	1
6	4	0	5	1000	23020	23021.984	24	11.994	1	4	5	2	3	14523	0	1000	1262	416	0	1	4	5	2	3	1420	1718	1978	2226	2486	6000	5000	1	1	1	1	1	1
6	5	0	5	1000	28020	28021.996	29	10.007	1	4	5	2	3	14523	0	1000	1278	278	0	1	4	5	2	3	1282	1564	1814	2068	2344	6000	5000	1	1	1	1	1	1
6	6	1	5	1000	33020	33022.005	34	7.999	1	4	5	2	3	14523	0	1000	1216	398	0	1	4	5	2	3	1402	1672	1888	2146	2412	6000	5000	1	1	1	1	1	1
6	7	1	5	1000	38020	38020.001	39	4.012	1	4	5	2	3	14523	0	1000	1240	426	0	1	4	5	2	3	1430	1714	1968	2226	2488	6000	5000	1	1	1	1	1	1
6	8	0	5	1000	43020	43020	44	2.009	3	5	1	2	4	35124	0	1000	1338	392	0	3	5	1	2	4	1396	1686	1956	2238	2510	6000	5000	1	1	1	1	1	1
6	9	1	5	1000	48020	48021.99	49	3.988	3	2	4	5	1	32451	0	1000	1308	356	0	3	2	4	5	1	1360	1662	1934	2172	2440	6000	5000	1	1	1	1	1	1
6	10	0	5	1000	53020	53020.003	54	0	3	2	4	5	1	32451	0	1000	1318	358	0	3	2	4	5	1	1362	1660	1938	2182	2446	6000	5000	1	1	1	1	1	1
6	11	1	5	1000	58020	58020.003	58	997.999	3	2	4	5	1	32451	0	1000	1330	384	0	3	2	4	5	1	1388	1670	1932	2198	2454	6000	5000	1	1	1	1	1	1
6	12	0	5	1000	63020	63020.004	63	995.915	1	4	5	2	3	14523	0	1000	1252	384	0	1	4	5	2	3	1388	1676	1920	2166	2436	6000	5000	1	1	1	1	1	1
6	13	1	5	1000	68020	68020.005	68	993.927	3	5	1	2	4	35124	0	1000	1234	380	0	3	5	1	2	4	1384	1648	1904	2156	2416	6000	5000	1	1	1	1	1	1
6	14	1	5	1000	73020	73021.989	73	993.988	1	4	5	2	3	14523	0	1000	1246	382	0	1	4	5	2	3	1386	1674	1918	2176	2454	6000	5000	1	1	1	1	1	1
6	15	1	5	1000	78020	78020.003	78	992.012	1	3	2	5	4	13254	0	1000	1280	430	0	1	3	2	5	4	1434	1744	2008	2232	2474	6000	5000	1	1	1	1	1	1
6	16	0	5	1000	83020	83020.026	83	990.021	1	4	5	2	3	14523	0	1000	1238	360	0	1	4	5	2	3	1364	1658	1894	2146	2404	6000	5000	1	1	1	1	1	1
6	17	0	5	1000	88020	88021.992	88	989.983	3	2	4	5	1	32451	0	16000	1294	352	0	3	2	4	5	1	1356	1660	1928	2162	2408	6000	5000	1	1	1	1	1	1
6	18	0	5	1000	108020	108020.004	108	980.002	3	2	4	5	1	32451	0	1000	1316	400	0	3	2	4	5	1	1404	1712	1990	2262	2496	6000	5000	1	1	1	1	1	1
6	19	0	5	1000	113020	113020.002	113	979.999	3	2	4	5	1	32451	0	1000	1290	410	0	3	2	4	5	1	1414	1708	1980	2242	2474	6000	5000	1	1	1	1	1	1
6	20	1	5	1000	118020	118022.002	118	979.99	1	4	5	2	3	14523	0	1000	1304	444	0	1	4	5	2	3	1448	1744	1992	2260	2538	6000	5000	1	1	1	1	1	1
6	21	1	5	1000	123020	123020.003	123	975.997	3	2	4	5	1	32451	0	1000	1236	456	0	3	2	4	5	1	1460	1744	1988	2218	2434	6000	5000	1	1	1	1	1	1
6	22	0	5	1000	128020	128020.003	128	974	1	3	2	5	4	13254	0	1000	1356	474	0	1	3	2	5	4	1478	1796	2122	2402	2628	6000	5000	1	1	1	1	1	1
6	23	0	5	1000	133020	133020.016	133	972.006	3	5	1	2	4	35124	0	1000	1248	392	0	3	5	1	2	4	1396	1656	1936	2204	2460	6000	5000	1	1	1	1	1	1
6	24	0	5	1000	138020	138020.014	138	970.024	1	4	5	2	3	14523	0	1000	1268	334	0	1	4	5	2	3	1338	1636	1884	2132	2384	6000	5000	1	1	1	1	1	1
6	25	0	5	1000	143020	143021.994	143	970.004	3	5	1	2	4	35124	0	1000	1212	424	0	3	5	1	2	4	1428	1692	1960	2208	2440	6000	5000	1	1	1	1	1	1
6	26	0	5	1000	148020	148021.989	148	970.007	3	5	1	2	4	35124	0	1000	1246	390	0	3	5	1	2	4	1394	1662	1920	2180	2400	6000	5000	1	1	1	1	1	1
6	27	1	5	1000	153020	153022.028	153	968.039	1	4	5	2	3	14523	0	1000	1286	432	0	1	4	5	2	3	1436	1726	1966	2228	2496	6000	5000	1	1	1	1	1	1
6	28	1	5	1000	158020	158020.001	158	963.977	3	5	1	2	4	35124	0	1000	1212	404	0	3	5	1	2	4	1408	1670	1914	2158	2394	6000	5000	1	1	1	1	1	1
6	29	0	5	1000	163020	163020.013	163	962.024	3	2	4	5	1	32451	0	1000	1322	352	0	3	2	4	5	1	1356	1660	1928	2160	2424	6000	5000	1	1	1	1	1	1
6	30	1	5	1000	168020	168020	168	959.981	3	5	1	2	4	35124	0	1000	1278	360	0	3	5	1	2	4	1364	1648	1900	2176	2416	6000	5000	1	1	1	1	1	1
6	31	1	5	1000	173020	173022.007	173	960.007	3	5	1	2	4	35124	0	1000	1220	386	0	3	5	1	2	4	1390	1656	1906	2180	2430	6000	5000	1	1	1	1	1	1
6	32	1	5	1000	178020	178021.994	178	957.993	3	2	4	5	1	32451	0	1000	1270	382	0	3	2	4	5	1	1386	1680	1954	2194	2424	6000	5000	1	1	1	1	1	1
6	33	0	5	1000	183020	183020.003	183	956.003	3	5	1	2	4	35124	0	1000	1326	340	0	3	5	1	2	4	1344	1650	1922	2212	2464	6000	5000	1	1	1	1	1	1
6	34	0	5	1000	188020	188020.001	188	953.982	1	3	2	5	4	13254	0	16000	1266	376	0	1	3	2	5	4	1380	1690	1970	2190	2426	6000	5000	1	1	1	1	1	1
6	35	0	5	1000	208020	208020	208	945.998	1	3	2	5	4	13254	0	1000	1258	386	0	1	3	2	5	4	1390	1714	2002	2236	2450	6000	5000	1	1	1	1	1	1
6	36	1	5	1000	213020	213020	213	944.002	1	3	2	5	4	13254	0	1000	1252	470	0	1	3	2	5	4	1474	1778	2050	2278	2504	6000	5000	1	1	1	1	1	1
6	37	0	5	1000	218020	218020.002	218	942.013	3	5	1	2	4	35124	0	1000	1194	416	0	3	5	1	2	4	1420	1666	1902	2170	2426	6000	5000	1	1	1	1	1	1
6	38	1	5	1000	223020	223020	223	941.998	3	5	1	2	4	35124	0	1000	1176	360	0	3	5	1	2	4	1364	1604	1866	2116	2350	6000	5000	1	1	1	1	1	1
6	39	0	5	1000	228020	228020	228	939.996	1	3	2	5	4	13254	0	1000	1198	358	0	1	3	2	5	4	1362	1632	1908	2128	2362	6000	5000	1	1	1	1	1	1
6	40	0	5	1000	233020	233022	233	939.986	1	3	2	5	4	13254	0	1000	1262	346	0	1	3	2	5	4	1350	1672	1950	2190	2402	6000	5000	1	1	1	1	1	1
6	41	1	5	1000	238020	238020.005	238	936.006	3	2	4	5	1	32451	0	1000	1164	412	0	3	2	4	5	1	1416	1680	1940	2146	2352	6000	5000	1	1	1	1	1	1
6	42	1	5	1000	243020	243021.998	243	936.024	1	3	2	5	4	13254	0	1000	1176	476	0	1	3	2	5	4	1480	1764	2018	2252	2438	6000	5000	1	1	1	1	1	1
6	43	0	5	1000	248020	248020.003	248	932.008	3	2	4	5	1	32451	0	1000	1164	420	0	3	2	4	5	1	1424	1680	1918	2148	2360	6000	5000	1	1	1	1	1	1
6	44	0	5	1000	253020	253022	253	931.999	1	3	2	5	4	13254	0	1000	1148	426	0	1	3	2	5	4	1430	1696	1952	2176	2380	6000	5000	1	1	1	1	1	1
6	45	0	5	1000	258020	258020.002	258	930.001	3	2	4	5	1	32451	0	1000	1238	364	0	3	2	4	5	1	1368	1648	1902	2118	2366	6000	5000	1	1	1	1	1	1
6	46	1	5	1000	263020	263021.988	263	929.986	1	3	2	5	4	13254	0	1000	1158	384	0	1	3	2	5	4	1388	1666	1914	2142	2354	6000	5000	1	1	1	1	1	1
6	47	0	5	1000	268020	268020.002	268	926.002	1	3	2	5	4	13254	0	1000	1218	330	0	1	3	2	5	4	1334	1608	1878	2140	2356	6000	5000	1	1	1	1	1	1
6	48	1	5	1000	273020	273020.004	273	926.001	1	4	5	2	3	14523	0	1000	1166	368	0	1	4	5	2	3	1372	1650	1858	2088	2312	6000	5000	1	1	1	1	1	1
6	49	0	5	1000	278020	278021.998	278	923.997	1	4	5	2	3	14523	0	1000	1206	370	0	1	4	5	2	3	1374	1702	1962	2192	2416	6000	5000	1	1	1	1	1	1
6	50	1	5	1000	283020	283021.989	283	921.987	1	3	2	5	4	13254	0	1000	1182	416	0	1	3	2	5	4	1420	1718	1966	2180	2372	6000	5000	1	1	1	1	1	1
6	51	1	5	1000	288020	288022.001	288	919.997	1	3	2	5	4	13254	0	16000	1104	416	0	1	3	2	5	4	1420	1678	1904	2128	2320	6000	5000	1	1	1	1	1	1
6	52	1	5	1000	308020	308020.001	308	911.99	1	3	2	5	4	13254	0	1000	1232	478	0	1	3	2	5	4	1482	1770	2046	2292	2516	6000	5000	1	1	1	1	1	1
6	53	1	5	1000	313020	313022	313	912	1	4	5	2	3	14523	0	1000	1178	456	0	1	4	5	2	3	1460	1744	1984	2228	2452	6000	5000	1	1	1	1	1	1
6	54	0	5	1000	318020	318020.004	318	908.003	3	2	4	5	1	32451	0	1000	1186	344	0	3	2	4	5	1	1348	1602	1872	2116	2316	6000	5000	1	1	1	1	1	1
6	55	0	5	1000	323020	323020.003	323	906.002	3	5	1	2	4	35124	0	1000	1226	562	0	3	5	1	2	4	1712	2046	2296	2550	2748	6000	5000	1	1	1	1	1	1
6	56	1	5	1000	328020	328021.992	328	907.989	1	3	2	5	4	13254	0	1000	1164	366	0	1	3	2	5	4	1370	1648	1910	2128	2318	6000	5000	1	1	1	1	1	1
6	57	1	5	1000	333020	333020	333	903.998	3	2	4	5	1	32451	0	1000	1158	364	0	3	2	4	5	1	1368	1628	1870	2104	2302	6000	5000	1	1	1	1	1	1
6	58	1	5	1000	338020	338020.002	338	902.012	3	5	1	2	4	35124	0	1000	1206	362	0	3	5	1	2	4	1366	1610	1856	2112	2372	6000	5000	1	1	1	1	1	1
6	59	1	5	1000	343020	343020	343	899.997	1	3	2	5	4	13254	0	1000	1196	370	0	1	3	2	5	4	1374	1640	1904	2134	2354	6000	5000	1	1	1	1	1	1
6	60	1	5	1000	348020	348022.002	348	899.998	3	5	1	2	4	35124	0	1000	1162	422	0	3	5	1	2	4	1426	1686	1932	2166	2394	6000	5000	1	1	1	1	1	1
6	61	0	5	1000	353020	353020.002	353	896	3	5	1	2	4	35124	0	1000	1218	396	0	3	5	1	2	4	1400	1680	1948	2184	2422	6000	5000	1	1	1	1	1	1
6	62	0	5	1000	358020	358020.003	358	894	3	2	4	5	1	32451	0	1000	1272	426	0	3	2	4	5	1	1430	1712	1982	2264	2476	6000	5000	1	1	1	1	1	1
6	63	0	5	1000	363020	363021.998	363	895.993	1	4	5	2	3	14523	0	1000	1216	382	0	1	4	5	2	3	1386	1676	1938	2166	2394	6000	5000	1	1	1	1	1	1
6	64	0	5	1000	368020	368020.003	368	891.988	1	3	2	5	4	13254	0	1000	1228	368	0	1	3	2	5	4	1372	1666	1932	2166	2396	6000	5000	1	1	1	1	1	1
6	65	0	5	1000	373020	373020.001	373	890.006	1	4	5	2	3	14523	0	1000	1166	402	0	1	4	5	2	3	1406	1682	1930	2160	2380	6000	5000	1	1	1	1	1	1
6	66	1	5	1000	378020	378021.992	378	890.005	3	2	4	5	1	32451	0	1000	1190	444	0	3	2	4	5	1	1448	1724	1972	2198	2412	6000	5000	1	1	1	1	1	1
6	67	1	5	1000	383020	383021.988	383	887.986	3	2	4	5	1	32451	0	1000	1210	376	0	3	2	4	5	1	1380	1646	1906	2156	2358	6000	5000	1	1	1	1	1	1
6	68	1	5	1000	388020	388022.001	388	885.998	1	4	5	2	3	14523	0	16000	1202	406	0	1	4	5	2	3	1410	1688	1922	2158	2412	6000	5000	1	1	1	1	1	1
7	1	0	5	1000	8020	8020.009	9	16.003	1	4	5	2	3	14523	0	1000	1422	566	0	1	4	5	2	3	1570	1910	2246	2542	2804	6000	5000	1	1	1	1	1	1
7	2	1	5	1000	13020	13020.005	14	14.008	3	5	1	2	4	35124	0	1000	1268	416	0	3	5	1	2	4	1420	1700	1970	2246	2504	6000	5000	1	1	1	1	1	1
7	3	1	5	1000	18020	18021.994	19	14	1	4	5	2	3	14523	0	1000	1224	372	0	1	4	5	2	3	1376	1644	1884	2132	2388	6000	5000	1	1	1	1	1	1
7	4	0	5	1000	23020	23020.003	24	9.987	1	3	2	5	4	13254	0	1000	1272	404	0	1	3	2	5	4	1408	1680	1966	2212	2450	6000	5000	1	1	1	1	1	1
7	5	1	5	1000	28020	28020.002	29	7.994	3	5	1	2	4	35124	0	1000	1204	404	0	3	5	1	2	4	1408	1684	1932	2188	2418	6000	5000	1	1	1	1	1	1
7	6	0	5	1000	33020	33020.106	34	8	1	4	5	2	3	14523	0	1000	1268	396	0	1	4	5	2	3	1400	1676	1942	2182	2426	6000	5000	1	1	1	1	1	1
7	7	0	5	1000	38020	38020.008	39	6.007	1	4	5	2	3	14523	0	1000	1278	362	0	1	4	5	2	3	1366	1638	1932	2182	2422	6000	5000	1	1	1	1	1	1
7	8	0	5	1000	43020	43020.004	44	3.998	3	2	4	5	1	32451	0	1000	1276	398	0	3	2	4	5	1	1402	1678	1942	2192	2434	6000	5000	1	1	1	1	1	1
7	9	0	5	1000	48020	48020.011	49	2.004	3	2	4	5	1	32451	0	1000	1330	402	0	3	2	4	5	1	1406	1684	1948	2240	2486	6000	5000	1	1	1	1	1	1
7	10	0	5	1000	53020	53020.008	54	0	3	5	1	2	4	35124	0	1000	1306	396	0	3	5	1	2	4	1400	1668	1928	2200	2464	6000	5000	1	1	1	1	1	1
7	11	0	5	1000	58020	58020.007	58	997.998	1	4	5	2	3	14523	0	1000	1302	416	0	1	4	5	2	3	1420	1708	1968	2226	2500	6000	5000	1	1	1	1	1	1
7	12	0	5	1000	63020	63020.007	63	997.999	1	3	2	5	4	13254	0	1000	1318	408	0	1	3	2	5	4	1412	1728	2000	2246	2474	6000	5000	1	1	1	1	1	1
7	13	0	5	1000	68020	68020.086	68	996.09	1	3	2	5	4	13254	0	1000	1210	408	0	1	3	2	5	4	1412	1682	1922	2136	2366	6000	5000	1	1	1	1	1	1
7	14	1	5	1000	73020	73020.009	73	994.003	1	3	2	5	4	13254	0	1000	1258	470	0	1	3	2	5	4	1474	1746	2008	2240	2484	6000	5000	1	1	1	1	1	1
7	15	1	5	1000	78020	78022.005	78	994.013	3	5	1	2	4	35124	0	1000	1234	474	0	3	5	1	2	4	1478	1756	2018	2252	2490	6000	5000	1	1	1	1	1	1
7	16	0	5	1000	83020	83020.003	83	992.012	3	5	1	2	4	35124	0	1000	1216	362	0	3	5	1	2	4	1366	1638	1874	2136	2370	6000	5000	1	1	1	1	1	1
7	17	1	5	1000	88020	88020.026	88	987.999	1	3	2	5	4	13254	0	16000	1232	376	0	1	3	2	5	4	1380	1646	1894	2136	2368	6000	5000	1	1	1	1	1	1
7	18	1	5	1000	108020	114894.612	107	8856.61	1	3	2	5	4	13254	0	1000	1260	478	0	1	3	2	5	4	1482	1776	2032	2272	2486	6000	5000	1	1	1	1	1	1
7	19	1	5	1000	113020	113020.006	113	980.014	1	4	5	2	3	14523	0	1000	1180	638	0	1	4	5	2	3	1642	1902	2118	2366	2598	6000	5000	1	1	1	1	1	1
7	20	0	5	1000	118020	118020.008	118	978.001	1	4	5	2	3	14523	0	1000	1226	402	0	1	4	5	2	3	1406	1686	1924	2166	2398	6000	5000	1	1	1	1	1	1
7	21	1	5	1000	123020	123020.008	123	976.009	1	4	5	2	3	14523	0	1000	1288	362	0	1	4	5	2	3	1366	1662	1936	2172	2420	6000	5000	1	1	1	1	1	1
7	22	0	5	1000	128020	128020.012	128	974.016	3	5	1	2	4	35124	0	1000	1254	410	0	3	5	1	2	4	1414	1706	1958	2214	2440	6000	5000	1	1	1	1	1	1
7	23	0	5	1000	133020	133020.007	133	971.998	3	5	1	2	4	35124	0	1000	1152	404	0	3	5	1	2	4	1408	1666	1896	2136	2354	6000	5000	1	1	1	1	1	1
7	24	1	5	1000	138020	138020.005	138	971.989	3	5	1	2	4	35124	0	1000	1180	430	0	3	5	1	2	4	1434	1696	1946	2180	2414	6000	5000	1	1	1	1	1	1
7	25	1	5	1000	143020	143020.009	143	970.008	3	2	4	5	1	32451	0	1000	1280	402	0	3	2	4	5	1	1406	1694	1948	2218	2442	6000	5000	1	1	1	1	1	1
7	26	0	5	1000	148020	148022.041	148	970.014	1	4	5	2	3	14523	0	1000	1282	422	0	1	4	5	2	3	1426	1706	1976	2212	2466	6000	5000	1	1	1	1	1	1
7	27	0	5	1000	153020	153020.042	153	966.047	3	5	1	2	4	35124	0	1000	1210	442	0	3	5	1	2	4	1446	1726	1986	2210	2434	6000	5000	1	1	1	1	1	1
7	28	1	5	1000	158020	158020.006	158	963.997	1	4	5	2	3	14523	0	1000	1242	366	0	1	4	5	2	3	1370	1654	1904	2152	2394	6000	5000	1	1	1	1	1	1
7	29	1	5	1000	163020	163020.088	163	962.082	1	4	5	2	3	14523	0	1000	1246	376	0	1	4	5	2	3	1380	1650	1900	2148	2400	6000	5000	1	1	1	1	1	1
7	30	1	5	1000	168020	168022.007	168	961.972	3	5	1	2	4	35124	0	1000	1256	414	0	3	5	1	2	4	1418	1690	1942	2204	2462	6000	5000	1	1	1	1	1	1
7	31	0	5	1000	173020	173020.019	173	960.024	3	2	4	5	1	32451	0	1000	1318	414	0	3	2	4	5	1	1418	1696	1978	2264	2498	6000	5000	1	1	1	1	1	1
7	32	1	5	1000	178020	178020.007	178	958	3	2	4	5	1	32451	0	1000	1252	406	0	3	2	4	5	1	1410	1674	1920	2164	2402	6000	5000	1	1	1	1	1	1
7	33	0	5	1000	183020	183021.992	183	957.985	3	2	4	5	1	32451	0	1000	1230	462	0	3	2	4	5	1	1466	1746	1984	2242	2482	6000	5000	1	1	1	1	1	1
7	34	1	5	1000	188020	188020.022	188	954.015	3	5	1	2	4	35124	0	16000	1272	426	0	3	5	1	2	4	1430	1724	2012	2266	2506	6000	5000	1	1	1	1	1	1
7	35	1	5	1000	208020	208020.034	208	948.029	3	5	1	2	4	35124	0	1000	1296	530	0	3	5	1	2	4	1534	1844	2122	2386	2636	6000	5000	1	1	1	1	1	1
7	36	1	5	1000	213020	213020.007	213	945.902	1	3	2	5	4	13254	0	1000	1238	464	0	1	3	2	5	4	1468	1758	2036	2272	2504	6000	5000	1	1	1	1	1	1
7	37	0	5	1000	218020	218022.006	218	945.978	1	4	5	2	3	14523	0	1000	1236	388	0	1	4	5	2	3	1392	1662	1916	2162	2414	6000	5000	1	1	1	1	1	1
7	38	1	5	1000	223020	223021.977	223	943.998	3	2	4	5	1	32451	0	1000	1236	464	0	3	2	4	5	1	1468	1730	1978	2238	2462	6000	5000	1	1	1	1	1	1
7	39	1	5	1000	228020	228021.996	228	941.996	3	5	1	2	4	35124	0	1000	1188	378	0	3	5	1	2	4	1382	1632	1886	2138	2360	6000	5000	1	1	1	1	1	1
7	40	1	5	1000	233020	233021.997	233	940	3	5	1	2	4	35124	0	1000	1218	416	0	3	5	1	2	4	1420	1686	1912	2172	2434	6000	5000	1	1	1	1	1	1
7	41	0	5	1000	238020	238020	238	935.977	1	3	2	5	4	13254	0	1000	1258	474	0	1	3	2	5	4	1478	1762	2050	2282	2512	6000	5000	1	1	1	1	1	1
7	42	1	5	1000	243020	243020.037	243	936.029	1	4	5	2	3	14523	0	1000	1324	406	0	1	4	5	2	3	1410	1690	1960	2218	2498	6000	5000	1	1	1	1	1	1
7	43	1	5	1000	248020	248020.002	248	934.027	1	3	2	5	4	13254	0	1000	1336	406	0	1	3	2	5	4	1410	1768	2036	2282	2514	6000	5000	1	1	1	1	1	1
7	44	1	5	1000	253020	253021.996	253	934.017	3	2	4	5	1	32451	0	1000	1322	392	0	3	2	4	5	1	1396	1670	1948	2240	2490	6000	5000	1	1	1	1	1	1
7	45	1	5	1000	258020	258021.994	258	932.012	1	4	5	2	3	14523	0	1000	1240	468	0	1	4	5	2	3	1472	1754	2012	2256	2504	6000	5000	1	1	1	1	1	1
7	46	0	5	1000	263020	263021.98	263	929.997	3	2	4	5	1	32451	0	1000	1296	416	0	3	2	4	5	1	1420	1688	1962	2220	2486	6000	5000	1	1	1	1	1	1
7	47	1	5	1000	268020	268021.983	268	927.991	1	4	5	2	3	14523	0	1000	1254	384	0	1	4	5	2	3	1388	1660	1910	2170	2426	6000	5000	1	1	1	1	1	1
7	48	1	5	1000	273020	273021.973	273	925.991	3	2	4	5	1	32451	0	1000	1272	390	0	3	2	4	5	1	1394	1662	1928	2178	2422	6000	5000	1	1	1	1	1	1
7	49	0	5	1000	278020	278022.004	278	926.012	1	3	2	5	4	13254	0	1000	1240	426	0	1	3	2	5	4	1430	1708	1968	2202	2442	6000	5000	1	1	1	1	1	1
7	50	0	5	1000	283020	283021.975	283	923.995	3	5	1	2	4	35124	0	1000	1258	388	0	3	5	1	2	4	1392	1666	1918	2194	2434	6000	5000	1	1	1	1	1	1
7	51	0	5	1000	288020	288021.975	288	921.982	3	2	4	5	1	32451	0	16000	1306	394	0	3	2	4	5	1	1398	1684	1950	2210	2446	6000	5000	1	1	1	1	1	1
7	52	0	5	1000	308020	308022.001	308	914.022	3	2	4	5	1	32451	0	1000	1336	490	0	3	2	4	5	1	1494	1786	2074	2340	2598	6000	5000	1	1	1	1	1	1
7	53	1	5	1000	313020	313020.007	313	912.029	1	3	2	5	4	13254	0	1000	1254	438	0	1	3	2	5	4	1442	1718	1998	2252	2488	6000	5000	1	1	1	1	1	1
7	54	1	5	1000	318020	318021.997	318	912.017	1	3	2	5	4	13254	0	1000	1226	494	0	1	3	2	5	4	1498	1776	2040	2276	2500	6000	5000	1	1	1	1	1	1
7	55	0	5	1000	323020	323022.002	323	909.993	1	3	2	5	4	13254	0	1000	1238	432	0	1	3	2	5	4	1436	1700	1990	2230	2466	6000	5000	1	1	1	1	1	1
7	56	0	5	1000	328020	328021.981	328	907.989	1	4	5	2	3	14523	0	1000	1278	354	0	1	4	5	2	3	1358	1650	1912	2166	2408	6000	5000	1	1	1	1	1	1
7	57	1	5	1000	333020	333021.989	333	906.008	1	3	2	5	4	13254	0	1000	1166	392	0	1	3	2	5	4	1396	1660	1922	2154	2384	6000	5000	1	1	1	1	1	1
7	58	0	5	1000	338020	338021.98	338	903.973	3	5	1	2	4	35124	0	1000	1214	510	0	3	5	1	2	4	1514	1768	2034	2266	2514	6000	5000	1	1	1	1	1	1
7	59	0	5	1000	343020	343021.993	343	902.017	1	3	2	5	4	13254	0	1000	1162	656	0	1	3	2	5	4	1660	1930	2186	2402	2626	6000	5000	1	1	1	1	1	1
7	60	1	5	1000	348020	348021.975	348	901.997	3	2	4	5	1	32451	0	1000	1214	478	0	3	2	4	5	1	1482	1752	2010	2252	2504	6000	5000	1	1	1	1	1	1
7	61	1	5	1000	353020	353021.978	353	899.978	3	2	4	5	1	32451	0	1000	1248	502	0	3	2	4	5	1	1506	1792	2062	2312	2544	6000	5000	1	1	1	1	1	1
7	62	0	5	1000	358020	358020.007	358	896.028	3	5	1	2	4	35124	0	1000	1154	350	0	3	5	1	2	4	1354	1614	1866	2108	2330	6000	5000	1	1	1	1	1	1
7	63	1	5	1000	363020	363021.976	363	896	3	2	4	5	1	32451	0	1000	1284	396	0	3	2	4	5	1	1400	1692	1970	2236	2462	6000	5000	1	1	1	1	1	1
7	64	1	5	1000	368020	368021.976	368	893.998	1	3	2	5	4	13254	0	1000	1192	448	0	1	3	2	5	4	1452	1726	1970	2212	2430	6000	5000	1	1	1	1	1	1
7	65	0	5	1000	373020	373021.98	373	891.982	3	2	4	5	1	32451	0	1000	1276	426	0	3	2	4	5	1	1430	1712	1982	2242	2492	6000	5000	1	1	1	1	1	1
7	66	0	5	1000	378020	378020.01	378	888.029	1	3	2	5	4	13254	0	1000	1202	350	0	1	3	2	5	4	1354	1632	1910	2136	2350	6000	5000	1	1	1	1	1	1
7	67	0	5	1000	383020	383021.98	383	889.995	3	2	4	5	1	32451	0	1000	1214	412	0	3	2	4	5	1	1416	1688	1948	2200	2446	6000	5000	1	1	1	1	1	1
7	68	0	5	1000	388020	388021.98	388	887.979	1	4	5	2	3	14523	0	16000	1212	414	0	1	4	5	2	3	1418	1700	1944	2200	2446	6000	5000	1	1	1	1	1	1
8	1	0	5	1000	8020	8021.985	9	16.008	1	3	2	5	4	13254	0	1000	1488	492	0	1	3	2	5	4	1496	1896	2236	2532	2796	6000	5000	1	1	1	1	1	1
8	2	0	5	1000	13020	13021.997	14	16.007	1	4	5	2	3	14523	0	1000	1304	400	0	1	4	5	2	3	1404	1688	1962	2224	2476	6000	5000	1	1	1	1	1	1
8	3	1	5	1000	18020	18022.007	19	14.015	1	4	5	2	3	14523	0	1000	1200	404	0	1	4	5	2	3	1408	1670	1902	2162	2394	6000	5000	1	1	1	1	1	1
8	4	1	5	1000	23020	23021.991	24	12.015	1	3	2	5	4	13254	0	1000	1220	370	0	1	3	2	5	4	1374	1632	1910	2146	2376	6000	5000	1	1	1	1	1	1
8	5	1	5	1000	28020	28020.005	29	8.02	3	5	1	2	4	35124	0	1000	1162	366	0	3	5	1	2	4	1370	1614	1858	2114	2324	6000	5000	1	1	1	1	1	1
8	6	1	5	1000	33020	33021.98	34	8.002	1	3	2	5	4	13254	0	1000	1232	370	0	1	3	2	5	4	1374	1644	1904	2134	2380	6000	5000	1	1	1	1	1	1
8	7	0	5	1000	38020	38021.977	39	5.985	1	4	5	2	3	14523	0	1000	1354	368	0	1	4	5	2	3	1372	1664	1928	2196	2456	6000	5000	1	1	1	1	1	1
8	8	0	5	1000	43020	43020.009	44	2.019	3	5	1	2	4	35124	0	1000	1270	372	0	3	5	1	2	4	1376	1660	1916	2172	2430	6000	5000	1	1	1	1	1	1
8	9	1	5	1000	48020	48021.979	49	4.002	3	5	1	2	4	35124	0	1000	1256	360	0	3	5	1	2	4	1364	1626	1878	2148	2398	6000	5000	1	1	1	1	1	1
8	10	1	5	1000	53020	53021.98	54	2.001	1	4	5	2	3	14523	0	1000	1272	376	0	1	4	5	2	3	1380	1654	1904	2158	2414	6000	5000	1	1	1	1	1	1
8	11	0	5	1000	58020	58021.99	59	0	3	2	4	5	1	32451	0	1000	1272	770	0	3	2	4	5	1	1774	2060	2334	2610	2862	6000	5000	1	1	1	1	1	1
8	12	1	5	1000	63020	63021.993	63	1000.013	3	5	1	2	4	35124	0	1000	1278	382	0	3	5	1	2	4	1386	1650	1928	2200	2450	6000	5000	1	1	1	1	1	1
8	13	0	5	1000	68020	68020.085	68	994.085	3	5	1	2	4	35124	0	1000	1340	396	0	3	5	1	2	4	1400	1700	1988	2244	2502	6000	5000	1	1	1	1	1	1
8	14	0	5	1000	73020	73021.99	73	995.999	1	3	2	5	4	13254	0	1000	1284	350	0	1	3	2	5	4	1354	1632	1918	2154	2398	6000	5000	1	1	1	1	1	1
8	15	0	5	1000	78020	78021.98	78	993.992	3	2	4	5	1	32451	0	1000	1292	446	0	3	2	4	5	1	1450	1760	2022	2276	2512	6000	5000	1	1	1	1	1	1
8	16	1	5	1000	83020	83021.986	83	992.008	3	2	4	5	1	32451	0	1000	1280	394	0	3	2	4	5	1	1398	1676	1946	2186	2436	6000	5000	1	1	1	1	1	1
8	17	1	5	1000	88020	88021.992	88	989.995	3	5	1	2	4	35124	0	16000	1238	470	0	3	5	1	2	4	1474	1732	2006	2262	2500	6000	5000	1	1	1	1	1	1
8	18	1	5	1000	108020	108021.987	108	984.009	3	5	1	2	4	35124	0	1000	1370	504	0	3	5	1	2	4	1508	1822	2136	2400	2666	6000	5000	1	1	1	1	1	1
8	19	0	5	1000	113020	113021.99	113	982.001	3	2	4	5	1	32451	0	1000	1352	544	0	3	2	4	5	1	1548	1848	2136	2418	2676	6000	5000	1	1	1	1	1	1
8	20	1	5	1000	118020	118021.986	118	979.997	1	3	2	5	4	13254	0	1000	1316	444	0	1	3	2	5	4	1448	1750	2020	2266	2510	6000	5000	1	1	1	1	1	1
8	21	1	5	1000	123020	123020.019	123	976.032	1	4	5	2	3	14523	0	1000	1296	400	0	1	4	5	2	3	1404	1704	1958	2222	2482	6000	5000	1	1	1	1	1	1
8	22	1	5	1000	128020	128021.976	128	975.986	3	5	1	2	4	35124	0	1000	1302	438	0	3	5	1	2	4	1442	1708	2008	2266	2512	6000	5000	1	1	1	1	1	1
8	23	0	5	1000	133020	133021.99	133	973.998	1	3	2	5	4	13254	0	1000	1314	348	0	1	3	2	5	4	1352	1654	1932	2196	2426	6000	5000	1	1	1	1	1	1
8	24	0	5	1000	138020	138021.987	138	973.998	3	5	1	2	4	35124	0	1000	1340	442	0	3	5	1	2	4	1446	1728	1998	2252	2514	6000	5000	1	1	1	1	1	1
8	25	0	5	1000	143020	143021.98	143	971.988	3	5	1	2	4	35124	0	1000	1352	436	0	3	5	1	2	4	1440	1788	2024	2288	2556	6000	5000	1	1	1	1	1	1
8	26	0	5	1000	148020	148021.977	148	969.989	1	4	5	2	3	14523	0	1000	1224	438	0	1	4	5	2	3	1442	1738	1992	2254	2482	6000	5000	1	1	1	1	1	1
8	27	0	5	1000	153020	153021.979	153	967.99	1	4	5	2	3	14523	0	1000	1394	410	0	1	4	5	2	3	1414	1728	2000	2284	2552	6000	5000	1	1	1	1	1	1
8	28	1	5	1000	158020	158022	158	966.008	3	5	1	2	4	35124	0	1000	1228	412	0	3	5	1	2	4	1416	1686	1952	2188	2426	6000	5000	1	1	1	1	1	1
8	29	1	5	1000	163020	163021.99	163	964.007	3	2	4	5	1	32451	0	1000	1306	474	0	3	2	4	5	1	1478	1750	2038	2316	2560	6000	5000	1	1	1	1	1	1
8	30	1	5	1000	168020	168021.982	168	963.991	1	4	5	2	3	14523	0	1000	1270	480	0	1	4	5	2	3	1484	1782	2020	2282	2518	6000	5000	1	1	1	1	1	1
8	31	0	5	1000	173020	173021.986	173	961.998	1	4	5	2	3	14523	0	1000	1292	420	0	1	4	5	2	3	1424	1702	1982	2242	2482	6000	5000	1	1	1	1	1	1
8	32	1	5	1000	178020	178021.989	178	960	1	3	2	5	4	13254	0	1000	1272	660	0	1	3	2	5	4	1664	1934	2206	2448	2674	6000	5000	1	1	1	1	1	1
8	33	0	5	1000	183020	183021.987	183	958.01	3	5	1	2	4	35124	0	1000	1316	390	0	3	5	1	2	4	1394	1668	1936	2202	2460	6000	5000	1	1	1	1	1	1
8	34	1	5	1000	188020	188021.99	188	956.018	1	4	5	2	3	14523	0	16000	1250	408	0	1	4	5	2	3	1412	1676	1956	2196	2464	6000	5000	1	1	1	1	1	1
8	35	1	5	1000	208020	208022.009	208	950.031	1	4	5	2	3	14523	0	1000	1274	618	0	1	4	5	2	3	1622	1958	2232	2482	2718	6000	5000	1	1	1	1	1	1
8	36	1	5	1000	213020	213022.006	213	948.029	3	2	4	5	1	32451	0	1000	1254	150	0	3	2	4	5	1	1154	1432	1714	1986	2198	6000	5000	1	1	1	1	1	1
8	37	0	5	1000	218020	218021.98	218	945.989	1	3	2	5	4	13254	0	1000	1298	396	0	1	3	2	5	4	1400	1696	1964	2214	2456	6000	5000	1	1	1	1	1	1
8	38	1	5	1000	223020	223021.99	223	944.01	3	5	1	2	4	35124	0	1000	1260	438	0	3	5	1	2	4	1442	1702	1984	2224	2466	6000	5000	1	1	1	1	1	1
8	39	1	5	1000	228020	228021.98	228	943.984	3	5	1	2	4	35124	0	1000	1284	464	0	3	5	1	2	4	1468	1750	2030	2276	2534	6000	5000	1	1	1	1	1	1
8	40	0	5	1000	233020	233021.979	233	941.987	1	4	5	2	3	14523	0	1000	1264	464	0	1	4	5	2	3	1468	1750	1990	2250	2502	6000	5000	1	1	1	1	1	1
8	41	0	5	1000	238020	238021.979	238	939.992	3	2	4	5	1	32451	0	1000	1360	384	0	3	2	4	5	1	1388	1688	1966	2266	2520	6000	5000	1	1	1	1	1	1
8	42	0	5	1000	243020	243021.978	243	938.015	1	4	5	2	3	14523	0	1000	1298	320	0	1	4	5	2	3	1324	1616	1876	2132	2390	6000	5000	1	1	1	1	1	1
8	43	1	5	1000	248020	248021.962	248	935.993	3	2	4	5	1	32451	0	1000	1320	470	0	3	2	4	5	1	1474	1776	2046	2310	2542	6000	5000	1	1	1	1	1	1
8	44	1	5	1000	253020	253021.97	253	936.002	1	3	2	5	4	13254	0	1000	1246	428	0	1	3	2	5	4	1432	1714	1974	2202	2424	6000	5000	1	1	1	1	1	1
8	45	0	5	1000	258020	258021.962	258	933.996	3	2	4	5	1	32451	0	1000	1332	414	0	3	2	4	5	1	1418	1702	1972	2232	2480	6000	5000	1	1	1	1	1	1
8	46	0	5	1000	263020	263021.964	263	931.998	1	3	2	5	4	13254	0	1000	1288	348	0	1	3	2	5	4	1352	1644	1898	2150	2390	6000	5000	1	1	1	1	1	1
8	47	0	5	1000	268020	268021.966	268	929.996	1	3	2	5	4	13254	0	1000	1314	344	0	1	3	2	5	4	1348	1630	1898	2154	2398	6000	5000	1	1	1	1	1	1
8	48	1	5	1000	273020	273021.965	273	928.003	1	4	5	2	3	14523	0	1000	1258	500	0	1	4	5	2	3	1504	1796	2016	2272	2534	6000	5000	1	1	1	1	1	1
8	49	1	5	1000	278020	278021.963	278	926.002	1	4	5	2	3	14523	0	1000	1278	352	0	1	4	5	2	3	1356	1648	1896	2160	2410	6000	5000	1	1	1	1	1	1
8	50	0	5	1000	283020	283021.961	283	923.999	1	3	2	5	4	13254	0	1000	1300	310	0	1	3	2	5	4	1314	1616	1860	2114	2320	6000	5000	1	1	1	1	1	1
8	51	1	5	1000	288020	288021.966	288	924.003	3	2	4	5	1	32451	0	16000	1276	396	0	3	2	4	5	1	1400	1676	1930	2176	2414	6000	5000	1	1	1	1	1	1
8	52	1	5	1000	308020	308021.993	308	916.03	3	2	4	5	1	32451	0	1000	1376	504	0	3	2	4	5	1	1508	1826	2112	2386	2642	6000	5000	1	1	1	1	1	1
8	53	0	5	1000	313020	313021.981	313	914.008	3	5	1	2	4	35124	0	1000	1332	322	0	3	5	1	2	4	1326	1620	1890	2162	2414	6000	5000	1	1	1	1	1	1
8	54	1	5	1000	318020	318021.982	318	913.99	3	2	4	5	1	32451	0	1000	1238	486	0	3	2	4	5	1	1490	1774	2036	2272	2488	6000	5000	1	1	1	1	1	1
8	55	0	5	1000	323020	323022.01	323	912.046	1	4	5	2	3	14523	0	1000	1306	394	0	1	4	5	2	3	1398	1714	1964	2222	2476	6000	5000	1	1	1	1	1	1
8	56	0	5	1000	328020	328021.992	328	910.01	1	3	2	5	4	13254	0	1000	1312	334	0	1	3	2	5	4	1338	1648	1912	2156	2404	6000	5000	1	1	1	1	1	1
8	57	1	5	1000	333020	333021.98	333	907.999	1	3	2	5	4	13254	0	1000	1316	442	0	1	3	2	5	4	1446	1764	2028	2270	2506	6000	5000	1	1	1	1	1	1
8	58	1	5	1000	338020	338021.979	338	905.998	3	2	4	5	1	32451	0	1000	1368	422	0	3	2	4	5	1	1426	1722	1994	2284	2534	6000	5000	1	1	1	1	1	1
8	59	1	5	1000	343020	343021.97	343	903.98	3	2	4	5	1	32451	0	1000	1364	384	0	3	2	4	5	1	1388	1716	1974	2236	2480	6000	5000	1	1	1	1	1	1
8	60	0	5	1000	348020	348021.98	348	903.999	3	2	4	5	1	32451	0	1000	1364	380	0	3	2	4	5	1	1384	1692	1976	2246	2488	6000	5000	1	1	1	1	1	1
8	61	0	5	1000	353020	353020.024	353	900.035	3	5	1	2	4	35124	0	1000	1410	368	0	3	5	1	2	4	1372	1652	1948	2240	2504	6000	5000	1	1	1	1	1	1
8	62	0	5	1000	358020	358021.991	358	900.031	3	2	4	5	1	32451	0	1000	1308	382	0	3	2	4	5	1	1386	1692	1958	2208	2440	6000	5000	1	1	1	1	1	1
8	63	0	5	1000	363020	363021.98	363	897.973	3	2	4	5	1	32451	0	1000	1348	414	0	3	2	4	5	1	1418	1742	2006	2258	2500	6000	5000	1	1	1	1	1	1
8	64	1	5	1000	368020	368021.979	368	895.981	1	4	5	2	3	14523	0	1000	1340	542	0	1	4	5	2	3	1546	1880	2128	2384	2650	6000	5000	1	1	1	1	1	1
8	65	0	5	1000	373020	373021.99	373	894.012	3	5	1	2	4	35124	0	1000	1316	380	0	3	5	1	2	4	1384	1704	1972	2232	2484	6000	5000	1	1	1	1	1	1
8	66	1	5	1000	378020	378020.007	378	892.026	1	3	2	5	4	13254	0	1000	1362	376	0	1	3	2	5	4	1380	1688	1958	2200	2474	6000	5000	1	1	1	1	1	1
8	67	1	5	1000	383020	383021.977	383	892.001	1	3	2	5	4	13254	0	1000	1198	678	0	1	3	2	5	4	1682	1958	2210	2442	2654	6000	5000	1	1	1	1	1	1
8	68	0	5	1000	388020	388021.989	388	890.007	1	3	2	5	4	13254	0	16000	1312	396	0	1	3	2	5	4	1400	1726	1990	2220	2450	6000	5000	1	1	1	1	1	1
9	1	0	5	1000	8020	8020.011	9	13.997	3	2	4	5	1	32451	0	27000	1524	592	0	3	2	4	5	1	1596	1988	2308	2606	2872	6000	5000	1	1	1	1	1	1
9	2	1	5	1000	39020	39020.012	40	4.002	3	5	1	2	4	35124	0	18000	1410	536	0	3	5	1	2	4	1540	1886	2188	2480	2736	6000	5000	1	1	1	1	1	1
9	3	0	5	1000	61020	61020.01	61	995.996	1	3	2	5	4	13254	0	9000	1434	448	0	1	3	2	5	4	1452	1776	2108	2392	2640	6000	5000	1	1	1	1	1	1
9	4	1	5	1000	74020	74020.025	74	992.015	1	4	5	2	3	14523	0	21000	1304	412	0	1	4	5	2	3	1416	1710	1970	2230	2490	6000	5000	1	1	1	1	1	1
9	5	0	5	1000	99020	99020.011	99	983.999	3	5	1	2	4	35124	0	15000	1326	788	0	3	5	1	2	4	1792	2080	2360	2634	2886	6000	5000	1	1	1	1	1	1
9	6	1	5	1000	118020	118020.024	118	978.014	3	2	4	5	1	32451	0	24000	1410	472	0	3	2	4	5	1	1476	1802	2084	2338	2606	6000	5000	1	1	1	1	1	1
9	7	0	5	1000	146020	146020.021	146	968.01	1	4	5	2	3	14523	0	30000	1460	450	0	1	4	5	2	3	1454	1802	2078	2370	2656	6000	5000	1	1	1	1	1	1
9	8	1	5	1000	180020	180020.013	180	956.012	1	3	2	5	4	13254	0	12000	1360	562	0	1	3	2	5	4	1566	1908	2194	2450	2670	6000	5000	1	1	1	1	1	1
9	9	0	5	1000	196020	196020.001	196	950.02	3	2	4	5	1	32451	0	15000	1396	1042	0	3	2	4	5	1	2046	2402	2694	2930	3192	6000	5000	1	1	1	1	1	1
9	10	1	5	1000	215020	215020.006	215	943.997	3	5	1	2	4	35124	0	12000	1422	476	0	3	5	1	2	4	1480	1802	2114	2388	2656	6000	5000	1	1	1	1	1	1
9	11	0	5	1000	231020	231020.003	231	938.004	1	3	2	5	4	13254	0	24000	1386	476	0	1	3	2	5	4	1480	1798	2094	2362	2610	6000	5000	1	1	1	1	1	1
9	12	1	5	1000	259020	259020.002	259	928.001	1	4	5	2	3	14523	0	9000	1380	574	0	1	4	5	2	3	1578	1916	2194	2478	2748	6000	5000	1	1	1	1	1	1
9	13	0	5	1000	272020	272021.998	272	925.998	3	5	1	2	4	35124	0	30000	1334	648	0	3	5	1	2	4	1652	1928	2212	2476	2760	6000	5000	1	1	1	1	1	1
9	14	1	5	1000	306020	306020.003	306	912.004	3	2	4	5	1	32451	0	21000	1374	542	0	3	2	4	5	1	1546	1870	2172	2430	2702	6000	5000	1	1	1	1	1	1
9	15	0	5	1000	331020	331020.016	331	904.016	1	4	5	2	3	14523	0	27000	1362	414	0	1	4	5	2	3	1418	1754	2000	2294	2570	6000	5000	1	1	1	1	1	1
9	16	1	5	1000	362020	362020.008	362	893.996	1	3	2	5	4	13254	0	18000	1326	544	0	1	3	2	5	4	1548	1848	2130	2398	2636	6000	5000	1	1	1	1	1	1