5
11779
11780
11781
11782
11783
11784
11785
11786
11787
11788
11789
11790
11791
11792
11793
11794
11795
11796
11797
11798
11799
11800
11844
11845
11846
11847
11848
11849
11850
11851
11852
11853
11854
11855
11856
11857
11858
11859
11860
11861
11862
11863
11864
11865
11866
11867
11868
11869
11870
11871
11872
11873
11874
11875
11876
11877
11912
11913
11914
11915
11916
11917
11918
11919
11920
11921
11922
11923
11924
11925
11926
11927
11928
11929
11930
11931
11932
11966
11967
11968
11969
11970
11971
11972
11973
11974
11975
11976
11977
11978
11979
11980
11981
11982
11983
11984
11985
11986
12019
12020
12021
12022
12023
12024
12025
12026
12027
12028
12029
12030
12031
12032
12033
12034
12035
12036
12037
12038
12071
12072
12073
12074
12075
12076
12077
12078
12079
12080
12081
12082
12083
12084
12085
12086
12087
12088
12089
12090
12122
12123
12124
12125
12126
12127
12128
12129
12130
12131
12132
12133
12134
12135
12136
12137
12138
12139
12140
12172
12173
12174
12175
12176
12177
12178
12179
12180
12181
12182
12183
12184
12185
12186
12187
12188
12221
12222
12223
12224
12225
12226
12227
12228
12229
12230
12231
12232
12233
12234
12235
12269
12270
12271
12272
12273
12274
12275
12276
12277
12278
12279
12280
12281
12316
12317
12318
12319
12320
12321
12322
12323
12324
12325
12326
12327
12328
12362
12363
12364
12365
12366
12367
12368
12369
12370
12371
12372
12373
12407
12408
12409
12410
12411
12412
12413
12414
12415
12416
12417
12452
12453
12454
12455
12456
12457
12458
12459
12460
12495
12498
12499
12500
12501
12502
12536
12537
12540
12541
12542
12543
12582
12583
12584
12623
12662
13397
13398
13402
13403
13404
13405
13406
13407
13453
13454
13455
13456
13457
13458
13459
13460
13461
13462
13463
13464
13508
13509
13510
13511
13512
13513
13514
13515
13516
13517
13518
13562
13563
13564
13565
13566
13567
13568
13569
13570
13571
13572
13615
13616
13617
13618
13619
13620
13621
13622
13623
13624
13667
13668
13669
13670
13671
13672
13673
13674
13675
13676
13718
13719
13720
13721
13722
13723
13724
13725
13726
13768
13769
13770
13771
13772
13773
13774
13775
13776
13817
13818
13819
13820
13821
13822
13823
13824
13865
13866
13867
13868
13869
13870
13871
13872
13912
13913
13914
13915
13916
13917
13918
13919
13958
13959
13960
13961
13962
13963
13964
13965
14003
14004
14005
14006
14007
14008
14009
14010
14047
14048
14049
14050
14051
14052
14053
14090
14091
14092
14093
14094
14095
14132
14133
14134
14135
14136
14137
14138
14173
14174
14175
14176
14177
14178
14213
14214
14215
14216
14217
14252
14253
14254
14255
14290
14291
14292
14327
14328
14363
14993
15104
15314
15364
15365
15413
15414
15461
15508
15509
15554
23141
23142
23251
23305
24789
24790
24791
24843
24844
24845
24896
24897
24898
24948
24949
24950
25000
25001
25050
25051
25100
25148
25195
25241
25286
