5053
5054
5055
5056
5057
5058
5059
5060
5061
5062
5063
5064
5065
5066
5067
5068
5069
5070
5071
5072
5073
5074
5075
5076
5077
5164
5165
5166
5167
5168
5169
5170
5171
5172
5173
5174
5175
5176
5177
5178
5179
5180
5181
5182
5183
5184
5185
5186
5187
5217
5218
5219
5220
5221
5222
5223
5224
5225
5226
5227
5228
5229
5230
5231
5232
5233
5234
5235
5236
5237
5238
5239
5240
5241
5269
5270
5271
5272
5273
5274
5275
5276
5277
5278
5279
5280
5281
5282
5283
5284
5285
5286
5287
5288
5289
5290
5291
5292
5293
5319
5320
5321
5322
5323
5324
5325
5326
5327
5328
5329
5330
5331
5332
5333
5334
5335
5336
5341
5342
5343
5344
5369
5370
5371
5372
5373
5374
5375
5376
5377
5378
5379
5380
5381
5382
5383
5384
5385
5386
5418
5419
5420
5421
5422
5423
5424
5425
5426
5427
5428
5429
5430
5431
5432
5433
5434
5435
5468
5469
5470
5471
5472
5473
5474
5475
5476
5477
5478
5479
5480
5481
5482
5517
5518
5519
5520
5521
5522
5523
5524
5525
5526
5527
5528
5529
5565
5566
5567
5568
5569
5570
5571
5572
5573
5574
5575
5576
5612
5613
5614
5615
5616
5617
5618
5619
5620
5621
5622
5659
5660
5661
5662
5663
5664
5665
5666
5704
5705
5706
5707
5748
5749
8004
8005
8029
8030
8053
8054
8076
8077
8078
8098
8099
8119
8120
8139
8140
8158
8159
8176
8177
8178
8193
8194
8195
8196
8209
8210
8211
8212
8224
8225
8226
8227
8228
8238
8239
8240
8241
8242
8243
8251
8252
8253
8254
8255
8256
8263
8264
8265
8266
8267
8268
8274
8275
8276
8277
8278
8279
8280
8284
8285
8286
8287
8288
8289
8293
8294
8295
8296
8297
8301
8302
8303
8304
8308
8309
8310
8311
8314
8315
8316
8319
8320
8323
