3
5078
5079
5080
5081
5082
5083
5084
5085
5086
5087
5088
5188
5189
5190
5191
5243
5244
5245
5296
5297
5298
5350
5401
5451
6733
6734
8326
8328
16589
16590
16591
16592
16593
18181
18183
18184
18185
18186
18187
18188
18189
18190
18191
18192
18193
18194
18195
18196
19434
19459
19460
19461
19483
19484
19485
19486
19487
19507
19508
19509
19510
19511
19530
19531
19532
19533
19534
19551
19552
19553
19554
19555
19556
19572
19573
19574
19575
19576
19592
19593
19594
19595
19596
19611
19612
19613
19614
19615
19629
19630
19631
19632
19646
19647
19648
19649
19662
19663
19664
19665
19669
19670
19671
19672
19677
19678
19679
19680
19683
19684
19685
19686
19687
19691
19692
19693
19694
19695
19696
19697
19698
19699
19700
19701
19704
19705
19706
19707
19708
19709
19710
19711
19712
19713
19714
19716
19717
19718
19719
19720
19721
19722
19723
19724
19725
19726
19727
19728
19729
19730
19731
19732
19733
19734
19735
19736
19737
19738
19739
19740
19741
19742
19743
19744
19745
19746
19747
19748
19749
19750
19751
19752
19753
19754
19755
19756
19757
19758
19759
19760
19761
19762
19763
19764
19765
19766
19767
19768
19769
19770
19771
19772
19773
19774
19775
19776
19777
19778
19779
19780
30806
30807
30808
30823
30824
30828
30838
30839
30840
30841
30842
30843
30844
30845
30852
30853
30854
30855
30856
30857
30858
30859
30866
30867
30868
30869
30870
30871
30872
30873
30878
30879
30880
30881
30882
30883
30884
30885
30889
30890
30891
30892
30893
30894
30895
30896
30898
30899
30900
30901
30902
30903
30904
30905
30906
30907
30908
30909
30910
30911
30912
30913
30914
30915
30916
30917
30918
30919
30920
30921
30922
30923
30924
30925
30926
30927
30928
30929
30930
30931
30932
30933
30934
30935
30936
30937
30938
30939
30940
30941
30942
30943
30944
30945
30946
30947
30948
30949
30950
30951
30952
