1759
1760
1761
1762
1763
1764
1765
1766
1767
1768
1871
1872
1873
1874
1875
1876
1877
1878
1879
1880
1925
1926
1927
1928
1929
1930
1931
1932
1933
1934
1980
1981
1982
1983
1984
1985
1986
1987
1988
2034
2035
2036
2037
2038
2039
2040
2086
2087
2088
2089
2090
2091
2136
2137
2138
2139
2140
2141
2186
2187
2188
2189
2190
2235
2236
2237
2238
2283
2284
2285
2331
3456
3457
3458
3459
3460
3461
3462
3463
3464
3465
3466
3467
3468
3469
3470
3471
3472
3473
4661
4662
4663
4664
4665
4666
4667
4668
4669
4673
4687
4688
4689
4690
4691
4692
4693
4694
4695
4696
4697
4698
4699
4712
4713
4714
4715
4716
4717
4718
4719
4720
4721
4722
4723
4724
4736
4737
4738
4739
4740
4741
4742
4743
4744
4745
4746
4747
4748
4760
4761
4762
4763
4764
4765
4766
4767
4768
4769
4770
4771
4781
4782
4783
4784
4785
4786
4787
4788
4789
4790
4791
4792
4793
4801
4802
4803
4804
4805
4806
4807
4808
4809
4810
4811
4812
4813
4814
4820
4821
4822
4823
4824
4825
4826
4827
4828
4829
4830
4831
4832
4833
4834
4838
4839
4840
4841
4842
4843
4844
4845
4846
4847
4848
4849
4850
4851
4852
4853
4855
4856
4857
4858
4859
4860
4861
4862
4863
4864
4865
4866
4867
4868
4869
4870
4871
4872
4873
4874
4875
4876
4877
4878
4879
4880
4881
4882
4883
4884
4885
4886
4887
4888
4889
4890
4891
4892
4893
4894
4895
4896
4897
4898
4899
4900
4901
4902
4903
4904
4905
4906
4907
4908
4909
4910
4911
4912
4913
4914
4915
4916
4917
4918
4919
4920
4921
4922
4923
4924
4925
4926
4930
4931
4932
4933
4934
4935
4936
4937
4938
4939
4946
4947
4948
4949
4950
4951
4958
4959
4960
4961
4962
4969
4970
4971
4980
5120
5121
5872
5910
5911
5912
5913
5947
5948
5949
5950
5951
5952
5953
5983
5984
5985
5986
5987
5988
5989
5990
5991
6018
6019
6020
6021
6022
6023
6024
6025
6026
6027
6053
6054
6055
6056
6057
6058
6059
6060
6061
6062
6063
6087
6088
6089
6090
6091
6092
6093
6094
6095
6096
6097
6098
6099
6120
6121
6122
6123
6124
6125
6126
6127
6128
6129
6130
6131
6132
6133
6134
6151
6152
6153
6154
6155
6156
6157
6158
6159
6160
6161
6162
6163
6164
6165
6166
6182
6183
6184
6185
6186
6187
6188
6189
6190
6191
6192
6193
6194
6195
6196
6197
6212
6213
6214
6215
6216
6217
6218
6219
6220
6221
6222
6223
6224
6225
6226
6242
6243
6244
6245
6246
6247
6248
6249
6250
6251
6252
6253
6254
6255
6271
6272
6273
6274
6275
6276
6277
6278
6279
6280
6281
6282
6283
6299
6300
6301
6302
6303
6304
6305
6306
6307
6308
6309
6310
6326
6327
6328
6329
6330
6331
6332
6333
6334
6335
6336
6352
6353
6354
6355
6356
6357
6358
6359
6360
6361
6377
6378
6379
6380
6381
6382
6383
6384
6385
6386
6401
6402
6403
6404
6405
6406
6407
6408
6409
6410
6411
6424
6425
6426
6427
6428
6429
6430
6431
6432
6433
6434
6435
6446
6447
6448
6449
6450
6451
6452
6453
6454
6455
6456
6457
6458
6461
6467
6468
6469
6470
6471
6472
6473
6474
6475
6476
6477
6478
6479
6480
6481
6482
6483
6487
6488
6489
6490
6491
6492
6493
6494
6495
6496
6497
6498
6499
6500
6501
6502
6503
6506
6507
6508
6509
6510
6511
6512
6513
6514
6515
6516
6517
6518
6519
6520
6521
6522
6524
6525
6526
6527
6528
6529
6530
6531
6532
6533
6534
6535
6536
6537
6538
6539
6540
6541
6542
6543
6544
6545
6546
6547
6548
6549
6550
6551
6552
6553
6554
6555
6556
6557
6558
6559
6560
6561
6562
6563
6564
6565
6566
6567
6568
6569
6570
6571
6572
6573
6574
6575
6576
6577
6578
6579
6580
6581
6582
6583
6584
6585
6586
6587
6588
6589
6590
6591
6592
6593
6594
6595
6596
6597
6598
6599
6600
6601
6602
6603
6604
6605
6606
6607
6608
6609
6610
6611
6612
6613
6614
6615
6616
6617
6618
6619
6620
6622
6623
6624
6625
