11761
11762
11763
11764
11765
11766
11767
11768
11769
11770
11771
11772
11773
11774
11775
11776
11777
11778
11878
11879
11880
11881
11882
11883
11884
11885
11886
11887
11888
11889
11890
11891
11892
11893
11894
11895
11896
11933
11934
11935
11936
11937
11938
11939
11940
11941
11942
11943
11944
11945
11946
11947
11948
11949
11950
11987
11988
11989
11990
11991
11992
11993
11994
11995
11996
11997
11998
11999
12000
12001
12002
12003
12039
12040
12041
12042
12043
12044
12045
12046
12047
12048
12049
12050
12051
12052
12053
12054
12055
12091
12092
12093
12094
12095
12096
12097
12098
12099
12100
12101
12102
12103
12104
12107
12141
12142
12143
12144
12145
12146
12147
12148
12149
12150
12151
12152
12154
12155
12191
12192
12193
12194
12195
12196
12197
12198
12199
12200
12201
12202
12239
12240
12241
12242
12243
12244
12245
12246
12247
12248
12249
12250
12287
12288
12289
12290
12291
12292
12293
12294
12295
12296
12333
12334
12335
12336
12337
12338
12339
12340
12341
12342
12379
12380
12381
12382
12383
12384
12385
12386
12387
12424
12425
12426
12427
12428
12430
12431
12468
12469
12470
12471
12475
12511
12512
12513
14058
14099
14100
14101
14139
14140
14141
14142
14179
14180
14181
14182
14183
14218
14219
14220
14221
14222
14223
14224
14256
14257
14258
14259
14260
14261
14262
14263
14264
14265
14293
14294
14295
14296
14297
14298
14299
14300
14301
14302
14329
14330
14331
14332
14333
14334
14335
14336
14337
14338
14339
14364
14365
14366
14367
14368
14369
14370
14371
14372
14373
14374
14375
14398
14399
14400
14401
14402
14403
14404
14405
14406
14407
14408
14409
14432
14433
14434
14435
14436
14437
14438
14439
14440
14441
14442
14443
14465
14466
14467
14468
14469
14470
14471
14472
14473
14474
14475
14476
14497
14498
14499
14500
14501
14502
14503
14504
14505
14528
14529
14530
14531
14532
14533
14534
14558
14559
14560
14561
14562
14563
14587
14588
14589
14590
14591
14592
14593
14615
14616
14617
14618
14619
14620
14642
14643
14644
14645
14646
14647
14648
14668
14669
14670
14671
14672
14673
14693
14694
14695
14696
14697
14698
14717
14718
14719
14720
14721
14722
14740
14741
14742
14743
14744
14745
14762
14763
14764
14765
14766
14767
14783
14784
14785
14786
14787
14788
14803
14804
14805
14806
14807
14808
14822
14823
14824
14825
14840
14841
