9
117
118
119
120
121
122
123
124
176
177
178
179
180
1669
1670
1671
1678
1679
1680
1681
1686
1687
1688
1689
1690
1693
1694
1695
1696
1697
1700
1701
1702
1703
1704
1706
1707
1708
1709
1710
1711
1712
1713
1714
1715
1716
1717
1718
1719
1720
21489
21490
21491
21492
21493
21494
21545
21546
21547
21548
21549
21550
21551
21552
21553
21554
21555
21556
21557
21558
21559
21560
21561
21562
21563
21564
21565
21566
21567
21568
21569
21570
21571
21572
21573
21574
21575
21576
22668
22669
22670
22671
22672
22673
22674
22675
22698
22699
22700
22701
22702
22703
22704
22705
22726
22727
22728
22729
22730
22731
22732
22733
22734
22754
22755
22756
22757
22758
22759
22760
22761
22762
22781
22782
22783
22784
22785
22786
22787
22788
22789
22807
22808
22809
22810
22811
22812
22813
22814
22815
22832
22833
22834
22835
22836
22837
22838
22839
22840
22852
22853
22855
22856
22857
22858
22859
22860
22861
22862
22863
22864
22875
22876
22877
22878
22879
22880
22881
22882
22883
22884
22885
22886
22887
22897
22898
22899
22900
22901
22902
22903
22904
22905
22906
22907
22908
22909
22918
22919
22920
22921
22922
22923
22924
22925
22926
22927
22928
22929
22930
22941
22942
22943
22944
22945
22946
22947
22948
22949
22950
22962
22963
22964
22965
22966
22967
22968
22969
22981
22982
22983
22984
22985
22986
22987
22998
22999
23000
23001
23002
23003
23004
23016
23017
23018
23019
23020
23032
23033
23034
23035
23047
23048
23049
23060
23061
23062
23071
23072
23073
23074
23083
23084
23085
23093
23094
23095
23103
23104
23110
23111
23112
23115
23116
23117
23118
23119
23120
23121
23122
23123
23124
23125
23126
23127
23128
23129
23130
23131
23132
23133
23134
23135
23136
23137
23138
23139
23140
23194
23195
23196
23675
23676
23677
23719
23720
23721
23722
23723
23761
23762
23763
23764
23765
23766
23767
23805
23806
23807
23808
23809
23810
23811
23847
23848
23849
23850
23851
23852
23853
23889
23890
23891
23892
23893
23894
23929
23930
23931
23932
23933
23934
23935
23967
23968
23969
23970
23971
23972
23973
24005
24006
24007
24008
24009
24010
24011
24043
24044
24045
24046
24047
24048
24079
24080
24081
24082
24083
24084
24112
24113
24114
24115
24116
24117
24118
24119
24120
24143
24144
24145
24146
24147
24148
24149
24150
24151
24152
24153
24154
24176
24177
24178
24179
24180
24181
24182
24183
24184
24185
24186
24187
24188
24209
24210
24211
24212
24213
24214
24215
24216
24217
24218
24219
24220
24241
24242
24243
24244
24245
24246
24247
24248
24249
24250
24251
24252
24272
24273
24274
24275
24276
24277
24278
24279
24280
24281
24282
24302
24303
24304
24305
24306
24307
24308
24309
24310
24311
24312
24331
24332
24333
24334
24335
24336
24337
24338
24339
24340
24359
24360
24361
24362
24363
24364
24365
24366
24367
24368
24386
24387
24388
24389
24390
24391
24392
24393
24394
24412
24413
24414
24415
24416
24417
24418
24419
24420
24437
24438
24439
24440
24441
24442
24443
24444
24461
24462
24463
24464
24465
24466
24467
24468
24484
24485
24486
24487
24488
24489
24490
24506
24507
24508
24509
24510
24511
24512
24527
24528
24529
24530
24531
24532
24533
24547
24548
24549
24550
24551
24552
24566
24567
24568
24569
24570
24584
24585
24586
24587
24601
24602
24603
24604
24617
24618
24619
24620
24632
24633
24634
24646
24647
24648
24659
24660
24661
24671
24672
24682
24683
24692
24693
24701
24702
24709
24710
24716
24717
24722
24723
24727
24728
24731
24732
24733
24734
24735
24736
24737
24738
24792
24793
24846
24847
24899
24951
25002
25052
26327
26328
26329
26330
26331
26382
26383
26384
26385
26435
26436
26437
26438
26488
26489
26490
26541
