	KEY	NAME	RED	GREEN	BLUE	ALPHA	
	0	label-1	0.250	0.250	0.000	1.000	
	1	label-2	0.250	0.500	0.000	1.000	
	2	label-3	0.250	0.750	0.000	1.000	
	3	label-4	0.250	1.000	0.000	1.000	
	4	label-5	0.500	0.250	0.000	1.000	
	5	label-6	0.500	0.500	0.000	1.000	
	6	label-7	0.500	0.750	0.000	1.000	
	7	label-8	0.500	1.000	0.000	1.000	
	8	label-9	0.750	0.250	0.000	1.000	
	9	label-10	0.750	0.500	0.000	1.000	
	10	label-11	0.750	0.750	0.000	1.000	
	11	label-12	0.750	1.000	0.000	1.000	
	12	label-13	1.000	0.250	0.000	1.000	
	13	label-14	1.000	0.500	0.000	1.000	
	14	label-15	1.000	0.750	0.000	1.000	
	15	label-16	1.000	1.000	0.000	1.000	
	16	label-17	0.000	0.250	0.250	1.000	
	17	label-18	0.000	0.500	0.250	1.000	
	18	label-19	0.000	0.750	0.250	1.000	
	19	label-20	0.000	1.000	0.250	1.000	
	20	label-21	0.250	0.000	0.250	1.000	
	21	label-22	0.250	0.500	0.250	1.000	
	22	label-23	0.250	0.750	0.250	1.000	
	23	label-24	0.250	1.000	0.250	1.000	
	24	label-25	0.500	0.000	0.250	1.000	
	25	label-26	0.500	0.250	0.250	1.000	
	26	label-27	0.500	0.500	0.250	1.000	
	27	label-28	0.500	0.750	0.250	1.000	
	28	label-29	0.500	1.000	0.250	1.000	
	29	label-30	0.750	0.000	0.250	1.000	
	30	label-31	0.750	0.250	0.250	1.000	
	31	label-32	0.750	0.500	0.250	1.000	
	32	label-33	0.750	0.750	0.250	1.000	
	33	label-34	0.750	1.000	0.250	1.000	
	34	label-35	1.000	0.000	0.250	1.000	
	35	label-36	1.000	0.250	0.250	1.000	
	36	label-37	1.000	0.500	0.250	1.000	
	37	label-38	1.000	0.750	0.250	1.000	
	38	label-39	1.000	1.000	0.250	1.000	
	39	label-40	0.000	0.250	0.500	1.000	
	40	label-41	0.000	0.500	0.500	1.000	
	41	label-42	0.000	0.750	0.500	1.000	
	42	label-43	0.000	1.000	0.500	1.000	
	43	label-44	0.250	0.000	0.500	1.000	
	44	label-45	0.250	0.250	0.500	1.000	
	45	label-46	0.250	0.500	0.500	1.000	
	46	label-47	0.250	0.750	0.500	1.000	
	47	label-48	0.250	1.000	0.500	1.000	
	48	label-49	0.500	0.000	0.500	1.000	
	49	label-50	0.500	0.250	0.500	1.000	
	50	label-51	0.500	0.750	0.500	1.000	
	51	label-52	0.500	1.000	0.500	1.000	
	52	label-53	0.750	0.000	0.500	1.000	
	53	label-54	0.750	0.250	0.500	1.000	
	54	label-55	0.750	0.500	0.500	1.000	
	55	label-56	0.750	0.750	0.500	1.000	
	56	label-57	0.750	1.000	0.500	1.000	
	57	label-58	1.000	0.000	0.500	1.000	
	58	label-59	1.000	0.250	0.500	1.000	
	59	label-60	1.000	0.500	0.500	1.000	
	60	label-61	1.000	0.750	0.500	1.000	
	61	label-62	1.000	1.000	0.500	1.000	
	62	label-63	0.000	0.250	0.750	1.000	
	63	label-64	0.000	0.500	0.750	1.000	
	64	label-65	0.000	0.750	0.750	1.000	
	65	label-66	0.000	1.000	0.750	1.000	
	66	label-67	0.250	0.000	0.750	1.000	
	67	label-68	0.250	0.250	0.750	1.000	
	68	label-69	0.250	0.500	0.750	1.000	
	69	label-70	0.250	0.750	0.750	1.000	
	70	label-71	0.250	1.000	0.750	1.000	
	71	label-72	0.500	0.000	0.750	1.000	
	72	label-73	0.500	0.250	0.750	1.000	
	73	label-74	0.500	0.500	0.750	1.000	
	74	label-75	0.500	0.750	0.750	1.000	
	75	label-76	0.500	1.000	0.750	1.000	
	76	label-77	0.750	0.000	0.750	1.000	
	77	label-78	0.750	0.250	0.750	1.000	
	78	label-79	0.750	0.500	0.750	1.000	
	79	label-80	0.750	1.000	0.750	1.000	
	80	label-81	1.000	0.000	0.750	1.000	
	81	label-82	1.000	0.250	0.750	1.000	
	82	label-83	1.000	0.500	0.750	1.000	
	83	label-84	1.000	0.750	0.750	1.000	
	84	label-85	1.000	1.000	0.750	1.000	
	85	label-86	0.000	0.250	1.000	1.000	
	86	label-87	0.000	0.500	1.000	1.000	
	87	label-88	0.000	0.750	1.000	1.000	
	88	label-89	0.000	1.000	1.000	1.000	
	89	label-90	0.250	0.000	1.000	1.000	
	90	label-91	0.250	0.250	1.000	1.000	
	91	label-92	0.250	0.500	1.000	1.000	
	92	label-93	0.250	0.750	1.000	1.000	
	93	label-94	0.250	1.000	1.000	1.000	
	94	label-95	0.500	0.000	1.000	1.000	
	95	label-96	0.500	0.250	1.000	1.000	
	96	label-97	0.500	0.500	1.000	1.000	
	97	label-98	0.500	0.750	1.000	1.000	
	98	label-99	0.500	1.000	1.000	1.000	
	99	label-100	0.750	0.000	1.000	1.000	
	100	label-101	0.750	0.250	1.000	1.000	
	101	label-102	0.750	0.500	1.000	1.000	
	102	label-103	0.750	0.750	1.000	1.000	
	103	label-104	0.750	1.000	1.000	1.000	
	104	label-105	1.000	0.000	1.000	1.000	
	105	label-106	1.000	0.250	1.000	1.000	
	106	label-107	1.000	0.500	1.000	1.000	
	107	label-108	1.000	0.750	1.000	1.000	
	108	label-109	0.077	0.000	0.000	1.000	
	109	label-110	0.154	0.000	0.000	1.000	
	110	label-111	0.231	0.000	0.000	1.000	
	111	label-112	0.308	0.000	0.000	1.000	
	112	label-113	0.385	0.000	0.000	1.000	
	113	label-114	0.462	0.000	0.000	1.000	
	114	label-115	0.538	0.000	0.000	1.000	
	115	label-116	0.615	0.000	0.000	1.000	
	116	label-117	0.692	0.000	0.000	1.000	
	117	label-118	0.769	0.000	0.000	1.000	
	118	label-119	0.846	0.000	0.000	1.000	
	119	label-120	0.923	0.000	0.000	1.000	
	120	label-121	1.000	0.000	0.000	1.000	
	121	label-122	0.000	0.077	0.000	1.000	
	122	label-123	0.000	0.154	0.000	1.000	
	123	label-124	0.000	0.231	0.000	1.000	
	124	label-125	0.000	0.308	0.000	1.000	
	125	label-126	0.000	0.385	0.000	1.000	
	126	label-127	0.000	0.462	0.000	1.000	
	127	label-128	0.000	0.538	0.000	1.000	
	128	label-129	0.000	0.615	0.000	1.000	
	129	label-130	0.000	0.692	0.000	1.000	
	130	label-131	0.000	0.769	0.000	1.000	
	131	label-132	0.000	0.846	0.000	1.000	
	132	label-133	0.000	0.923	0.000	1.000	
	133	label-134	0.000	1.000	0.000	1.000	
	134	label-135	0.000	0.000	0.077	1.000	
	135	label-136	0.000	0.000	0.154	1.000	
	136	label-137	0.000	0.000	0.231	1.000	
	137	label-138	0.000	0.000	0.308	1.000	
	138	label-139	0.000	0.000	0.385	1.000	
	139	label-140	0.000	0.000	0.462	1.000	
	140	label-141	0.000	0.000	0.538	1.000	
	141	label-142	0.000	0.000	0.615	1.000	
	142	label-143	0.000	0.000	0.692	1.000	
	143	label-144	0.000	0.000	0.769	1.000	
	144	label-145	0.000	0.000	0.846	1.000	
	145	label-146	0.000	0.000	0.923	1.000	
	146	label-147	0.000	0.000	1.000	1.000	
	147	label-148	0.000	0.000	0.000	1.000	
	148	label-149	0.071	0.071	0.071	1.000	
	149	label-150	0.143	0.143	0.143	1.000	
	150	label-151	0.214	0.214	0.214	1.000	
	151	label-152	0.286	0.286	0.286	1.000	
	152	label-153	0.357	0.357	0.357	1.000	
	153	label-154	0.429	0.429	0.429	1.000	
	154	label-155	0.500	0.500	0.500	1.000	
	155	label-156	0.571	0.571	0.571	1.000	
	156	label-157	0.643	0.643	0.643	1.000	
	157	label-158	0.714	0.714	0.714	1.000	
	158	label-159	0.786	0.786	0.786	1.000	
	159	label-160	0.857	0.857	0.857	1.000	
	160	label-161	0.929	0.929	0.929	1.000	
	161	label-162	1.000	1.000	1.000	1.000	


